1653306779188 0.6363545656204224 0
1653306779208 0.6363545656204224 0
1653306786556 0.6336590647697449 1
1653306786577 0.6336590647697449 1
1653306794628 0.6215937733650208 2
1653306794647 0.6215937733650208 2
1653306800962 0.6091245412826538 3
1653306800980 0.6091245412826538 3
1653306807742 0.5875198245048523 4
1653306807760 0.5875198245048523 4
1653306815115 0.5532903075218201 5
1653306815134 0.5532903075218201 5
1653306821645 0.5218261480331421 6
1653306821663 0.5218261480331421 6
1653306828985 0.5193088054656982 7
1653306829007 0.5193088054656982 7
1653306835431 0.5082935690879822 8
1653306835450 0.5082935690879822 8
1653306842076 0.5057350993156433 9
1653306842094 0.5057350993156433 9
1653306849326 0.490694522857666 10
1653306849344 0.490694522857666 10
1653306856967 0.4951295852661133 11
1653306856986 0.4951295852661133 11
1653306863315 0.4826914966106415 12
1653306863334 0.4826914966106415 12
1653306869720 0.46261438727378845 13
1653306869739 0.46261438727378845 13
1653306876994 0.4678482115268707 14
1653306877013 0.4678482115268707 14
1653306884253 0.4607946276664734 15
1653306884273 0.4607946276664734 15
1653306892010 0.4742484390735626 16
1653306892030 0.4742484390735626 16
1653306898402 0.4571152627468109 17
1653306898425 0.4571152627468109 17
1653306905709 0.46481597423553467 18
1653306905728 0.46481597423553467 18
1653306912524 0.4438842833042145 19
1653306912542 0.4438842833042145 19
