1653306779188 0.5215891599655151 0
1653306779208 0.5215891599655151 0
1653306786556 0.5458554625511169 1
1653306786577 0.5458554625511169 1
1653306794628 0.60218346118927 2
1653306794647 0.60218346118927 2
1653306800962 0.664567768573761 3
1653306800980 0.664567768573761 3
1653306807742 0.691460132598877 4
1653306807760 0.691460132598877 4
1653306815115 0.7409733533859253 5
1653306815134 0.7409733533859253 5
1653306821645 0.7717052102088928 6
1653306821663 0.7717052102088928 6
1653306828985 0.7758537530899048 7
1653306829007 0.7758537530899048 7
1653306835431 0.7817458510398865 8
1653306835450 0.7817458510398865 8
1653306842076 0.7797983884811401 9
1653306842094 0.7797983884811401 9
1653306849326 0.8012039661407471 10
1653306849344 0.8012039661407471 10
1653306856967 0.7890111804008484 11
1653306856986 0.7890111804008484 11
1653306863315 0.8056538701057434 12
1653306863334 0.8056538701057434 12
1653306869720 0.822754442691803 13
1653306869739 0.822754442691803 13
1653306876994 0.8155203461647034 14
1653306877013 0.8155203461647034 14
1653306884253 0.812081515789032 15
1653306884273 0.812081515789032 15
1653306892010 0.8095748424530029 16
1653306892030 0.8095748424530029 16
1653306898402 0.8205546736717224 17
1653306898425 0.8205546736717224 17
1653306905709 0.8189799189567566 18
1653306905728 0.8189799189567566 18
1653306912524 0.8335740566253662 19
1653306912542 0.8335740566253662 19
