1653306779188 0.4502926766872406 0
1653306779208 0.4502926766872406 0
1653306786556 0.4246852993965149 1
1653306786577 0.4246852993965149 1
1653306794628 0.3622775673866272 2
1653306794647 0.3622775673866272 2
1653306800962 0.36310306191444397 3
1653306800980 0.36310306191444397 3
1653306807742 0.31565600633621216 4
1653306807760 0.31565600633621216 4
1653306815115 0.2929118871688843 5
1653306815134 0.2929118871688843 5
1653306821645 0.26908397674560547 6
1653306821663 0.26908397674560547 6
1653306828985 0.2631980776786804 7
1653306829007 0.2631980776786804 7
1653306835431 0.24095304310321808 8
1653306835450 0.24095304310321808 8
1653306842076 0.2518458366394043 9
1653306842094 0.2518458366394043 9
1653306849326 0.20590533316135406 10
1653306849344 0.20590533316135406 10
1653306856967 0.2492155134677887 11
1653306856986 0.2492155134677887 11
1653306863315 0.20433837175369263 12
1653306863334 0.20433837175369263 12
1653306869720 0.19653552770614624 13
1653306869739 0.19653552770614624 13
1653306876994 0.21219034492969513 14
1653306877013 0.21219034492969513 14
1653306884253 0.18588946759700775 15
1653306884273 0.18588946759700775 15
1653306892010 0.18430982530117035 16
1653306892030 0.18430982530117035 16
1653306898402 0.1835927665233612 17
1653306898425 0.1835927665233612 17
1653306905709 0.16675354540348053 18
1653306905728 0.16675354540348053 18
1653306912524 0.16981633007526398 19
1653306912542 0.16981633007526398 19
