1653306779188 1.1264772415161133 0
1653306779208 1.1264772415161133 0
1653306786556 1.1391085386276245 1
1653306786577 1.1391085386276245 1
1653306794628 1.0644075870513916 2
1653306794647 1.0644075870513916 2
1653306800962 1.3123706579208374 3
1653306800980 1.3123706579208374 3
1653306807742 1.050616979598999 4
1653306807760 1.050616979598999 4
1653306815115 1.053242564201355 5
1653306815134 1.053242564201355 5
1653306821645 0.9989625811576843 6
1653306821663 0.9989625811576843 6
1653306828985 0.9694919586181641 7
1653306829007 0.9694919586181641 7
1653306835431 0.7729196548461914 8
1653306835450 0.7729196548461914 8
1653306842076 0.9341893792152405 9
1653306842094 0.9341893792152405 9
1653306849326 0.49736037850379944 10
1653306849344 0.49736037850379944 10
1653306856967 0.9832125902175903 11
1653306856986 0.9832125902175903 11
1653306863315 0.5233609676361084 12
1653306863334 0.5233609676361084 12
1653306869720 0.5121920108795166 13
1653306869739 0.5121920108795166 13
1653306876994 0.7111079692840576 14
1653306877013 0.7111079692840576 14
1653306884253 0.4207928478717804 15
1653306884273 0.4207928478717804 15
1653306892010 0.4268554151058197 16
1653306892030 0.4268554151058197 16
1653306898402 0.4494272768497467 17
1653306898425 0.4494272768497467 17
1653306905709 0.2526814639568329 18
1653306905728 0.2526814639568329 18
1653306912524 0.3381722867488861 19
1653306912542 0.3381722867488861 19
