1653306779188 0.24963288009166718 0
1653306779208 0.24963288009166718 0
1653306786556 0.20714478194713593 1
1653306786577 0.20714478194713593 1
1653306794628 0.1410435438156128 2
1653306794647 0.1410435438156128 2
1653306800962 0.12064380943775177 3
1653306800980 0.12064380943775177 3
1653306807742 0.09823961555957794 4
1653306807760 0.09823961555957794 4
1653306815115 0.08768933266401291 5
1653306815134 0.08768933266401291 5
1653306821645 0.06614487618207932 6
1653306821663 0.06614487618207932 6
1653306828985 0.05626078322529793 7
1653306829007 0.05626078322529793 7
1653306835431 0.05955252796411514 8
1653306835450 0.05955252796411514 8
1653306842076 0.052686743438243866 9
1653306842094 0.052686743438243866 9
1653306849326 0.05822109058499336 10
1653306849344 0.05822109058499336 10
1653306856967 0.05399308353662491 11
1653306856986 0.05399308353662491 11
1653306863315 0.045263733714818954 12
1653306863334 0.045263733714818954 12
1653306869720 0.04954506829380989 13
1653306869739 0.04954506829380989 13
1653306876994 0.04110464081168175 14
1653306877013 0.04110464081168175 14
1653306884253 0.04790845140814781 15
1653306884273 0.04790845140814781 15
1653306892010 0.04251373931765556 16
1653306892030 0.04251373931765556 16
1653306898402 0.042602766305208206 17
1653306898425 0.042602766305208206 17
1653306905709 0.0454300157725811 18
1653306905728 0.0454300157725811 18
1653306912524 0.04443906620144844 19
1653306912542 0.04443906620144844 19
