1653306779188 0.8844712376594543 0
1653306779208 0.8844712376594543 0
1653306786556 0.8257817029953003 1
1653306786577 0.8257817029953003 1
1653306794628 0.7306147217750549 2
1653306794647 0.7306147217750549 2
1653306800962 0.646331787109375 3
1653306800980 0.646331787109375 3
1653306807742 0.5926255583763123 4
1653306807760 0.5926255583763123 4
1653306815115 0.510032057762146 5
1653306815134 0.510032057762146 5
1653306821645 0.4805350601673126 6
1653306821663 0.4805350601673126 6
1653306828985 0.45685023069381714 7
1653306829007 0.45685023069381714 7
1653306835431 0.44937968254089355 8
1653306835450 0.44937968254089355 8
1653306842076 0.45737579464912415 9
1653306842094 0.45737579464912415 9
1653306849326 0.42517125606536865 10
1653306849344 0.42517125606536865 10
1653306856967 0.4293285608291626 11
1653306856986 0.4293285608291626 11
1653306863315 0.43175002932548523 12
1653306863334 0.43175002932548523 12
1653306869720 0.4019336998462677 13
1653306869739 0.4019336998462677 13
1653306876994 0.4084198474884033 14
1653306877013 0.4084198474884033 14
1653306884253 0.40948164463043213 15
1653306884273 0.40948164463043213 15
1653306892010 0.4110316336154938 16
1653306892030 0.4110316336154938 16
1653306898402 0.40232330560684204 17
1653306898425 0.40232330560684204 17
1653306905709 0.4030471444129944 18
1653306905728 0.4030471444129944 18
1653306912524 0.3740744888782501 19
1653306912542 0.3740744888782501 19
