1653306779188 0.07676471024751663 0
1653306779208 0.07676471024751663 0
1653306786556 0.06506215780973434 1
1653306786577 0.06506215780973434 1
1653306794628 0.03965972736477852 2
1653306794647 0.03965972736477852 2
1653306800962 0.041305460035800934 3
1653306800980 0.041305460035800934 3
1653306807742 0.03498225659132004 4
1653306807760 0.03498225659132004 4
1653306815115 0.027366584166884422 5
1653306815134 0.027366584166884422 5
1653306821645 0.022909963503479958 6
1653306821663 0.022909963503479958 6
1653306828985 0.031798575073480606 7
1653306829007 0.031798575073480606 7
1653306835431 0.024850688874721527 8
1653306835450 0.024850688874721527 8
1653306842076 0.02535283751785755 9
1653306842094 0.02535283751785755 9
1653306849326 0.019324632361531258 10
1653306849344 0.019324632361531258 10
1653306856967 0.02261030487716198 11
1653306856986 0.02261030487716198 11
1653306863315 0.02098504640161991 12
1653306863334 0.02098504640161991 12
1653306869720 0.015987828373908997 13
1653306869739 0.015987828373908997 13
1653306876994 0.01884314976632595 14
1653306877013 0.01884314976632595 14
1653306884253 0.017323948442935944 15
1653306884273 0.017323948442935944 15
1653306892010 0.01660088822245598 16
1653306892030 0.01660088822245598 16
1653306898402 0.016227511689066887 17
1653306898425 0.016227511689066887 17
1653306905709 0.016166863963007927 18
1653306905728 0.016166863963007927 18
1653306912524 0.014919848181307316 19
1653306912542 0.014919848181307316 19
