1653306779188 0.4596050977706909 0
1653306779208 0.4596050977706909 0
1653306786556 0.42913269996643066 1
1653306786577 0.42913269996643066 1
1653306794628 0.3279697000980377 2
1653306794647 0.3279697000980377 2
1653306800962 0.2976638376712799 3
1653306800980 0.2976638376712799 3
1653306807742 0.26280203461647034 4
1653306807760 0.26280203461647034 4
1653306815115 0.23958976566791534 5
1653306815134 0.23958976566791534 5
1653306821645 0.21055322885513306 6
1653306821663 0.21055322885513306 6
1653306828985 0.21217602491378784 7
1653306829007 0.21217602491378784 7
1653306835431 0.20848143100738525 8
1653306835450 0.20848143100738525 8
1653306842076 0.19007296860218048 9
1653306842094 0.19007296860218048 9
1653306849326 0.1955888420343399 10
1653306849344 0.1955888420343399 10
1653306856967 0.1789398491382599 11
1653306856986 0.1789398491382599 11
1653306863315 0.18792834877967834 12
1653306863334 0.18792834877967834 12
1653306869720 0.18435508012771606 13
1653306869739 0.18435508012771606 13
1653306876994 0.16825376451015472 14
1653306877013 0.16825376451015472 14
1653306884253 0.17021586000919342 15
1653306884273 0.17021586000919342 15
1653306892010 0.15917648375034332 16
1653306892030 0.15917648375034332 16
1653306898402 0.15908809006214142 17
1653306898425 0.15908809006214142 17
1653306905709 0.16032768785953522 18
1653306905728 0.16032768785953522 18
1653306912524 0.1669563353061676 19
1653306912542 0.1669563353061676 19
