1653297095686 0.6404077410697937 0
1653297095703 0.6404077410697937 0
1653297103385 0.6334503293037415 1
1653297103403 0.6334503293037415 1
1653297111440 0.6293189525604248 2
1653297111456 0.6293189525604248 2
1653297118199 0.6242527961730957 3
1653297118214 0.6242527961730957 3
1653297125586 0.6146731376647949 4
1653297125601 0.6146731376647949 4
1653297132862 0.6175420880317688 5
1653297132880 0.6175420880317688 5
1653297140673 0.6069861054420471 6
1653297140690 0.6069861054420471 6
1653297148298 0.5916231274604797 7
1653297148315 0.5916231274604797 7
1653297154590 0.6048634648323059 8
1653297154605 0.6048634648323059 8
1653297161949 0.5794610977172852 9
1653297161968 0.5794610977172852 9
1653297168508 0.5881425738334656 10
1653297168524 0.5881425738334656 10
1653297176571 0.5809587836265564 11
1653297176588 0.5809587836265564 11
1653297183329 0.5674329400062561 12
1653297183345 0.5674329400062561 12
1653297190046 0.5910608172416687 13
1653297190061 0.5910608172416687 13
1653297196380 0.5783575773239136 14
1653297196395 0.5783575773239136 14
1653297204042 0.5554176568984985 15
1653297204059 0.5554176568984985 15
1653297210881 0.5579114556312561 16
1653297210897 0.5579114556312561 16
1653297218167 0.546843945980072 17
1653297218184 0.546843945980072 17
1653297225589 0.5433363914489746 18
1653297225612 0.5433363914489746 18
1653297232397 0.5557993054389954 19
1653297232413 0.5557993054389954 19
