1653297095686 0.49992525577545166 0
1653297095703 0.49992525577545166 0
1653297103385 0.5468299984931946 1
1653297103403 0.5468299984931946 1
1653297111440 0.5560327768325806 2
1653297111456 0.5560327768325806 2
1653297118199 0.5997455716133118 3
1653297118214 0.5997455716133118 3
1653297125586 0.6153064370155334 4
1653297125601 0.6153064370155334 4
1653297132862 0.630096971988678 5
1653297132880 0.630096971988678 5
1653297140673 0.6360462307929993 6
1653297140690 0.6360462307929993 6
1653297148298 0.6692522168159485 7
1653297148315 0.6692522168159485 7
1653297154590 0.6682140827178955 8
1653297154605 0.6682140827178955 8
1653297161949 0.6872870922088623 9
1653297161968 0.6872870922088623 9
1653297168508 0.679129958152771 10
1653297168524 0.679129958152771 10
1653297176571 0.6990728974342346 11
1653297176588 0.6990728974342346 11
1653297183329 0.7102278470993042 12
1653297183345 0.7102278470993042 12
1653297190046 0.6839174032211304 13
1653297190061 0.6839174032211304 13
1653297196380 0.702156662940979 14
1653297196395 0.702156662940979 14
1653297204042 0.7409313321113586 15
1653297204059 0.7409313321113586 15
1653297210881 0.7412847280502319 16
1653297210897 0.7412847280502319 16
1653297218167 0.740053117275238 17
1653297218184 0.740053117275238 17
1653297225589 0.7480053305625916 18
1653297225612 0.7480053305625916 18
1653297232397 0.7329410314559937 19
1653297232413 0.7329410314559937 19
