1653297095686 0.2929648458957672 0
1653297095703 0.2929648458957672 0
1653297103385 0.29178184270858765 1
1653297103403 0.29178184270858765 1
1653297111440 0.2919222116470337 2
1653297111456 0.2919222116470337 2
1653297118199 0.2854284346103668 3
1653297118214 0.2854284346103668 3
1653297125586 0.2811662554740906 4
1653297125601 0.2811662554740906 4
1653297132862 0.2768876254558563 5
1653297132880 0.2768876254558563 5
1653297140673 0.2730831801891327 6
1653297140690 0.2730831801891327 6
1653297148298 0.26946359872817993 7
1653297148315 0.26946359872817993 7
1653297154590 0.2611294090747833 8
1653297154605 0.2611294090747833 8
1653297161949 0.26107311248779297 9
1653297161968 0.26107311248779297 9
1653297168508 0.26326364278793335 10
1653297168524 0.26326364278793335 10
1653297176571 0.2538596987724304 11
1653297176588 0.2538596987724304 11
1653297183329 0.2501217722892761 12
1653297183345 0.2501217722892761 12
1653297190046 0.2579832375049591 13
1653297190061 0.2579832375049591 13
1653297196380 0.2597987651824951 14
1653297196395 0.2597987651824951 14
1653297204042 0.2458430975675583 15
1653297204059 0.2458430975675583 15
1653297210881 0.2425854206085205 16
1653297210897 0.2425854206085205 16
1653297218167 0.23990552127361298 17
1653297218184 0.23990552127361298 17
1653297225589 0.23641996085643768 18
1653297225612 0.23641996085643768 18
1653297232397 0.24095003306865692 19
1653297232413 0.24095003306865692 19
