1653297095686 0.09871111810207367 0
1653297095703 0.09871111810207367 0
1653297103385 0.09939351677894592 1
1653297103403 0.09939351677894592 1
1653297111440 0.09769569337368011 2
1653297111456 0.09769569337368011 2
1653297118199 0.0986219048500061 3
1653297118214 0.0986219048500061 3
1653297125586 0.09335703402757645 4
1653297125601 0.09335703402757645 4
1653297132862 0.08812198042869568 5
1653297132880 0.08812198042869568 5
1653297140673 0.08952212333679199 6
1653297140690 0.08952212333679199 6
1653297148298 0.08882062882184982 7
1653297148315 0.08882062882184982 7
1653297154590 0.07861794531345367 8
1653297154605 0.07861794531345367 8
1653297161949 0.0807483047246933 9
1653297161968 0.0807483047246933 9
1653297168508 0.08580666780471802 10
1653297168524 0.08580666780471802 10
1653297176571 0.0698537677526474 11
1653297176588 0.0698537677526474 11
1653297183329 0.07717131078243256 12
1653297183345 0.07717131078243256 12
1653297190046 0.07730720937252045 13
1653297190061 0.07730720937252045 13
1653297196380 0.07245248556137085 14
1653297196395 0.07245248556137085 14
1653297204042 0.0684061273932457 15
1653297204059 0.0684061273932457 15
1653297210881 0.06943578273057938 16
1653297210897 0.06943578273057938 16
1653297218167 0.06379732489585876 17
1653297218184 0.06379732489585876 17
1653297225589 0.06043624132871628 18
1653297225612 0.06043624132871628 18
1653297232397 0.07129766047000885 19
1653297232413 0.07129766047000885 19
