1653297095686 0.6715951561927795 0
1653297095703 0.6715951561927795 0
1653297103385 0.673279881477356 1
1653297103403 0.673279881477356 1
1653297111440 0.6700672507286072 2
1653297111456 0.6700672507286072 2
1653297118199 0.6433643698692322 3
1653297118214 0.6433643698692322 3
1653297125586 0.6254457831382751 4
1653297125601 0.6254457831382751 4
1653297132862 0.6174659132957458 5
1653297132880 0.6174659132957458 5
1653297140673 0.6035007238388062 6
1653297140690 0.6035007238388062 6
1653297148298 0.5788519382476807 7
1653297148315 0.5788519382476807 7
1653297154590 0.5516112446784973 8
1653297154605 0.5516112446784973 8
1653297161949 0.5763232707977295 9
1653297161968 0.5763232707977295 9
1653297168508 0.5542963743209839 10
1653297168524 0.5542963743209839 10
1653297176571 0.5426738262176514 11
1653297176588 0.5426738262176514 11
1653297183329 0.5310279726982117 12
1653297183345 0.5310279726982117 12
1653297190046 0.5524454712867737 13
1653297190061 0.5524454712867737 13
1653297196380 0.5733908414840698 14
1653297196395 0.5733908414840698 14
1653297204042 0.5143659710884094 15
1653297204059 0.5143659710884094 15
1653297210881 0.5052246451377869 16
1653297210897 0.5052246451377869 16
1653297218167 0.49036991596221924 17
1653297218184 0.49036991596221924 17
1653297225589 0.49094974994659424 18
1653297225612 0.49094974994659424 18
1653297232397 0.5039578080177307 19
1653297232413 0.5039578080177307 19
