1653297095686 0.03005925752222538 0
1653297095703 0.03005925752222538 0
1653297103385 0.027774810791015625 1
1653297103403 0.027774810791015625 1
1653297111440 0.027953771874308586 2
1653297111456 0.027953771874308586 2
1653297118199 0.029600273817777634 3
1653297118214 0.029600273817777634 3
1653297125586 0.029066503047943115 4
1653297125601 0.029066503047943115 4
1653297132862 0.02685518190264702 5
1653297132880 0.02685518190264702 5
1653297140673 0.025621386244893074 6
1653297140690 0.025621386244893074 6
1653297148298 0.028623094782233238 7
1653297148315 0.028623094782233238 7
1653297154590 0.025137366726994514 8
1653297154605 0.025137366726994514 8
1653297161949 0.026697324588894844 9
1653297161968 0.026697324588894844 9
1653297168508 0.025880172848701477 10
1653297168524 0.025880172848701477 10
1653297176571 0.02276916429400444 11
1653297176588 0.02276916429400444 11
1653297183329 0.02254517935216427 12
1653297183345 0.02254517935216427 12
1653297190046 0.021051108837127686 13
1653297190061 0.021051108837127686 13
1653297196380 0.027825606986880302 14
1653297196395 0.027825606986880302 14
1653297204042 0.023153236135840416 15
1653297204059 0.023153236135840416 15
1653297210881 0.02143806591629982 16
1653297210897 0.02143806591629982 16
1653297218167 0.02219986915588379 17
1653297218184 0.02219986915588379 17
1653297225589 0.0200138371437788 18
1653297225612 0.0200138371437788 18
1653297232397 0.02067156694829464 19
1653297232413 0.02067156694829464 19
