1653297095686 0.24670374393463135 0
1653297095703 0.24670374393463135 0
1653297103385 0.24531425535678864 1
1653297103403 0.24531425535678864 1
1653297111440 0.2527146339416504 2
1653297111456 0.2527146339416504 2
1653297118199 0.2390742301940918 3
1653297118214 0.2390742301940918 3
1653297125586 0.24545583128929138 4
1653297125601 0.24545583128929138 4
1653297132862 0.24130773544311523 5
1653297132880 0.24130773544311523 5
1653297140673 0.23800057172775269 6
1653297140690 0.23800057172775269 6
1653297148298 0.24397799372673035 7
1653297148315 0.24397799372673035 7
1653297154590 0.22970817983150482 8
1653297154605 0.22970817983150482 8
1653297161949 0.22216980159282684 9
1653297161968 0.22216980159282684 9
1653297168508 0.2395137995481491 10
1653297168524 0.2395137995481491 10
1653297176571 0.22681483626365662 11
1653297176588 0.22681483626365662 11
1653297183329 0.21486061811447144 12
1653297183345 0.21486061811447144 12
1653297190046 0.22997860610485077 13
1653297190061 0.22997860610485077 13
1653297196380 0.22806239128112793 14
1653297196395 0.22806239128112793 14
1653297204042 0.21946141123771667 15
1653297204059 0.21946141123771667 15
1653297210881 0.20906296372413635 16
1653297210897 0.20906296372413635 16
1653297218167 0.21677470207214355 17
1653297218184 0.21677470207214355 17
1653297225589 0.2074110358953476 18
1653297225612 0.2074110358953476 18
1653297232397 0.20123955607414246 19
1653297232413 0.20123955607414246 19
