1653297095686 0.6930345892906189 0
1653297095703 0.6930345892906189 0
1653297103385 0.6923732757568359 1
1653297103403 0.6923732757568359 1
1653297111440 0.6906598210334778 2
1653297111456 0.6906598210334778 2
1653297118199 0.6858923435211182 3
1653297118214 0.6858923435211182 3
1653297125586 0.676203727722168 4
1653297125601 0.676203727722168 4
1653297132862 0.6665427684783936 5
1653297132880 0.6665427684783936 5
1653297140673 0.6628722548484802 6
1653297140690 0.6628722548484802 6
1653297148298 0.6553283929824829 7
1653297148315 0.6553283929824829 7
1653297154590 0.6559231877326965 8
1653297154605 0.6559231877326965 8
1653297161949 0.6528299450874329 9
1653297161968 0.6528299450874329 9
1653297168508 0.6512244939804077 10
1653297168524 0.6512244939804077 10
1653297176571 0.6491596698760986 11
1653297176588 0.6491596698760986 11
1653297183329 0.6467635035514832 12
1653297183345 0.6467635035514832 12
1653297190046 0.6486828923225403 13
1653297190061 0.6486828923225403 13
1653297196380 0.6496798992156982 14
1653297196395 0.6496798992156982 14
1653297204042 0.6469709873199463 15
1653297204059 0.6469709873199463 15
1653297210881 0.6464176177978516 16
1653297210897 0.6464176177978516 16
1653297218167 0.6454529166221619 17
1653297218184 0.6454529166221619 17
1653297225589 0.6449295878410339 18
1653297225612 0.6449295878410339 18
1653297232397 0.6467723846435547 19
1653297232413 0.6467723846435547 19
