1653295578040 0.5304781198501587 0
1653295578056 0.5304781198501587 0
1653295584603 0.567717969417572 1
1653295584618 0.567717969417572 1
1653295592052 0.5939573049545288 2
1653295592068 0.5939573049545288 2
1653295598761 0.6625989079475403 3
1653295598777 0.6625989079475403 3
1653295606396 0.7011942267417908 4
1653295606411 0.7011942267417908 4
1653295613645 0.7261883616447449 5
1653295613661 0.7261883616447449 5
1653295621112 0.7701687812805176 6
1653295621128 0.7701687812805176 6
1653295628409 0.7804512977600098 7
1653295628424 0.7804512977600098 7
1653295634905 0.7870186567306519 8
1653295634919 0.7870186567306519 8
1653295642502 0.7929478287696838 9
1653295642518 0.7929478287696838 9
1653295649738 0.8038032054901123 10
1653295649757 0.8038032054901123 10
1653295657736 0.8049490451812744 11
1653295657752 0.8049490451812744 11
1653295664159 0.8071541786193848 12
1653295664174 0.8071541786193848 12
1653295670650 0.8120782971382141 13
1653295670668 0.8120782971382141 13
1653295677938 0.8291104435920715 14
1653295677958 0.8291104435920715 14
1653295685253 0.826650083065033 15
1653295685269 0.826650083065033 15
1653295691961 0.8232030272483826 16
1653295691976 0.8232030272483826 16
1653295699191 0.8197662830352783 17
1653295699207 0.8197662830352783 17
1653295706425 0.8201696276664734 18
1653295706441 0.8201696276664734 18
1653295714161 0.8366554975509644 19
1653295714177 0.8366554975509644 19
