1653295578040 0.6383960247039795 0
1653295578056 0.6383960247039795 0
1653295584603 0.6269813179969788 1
1653295584618 0.6269813179969788 1
1653295592052 0.6243777275085449 2
1653295592068 0.6243777275085449 2
1653295598761 0.6069391965866089 3
1653295598777 0.6069391965866089 3
1653295606396 0.5806876420974731 4
1653295606411 0.5806876420974731 4
1653295613645 0.5648370981216431 5
1653295613661 0.5648370981216431 5
1653295621112 0.522912323474884 6
1653295621128 0.522912323474884 6
1653295628409 0.514399528503418 7
1653295628424 0.514399528503418 7
1653295634905 0.5038298964500427 8
1653295634919 0.5038298964500427 8
1653295642502 0.4952632188796997 9
1653295642518 0.4952632188796997 9
1653295649738 0.4845554530620575 10
1653295649757 0.4845554530620575 10
1653295657736 0.48297545313835144 11
1653295657752 0.48297545313835144 11
1653295664159 0.47726181149482727 12
1653295664174 0.47726181149482727 12
1653295670650 0.4712807238101959 13
1653295670668 0.4712807238101959 13
1653295677938 0.4553692042827606 14
1653295677958 0.4553692042827606 14
1653295685253 0.46181198954582214 15
1653295685269 0.46181198954582214 15
1653295691961 0.45417532324790955 16
1653295691976 0.45417532324790955 16
1653295699191 0.46761780977249146 17
1653295699207 0.46761780977249146 17
1653295706425 0.46072015166282654 18
1653295706441 0.46072015166282654 18
1653295714161 0.44452881813049316 19
1653295714177 0.44452881813049316 19
