1653295578040 0.22624962031841278 0
1653295578056 0.22624962031841278 0
1653295584603 0.22197502851486206 1
1653295584618 0.22197502851486206 1
1653295592052 0.2222202569246292 2
1653295592068 0.2222202569246292 2
1653295598761 0.21040737628936768 3
1653295598777 0.21040737628936768 3
1653295606396 0.19130635261535645 4
1653295606411 0.19130635261535645 4
1653295613645 0.17808304727077484 5
1653295613661 0.17808304727077484 5
1653295621112 0.15470577776432037 6
1653295621128 0.15470577776432037 6
1653295628409 0.1547844111919403 7
1653295628424 0.1547844111919403 7
1653295634905 0.14911584556102753 8
1653295634919 0.14911584556102753 8
1653295642502 0.14459992945194244 9
1653295642518 0.14459992945194244 9
1653295649738 0.13844481110572815 10
1653295649757 0.13844481110572815 10
1653295657736 0.13738204538822174 11
1653295657752 0.13738204538822174 11
1653295664159 0.13421860337257385 12
1653295664174 0.13421860337257385 12
1653295670650 0.13358154892921448 13
1653295670668 0.13358154892921448 13
1653295677938 0.1292424350976944 14
1653295677958 0.1292424350976944 14
1653295685253 0.12494952231645584 15
1653295685269 0.12494952231645584 15
1653295691961 0.1229647547006607 16
1653295691976 0.1229647547006607 16
1653295699191 0.127198725938797 17
1653295699207 0.127198725938797 17
1653295706425 0.12214584648609161 18
1653295706441 0.12214584648609161 18
1653295714161 0.11871816962957382 19
1653295714177 0.11871816962957382 19
