1653295578040 0.10024293512105942 0
1653295578056 0.10024293512105942 0
1653295584603 0.09237641096115112 1
1653295584618 0.09237641096115112 1
1653295592052 0.09361282736063004 2
1653295592068 0.09361282736063004 2
1653295598761 0.10142827033996582 3
1653295598777 0.10142827033996582 3
1653295606396 0.09488232433795929 4
1653295606411 0.09488232433795929 4
1653295613645 0.08582549542188644 5
1653295613661 0.08582549542188644 5
1653295621112 0.07078634947538376 6
1653295621128 0.07078634947538376 6
1653295628409 0.05796016752719879 7
1653295628424 0.05796016752719879 7
1653295634905 0.05532772094011307 8
1653295634919 0.05532772094011307 8
1653295642502 0.058675434440374374 9
1653295642518 0.058675434440374374 9
1653295649738 0.04644487798213959 10
1653295649757 0.04644487798213959 10
1653295657736 0.049793556332588196 11
1653295657752 0.049793556332588196 11
1653295664159 0.048763178288936615 12
1653295664174 0.048763178288936615 12
1653295670650 0.044153787195682526 13
1653295670668 0.044153787195682526 13
1653295677938 0.04451523348689079 14
1653295677958 0.04451523348689079 14
1653295685253 0.04040239751338959 15
1653295685269 0.04040239751338959 15
1653295691961 0.04476664215326309 16
1653295691976 0.04476664215326309 16
1653295699191 0.04533709958195686 17
1653295699207 0.04533709958195686 17
1653295706425 0.037497662007808685 18
1653295706441 0.037497662007808685 18
1653295714161 0.036891236901283264 19
1653295714177 0.036891236901283264 19
