1653295578040 0.6719306111335754 0
1653295578056 0.6719306111335754 0
1653295584603 0.6520071029663086 1
1653295584618 0.6520071029663086 1
1653295592052 0.6554076075553894 2
1653295592068 0.6554076075553894 2
1653295598761 0.6172677874565125 3
1653295598777 0.6172677874565125 3
1653295606396 0.5423298478126526 4
1653295606411 0.5423298478126526 4
1653295613645 0.5225258469581604 5
1653295613661 0.5225258469581604 5
1653295621112 0.45253637433052063 6
1653295621128 0.45253637433052063 6
1653295628409 0.47522225975990295 7
1653295628424 0.47522225975990295 7
1653295634905 0.4442823827266693 8
1653295634919 0.4442823827266693 8
1653295642502 0.432471364736557 9
1653295642518 0.432471364736557 9
1653295649738 0.42441514134407043 10
1653295649757 0.42441514134407043 10
1653295657736 0.43194255232810974 11
1653295657752 0.43194255232810974 11
1653295664159 0.41582146286964417 12
1653295664174 0.41582146286964417 12
1653295670650 0.4202146828174591 13
1653295670668 0.4202146828174591 13
1653295677938 0.38900598883628845 14
1653295677958 0.38900598883628845 14
1653295685253 0.3928544223308563 15
1653295685269 0.3928544223308563 15
1653295691961 0.37802061438560486 16
1653295691976 0.37802061438560486 16
1653295699191 0.41657018661499023 17
1653295699207 0.41657018661499023 17
1653295706425 0.3824836015701294 18
1653295706441 0.3824836015701294 18
1653295714161 0.38141000270843506 19
1653295714177 0.38141000270843506 19
