1653295578040 0.02913179062306881 0
1653295578056 0.02913179062306881 0
1653295584603 0.027379386126995087 1
1653295584618 0.027379386126995087 1
1653295592052 0.027019517496228218 2
1653295592068 0.027019517496228218 2
1653295598761 0.028983714058995247 3
1653295598777 0.028983714058995247 3
1653295606396 0.02461206167936325 4
1653295606411 0.02461206167936325 4
1653295613645 0.029420169070363045 5
1653295613661 0.029420169070363045 5
1653295621112 0.022968702018260956 6
1653295621128 0.022968702018260956 6
1653295628409 0.021583406254649162 7
1653295628424 0.021583406254649162 7
1653295634905 0.020651213824748993 8
1653295634919 0.020651213824748993 8
1653295642502 0.02199898473918438 9
1653295642518 0.02199898473918438 9
1653295649738 0.015271434560418129 10
1653295649757 0.015271434560418129 10
1653295657736 0.015939535573124886 11
1653295657752 0.015939535573124886 11
1653295664159 0.013225668109953403 12
1653295664174 0.013225668109953403 12
1653295670650 0.012852069921791553 13
1653295670668 0.012852069921791553 13
1653295677938 0.013479583896696568 14
1653295677958 0.013479583896696568 14
1653295685253 0.01298848818987608 15
1653295685269 0.01298848818987608 15
1653295691961 0.011378218419849873 16
1653295691976 0.011378218419849873 16
1653295699191 0.01023652870208025 17
1653295699207 0.01023652870208025 17
1653295706425 0.00987587682902813 18
1653295706441 0.00987587682902813 18
1653295714161 0.009392937645316124 19
1653295714177 0.009392937645316124 19
