1653295578040 0.24573355913162231 0
1653295578056 0.24573355913162231 0
1653295584603 0.245700865983963 1
1653295584618 0.245700865983963 1
1653295592052 0.25105398893356323 2
1653295592068 0.25105398893356323 2
1653295598761 0.22671610116958618 3
1653295598777 0.22671610116958618 3
1653295606396 0.22952529788017273 4
1653295606411 0.22952529788017273 4
1653295613645 0.22043390572071075 5
1653295613661 0.22043390572071075 5
1653295621112 0.1970359832048416 6
1653295621128 0.1970359832048416 6
1653295628409 0.20199446380138397 7
1653295628424 0.20199446380138397 7
1653295634905 0.20079827308654785 8
1653295634919 0.20079827308654785 8
1653295642502 0.18621931970119476 9
1653295642518 0.18621931970119476 9
1653295649738 0.1851682960987091 10
1653295649757 0.1851682960987091 10
1653295657736 0.17194963991641998 11
1653295657752 0.17194963991641998 11
1653295664159 0.1689487099647522 12
1653295664174 0.1689487099647522 12
1653295670650 0.17405539751052856 13
1653295670668 0.17405539751052856 13
1653295677938 0.17725171148777008 14
1653295677958 0.17725171148777008 14
1653295685253 0.1535387486219406 15
1653295685269 0.1535387486219406 15
1653295691961 0.15687495470046997 16
1653295691976 0.15687495470046997 16
1653295699191 0.14575724303722382 17
1653295699207 0.14575724303722382 17
1653295706425 0.15145079791545868 18
1653295706441 0.15145079791545868 18
1653295714161 0.14667224884033203 19
1653295714177 0.14667224884033203 19
