1653295578040 0.12772782146930695 0
1653295578056 0.12772782146930695 0
1653295584603 0.13261739909648895 1
1653295584618 0.13261739909648895 1
1653295592052 0.1274528056383133 2
1653295592068 0.1274528056383133 2
1653295598761 0.10879582911729813 3
1653295598777 0.10879582911729813 3
1653295606396 0.07676248997449875 4
1653295606411 0.07676248997449875 4
1653295613645 0.040864985436201096 5
1653295613661 0.040864985436201096 5
1653295621112 0.024881677702069283 6
1653295621128 0.024881677702069283 6
1653295628409 0.026109246537089348 7
1653295628424 0.026109246537089348 7
1653295634905 0.02480391412973404 8
1653295634919 0.02480391412973404 8
1653295642502 0.02041766047477722 9
1653295642518 0.02041766047477722 9
1653295649738 0.019647175446152687 10
1653295649757 0.019647175446152687 10
1653295657736 0.018002422526478767 11
1653295657752 0.018002422526478767 11
1653295664159 0.020509447902441025 12
1653295664174 0.020509447902441025 12
1653295670650 0.017992598935961723 13
1653295670668 0.017992598935961723 13
1653295677938 0.017081841826438904 14
1653295677958 0.017081841826438904 14
1653295685253 0.016173241659998894 15
1653295685269 0.016173241659998894 15
1653295691961 0.01238145399838686 16
1653295691976 0.01238145399838686 16
1653295699191 0.016051141545176506 17
1653295699207 0.016051141545176506 17
1653295706425 0.01682225428521633 18
1653295706441 0.01682225428521633 18
1653295714161 0.012385659851133823 19
1653295714177 0.012385659851133823 19
