1653302687088 0.6404559016227722 0
1653302687108 0.6404559016227722 0
1653302693941 0.6337409019470215 1
1653302693959 0.6337409019470215 1
1653302701950 0.6253613829612732 2
1653302701972 0.6253613829612732 2
1653302709817 0.628817617893219 3
1653302709835 0.628817617893219 3
1653302717226 0.6186206340789795 4
1653302717245 0.6186206340789795 4
1653302724590 0.6036639213562012 5
1653302724608 0.6036639213562012 5
1653302730969 0.6047798991203308 6
1653302730986 0.6047798991203308 6
1653302737343 0.6004188656806946 7
1653302737360 0.6004188656806946 7
1653302743926 0.59935462474823 8
1653302743943 0.59935462474823 8
1653302751309 0.589586615562439 9
1653302751326 0.589586615562439 9
1653302758067 0.5870618224143982 10
1653302758084 0.5870618224143982 10
1653302764414 0.5816420912742615 11
1653302764431 0.5816420912742615 11
1653302771074 0.5649631023406982 12
1653302771091 0.5649631023406982 12
1653302777229 0.584137499332428 13
1653302777246 0.584137499332428 13
1653302784847 0.5688632726669312 14
1653302784864 0.5688632726669312 14
1653302792054 0.5608806610107422 15
1653302792072 0.5608806610107422 15
1653302798452 0.5564126372337341 16
1653302798469 0.5564126372337341 16
1653302805724 0.5519716143608093 17
1653302805741 0.5519716143608093 17
1653302812861 0.5481464862823486 18
1653302812878 0.5481464862823486 18
1653302819130 0.5598689913749695 19
1653302819147 0.5598689913749695 19
