1653302687088 0.5129629969596863 0
1653302687108 0.5129629969596863 0
1653302693941 0.5455994009971619 1
1653302693959 0.5455994009971619 1
1653302701950 0.5699569582939148 2
1653302701972 0.5699569582939148 2
1653302709817 0.5868532657623291 3
1653302709835 0.5868532657623291 3
1653302717226 0.6165986657142639 4
1653302717245 0.6165986657142639 4
1653302724590 0.6286613941192627 5
1653302724608 0.6286613941192627 5
1653302730969 0.6568812131881714 6
1653302730986 0.6568812131881714 6
1653302737343 0.648282527923584 7
1653302737360 0.648282527923584 7
1653302743926 0.6673725843429565 8
1653302743943 0.6673725843429565 8
1653302751309 0.6808412671089172 9
1653302751326 0.6808412671089172 9
1653302758067 0.683297872543335 10
1653302758084 0.683297872543335 10
1653302764414 0.6965652704238892 11
1653302764431 0.6965652704238892 11
1653302771074 0.7109100222587585 12
1653302771091 0.7109100222587585 12
1653302777229 0.69969642162323 13
1653302777246 0.69969642162323 13
1653302784847 0.7068791389465332 14
1653302784864 0.7068791389465332 14
1653302792054 0.7304654717445374 15
1653302792072 0.7304654717445374 15
1653302798452 0.7329753637313843 16
1653302798469 0.7329753637313843 16
1653302805724 0.73487788438797 17
1653302805741 0.73487788438797 17
1653302812861 0.7471479773521423 18
1653302812878 0.7471479773521423 18
1653302819130 0.7227228283882141 19
1653302819147 0.7227228283882141 19
