1653302687088 0.35146477818489075 0
1653302687108 0.35146477818489075 0
1653302693941 0.3268699049949646 1
1653302693959 0.3268699049949646 1
1653302701950 0.2755793631076813 2
1653302701972 0.2755793631076813 2
1653302709817 0.24926206469535828 3
1653302709835 0.24926206469535828 3
1653302717226 0.2309877574443817 4
1653302717245 0.2309877574443817 4
1653302724590 0.22323212027549744 5
1653302724608 0.22323212027549744 5
1653302730969 0.21437907218933105 6
1653302730986 0.21437907218933105 6
1653302737343 0.2058001607656479 7
1653302737360 0.2058001607656479 7
1653302743926 0.21234479546546936 8
1653302743943 0.21234479546546936 8
1653302751309 0.19052690267562866 9
1653302751326 0.19052690267562866 9
1653302758067 0.199972465634346 10
1653302758084 0.199972465634346 10
1653302764414 0.18889206647872925 11
1653302764431 0.18889206647872925 11
1653302771074 0.17967398464679718 12
1653302771091 0.17967398464679718 12
1653302777229 0.1803010255098343 13
1653302777246 0.1803010255098343 13
1653302784847 0.1784154623746872 14
1653302784864 0.1784154623746872 14
1653302792054 0.16847552359104156 15
1653302792072 0.16847552359104156 15
1653302798452 0.16610978543758392 16
1653302798469 0.16610978543758392 16
1653302805724 0.16658826172351837 17
1653302805741 0.16658826172351837 17
1653302812861 0.16189640760421753 18
1653302812878 0.16189640760421753 18
1653302819130 0.16633106768131256 19
1653302819147 0.16633106768131256 19
