1653302687088 0.23666641116142273 0
1653302687108 0.23666641116142273 0
1653302693941 0.21002791821956635 1
1653302693959 0.21002791821956635 1
1653302701950 0.1440330445766449 2
1653302701972 0.1440330445766449 2
1653302709817 0.12013118714094162 3
1653302709835 0.12013118714094162 3
1653302717226 0.10827676206827164 4
1653302717245 0.10827676206827164 4
1653302724590 0.10157331079244614 5
1653302724608 0.10157331079244614 5
1653302730969 0.08568041026592255 6
1653302730986 0.08568041026592255 6
1653302737343 0.09052655100822449 7
1653302737360 0.09052655100822449 7
1653302743926 0.08734320849180222 8
1653302743943 0.08734320849180222 8
1653302751309 0.07655195891857147 9
1653302751326 0.07655195891857147 9
1653302758067 0.0756278932094574 10
1653302758084 0.0756278932094574 10
1653302764414 0.08284427225589752 11
1653302764431 0.08284427225589752 11
1653302771074 0.0743233785033226 12
1653302771091 0.0743233785033226 12
1653302777229 0.07276658713817596 13
1653302777246 0.07276658713817596 13
1653302784847 0.0665728896856308 14
1653302784864 0.0665728896856308 14
1653302792054 0.06506537646055222 15
1653302792072 0.06506537646055222 15
1653302798452 0.06723667681217194 16
1653302798469 0.06723667681217194 16
1653302805724 0.057172227650880814 17
1653302805741 0.057172227650880814 17
1653302812861 0.05998658016324043 18
1653302812878 0.05998658016324043 18
1653302819130 0.05885358154773712 19
1653302819147 0.05885358154773712 19
