1653302687088 0.8808212280273438 0
1653302687108 0.8808212280273438 0
1653302693941 0.8134865164756775 1
1653302693959 0.8134865164756775 1
1653302701950 0.7475667595863342 2
1653302701972 0.7475667595863342 2
1653302709817 0.6993728876113892 3
1653302709835 0.6993728876113892 3
1653302717226 0.6668198704719543 4
1653302717245 0.6668198704719543 4
1653302724590 0.6234881281852722 5
1653302724608 0.6234881281852722 5
1653302730969 0.5811324119567871 6
1653302730986 0.5811324119567871 6
1653302737343 0.606579065322876 7
1653302737360 0.606579065322876 7
1653302743926 0.5780349373817444 8
1653302743943 0.5780349373817444 8
1653302751309 0.5475502014160156 9
1653302751326 0.5475502014160156 9
1653302758067 0.5653946995735168 10
1653302758084 0.5653946995735168 10
1653302764414 0.5647183656692505 11
1653302764431 0.5647183656692505 11
1653302771074 0.5302748680114746 12
1653302771091 0.5302748680114746 12
1653302777229 0.5526264309883118 13
1653302777246 0.5526264309883118 13
1653302784847 0.5508825182914734 14
1653302784864 0.5508825182914734 14
1653302792054 0.5063166618347168 15
1653302792072 0.5063166618347168 15
1653302798452 0.5058448910713196 16
1653302798469 0.5058448910713196 16
1653302805724 0.5256729125976562 17
1653302805741 0.5256729125976562 17
1653302812861 0.5019607543945312 18
1653302812878 0.5019607543945312 18
1653302819130 0.5085718035697937 19
1653302819147 0.5085718035697937 19
