1653302687088 0.06490114331245422 0
1653302687108 0.06490114331245422 0
1653302693941 0.05888928845524788 1
1653302693959 0.05888928845524788 1
1653302701950 0.04203324764966965 2
1653302701972 0.04203324764966965 2
1653302709817 0.03957347944378853 3
1653302709835 0.03957347944378853 3
1653302717226 0.031964387744665146 4
1653302717245 0.031964387744665146 4
1653302724590 0.026380646973848343 5
1653302724608 0.026380646973848343 5
1653302730969 0.03320974111557007 6
1653302730986 0.03320974111557007 6
1653302737343 0.02397507056593895 7
1653302737360 0.02397507056593895 7
1653302743926 0.03321175277233124 8
1653302743943 0.03321175277233124 8
1653302751309 0.023766692727804184 9
1653302751326 0.023766692727804184 9
1653302758067 0.022948993369936943 10
1653302758084 0.022948993369936943 10
1653302764414 0.027990130707621574 11
1653302764431 0.027990130707621574 11
1653302771074 0.024362554773688316 12
1653302771091 0.024362554773688316 12
1653302777229 0.021350234746932983 13
1653302777246 0.021350234746932983 13
1653302784847 0.02437557466328144 14
1653302784864 0.02437557466328144 14
1653302792054 0.024267561733722687 15
1653302792072 0.024267561733722687 15
1653302798452 0.020576689392328262 16
1653302798469 0.020576689392328262 16
1653302805724 0.024677034467458725 17
1653302805741 0.024677034467458725 17
1653302812861 0.021580902859568596 18
1653302812878 0.021580902859568596 18
1653302819130 0.022445552051067352 19
1653302819147 0.022445552051067352 19
