1653302687088 0.48195409774780273 0
1653302687108 0.48195409774780273 0
1653302693941 0.43192818760871887 1
1653302693959 0.43192818760871887 1
1653302701950 0.3332267105579376 2
1653302701972 0.3332267105579376 2
1653302709817 0.28771960735321045 3
1653302709835 0.28771960735321045 3
1653302717226 0.2758749723434448 4
1653302717245 0.2758749723434448 4
1653302724590 0.24752278625965118 5
1653302724608 0.24752278625965118 5
1653302730969 0.2504812479019165 6
1653302730986 0.2504812479019165 6
1653302737343 0.2309553027153015 7
1653302737360 0.2309553027153015 7
1653302743926 0.2510155439376831 8
1653302743943 0.2510155439376831 8
1653302751309 0.22695818543434143 9
1653302751326 0.22695818543434143 9
1653302758067 0.23678693175315857 10
1653302758084 0.23678693175315857 10
1653302764414 0.2211274653673172 11
1653302764431 0.2211274653673172 11
1653302771074 0.21821242570877075 12
1653302771091 0.21821242570877075 12
1653302777229 0.226948082447052 13
1653302777246 0.226948082447052 13
1653302784847 0.22161778807640076 14
1653302784864 0.22161778807640076 14
1653302792054 0.2139434814453125 15
1653302792072 0.2139434814453125 15
1653302798452 0.21007464826107025 16
1653302798469 0.21007464826107025 16
1653302805724 0.20493942499160767 17
1653302805741 0.20493942499160767 17
1653302812861 0.201213076710701 18
1653302812878 0.201213076710701 18
1653302819130 0.21153217554092407 19
1653302819147 0.21153217554092407 19
