1653302687088 0.24590228497982025 0
1653302687108 0.24590228497982025 0
1653302693941 0.24225199222564697 1
1653302693959 0.24225199222564697 1
1653302701950 0.2001197189092636 2
1653302701972 0.2001197189092636 2
1653302709817 0.1621471345424652 3
1653302709835 0.1621471345424652 3
1653302717226 0.12494351714849472 4
1653302717245 0.12494351714849472 4
1653302724590 0.1549539864063263 5
1653302724608 0.1549539864063263 5
1653302730969 0.14103078842163086 6
1653302730986 0.14103078842163086 6
1653302737343 0.10767553001642227 7
1653302737360 0.10767553001642227 7
1653302743926 0.13277821242809296 8
1653302743943 0.13277821242809296 8
1653302751309 0.08810780942440033 9
1653302751326 0.08810780942440033 9
1653302758067 0.11915890872478485 10
1653302758084 0.11915890872478485 10
1653302764414 0.06742991507053375 11
1653302764431 0.06742991507053375 11
1653302771074 0.0634782537817955 12
1653302771091 0.0634782537817955 12
1653302777229 0.04317290335893631 13
1653302777246 0.04317290335893631 13
1653302784847 0.04875918850302696 14
1653302784864 0.04875918850302696 14
1653302792054 0.036543816328048706 15
1653302792072 0.036543816328048706 15
1653302798452 0.032071758061647415 16
1653302798469 0.032071758061647415 16
1653302805724 0.03517146781086922 17
1653302805741 0.03517146781086922 17
1653302812861 0.03077501244843006 18
1653302812878 0.03077501244843006 18
1653302819130 0.03544584661722183 19
1653302819147 0.03544584661722183 19
