1653298903967 0.5167808532714844 0
1653298903984 0.5167808532714844 0
1653298911278 0.5476216673851013 1
1653298911296 0.5476216673851013 1
1653298918552 0.5772127509117126 2
1653298918571 0.5772127509117126 2
1653298926330 0.6201034188270569 3
1653298926347 0.6201034188270569 3
1653298933071 0.6824555993080139 4
1653298933088 0.6824555993080139 4
1653298939824 0.7326223850250244 5
1653298939841 0.7326223850250244 5
1653298947606 0.7611187696456909 6
1653298947624 0.7611187696456909 6
1653298954951 0.7663663029670715 7
1653298954971 0.7663663029670715 7
1653298961794 0.7925150990486145 8
1653298961810 0.7925150990486145 8
1653298969504 0.7949932813644409 9
1653298969522 0.7949932813644409 9
1653298976016 0.804567813873291 10
1653298976034 0.804567813873291 10
1653298983352 0.7971137166023254 11
1653298983369 0.7971137166023254 11
1653298989859 0.8220153450965881 12
1653298989875 0.8220153450965881 12
1653298997224 0.8169925212860107 13
1653298997241 0.8169925212860107 13
1653299004883 0.8237558603286743 14
1653299004899 0.8237558603286743 14
1653299011282 0.8259599804878235 15
1653299011299 0.8259599804878235 15
1653299017738 0.8243398666381836 16
1653299017754 0.8243398666381836 16
1653299024433 0.8395885229110718 17
1653299024450 0.8395885229110718 17
1653299030944 0.8168929219245911 18
1653299030962 0.8168929219245911 18
1653299037242 0.8431787490844727 19
1653299037260 0.8431787490844727 19
