1653298903967 0.6385773420333862 0
1653298903984 0.6385773420333862 0
1653298911278 0.6307083368301392 1
1653298911296 0.6307083368301392 1
1653298918552 0.628567636013031 2
1653298918571 0.628567636013031 2
1653298926330 0.6186642646789551 3
1653298926347 0.6186642646789551 3
1653298933071 0.5921814441680908 4
1653298933088 0.5921814441680908 4
1653298939824 0.5581791400909424 5
1653298939841 0.5581791400909424 5
1653298947606 0.5250562429428101 6
1653298947624 0.5250562429428101 6
1653298954951 0.5287314057350159 7
1653298954971 0.5287314057350159 7
1653298961794 0.5052819848060608 8
1653298961810 0.5052819848060608 8
1653298969504 0.4922625720500946 9
1653298969522 0.4922625720500946 9
1653298976016 0.4864853024482727 10
1653298976034 0.4864853024482727 10
1653298983352 0.4893466830253601 11
1653298983369 0.4893466830253601 11
1653298989859 0.46804600954055786 12
1653298989875 0.46804600954055786 12
1653298997224 0.4724830090999603 13
1653298997241 0.4724830090999603 13
1653299004883 0.4591948390007019 14
1653299004899 0.4591948390007019 14
1653299011282 0.45291945338249207 15
1653299011299 0.45291945338249207 15
1653299017738 0.46556299924850464 16
1653299017754 0.46556299924850464 16
1653299024433 0.4421408176422119 17
1653299024450 0.4421408176422119 17
1653299030944 0.463645339012146 18
1653299030962 0.463645339012146 18
1653299037242 0.4389209449291229 19
1653299037260 0.4389209449291229 19
