1653298903967 0.34859907627105713 0
1653298903984 0.34859907627105713 0
1653298911278 0.33217716217041016 1
1653298911296 0.33217716217041016 1
1653298918552 0.2723921537399292 2
1653298918571 0.2723921537399292 2
1653298926330 0.24070528149604797 3
1653298926347 0.24070528149604797 3
1653298933071 0.21236009895801544 4
1653298933088 0.21236009895801544 4
1653298939824 0.17895159125328064 5
1653298939841 0.17895159125328064 5
1653298947606 0.16807621717453003 6
1653298947624 0.16807621717453003 6
1653298954951 0.15637347102165222 7
1653298954971 0.15637347102165222 7
1653298961794 0.15090331435203552 8
1653298961810 0.15090331435203552 8
1653298969504 0.14414556324481964 9
1653298969522 0.14414556324481964 9
1653298976016 0.14038987457752228 10
1653298976034 0.14038987457752228 10
1653298983352 0.1401490718126297 11
1653298983369 0.1401490718126297 11
1653298989859 0.129505455493927 12
1653298989875 0.129505455493927 12
1653298997224 0.13139283657073975 13
1653298997241 0.13139283657073975 13
1653299004883 0.13144437968730927 14
1653299004899 0.13144437968730927 14
1653299011282 0.123453289270401 15
1653299011299 0.123453289270401 15
1653299017738 0.12810435891151428 16
1653299017754 0.12810435891151428 16
1653299024433 0.1195010244846344 17
1653299024450 0.1195010244846344 17
1653299030944 0.12773865461349487 18
1653299030962 0.12773865461349487 18
1653299037242 0.1119973212480545 19
1653299037260 0.1119973212480545 19
