1653298903967 0.21433600783348083 0
1653298903984 0.21433600783348083 0
1653298911278 0.21536493301391602 1
1653298911296 0.21536493301391602 1
1653298918552 0.1545957773923874 2
1653298918571 0.1545957773923874 2
1653298926330 0.12301049381494522 3
1653298926347 0.12301049381494522 3
1653298933071 0.1033904179930687 4
1653298933088 0.1033904179930687 4
1653298939824 0.09177104383707047 5
1653298939841 0.09177104383707047 5
1653298947606 0.07110418379306793 6
1653298947624 0.07110418379306793 6
1653298954951 0.05816126614809036 7
1653298954971 0.05816126614809036 7
1653298961794 0.06161366030573845 8
1653298961810 0.06161366030573845 8
1653298969504 0.05065210536122322 9
1653298969522 0.05065210536122322 9
1653298976016 0.0528193935751915 10
1653298976034 0.0528193935751915 10
1653298983352 0.048897504806518555 11
1653298983369 0.048897504806518555 11
1653298989859 0.05220033973455429 12
1653298989875 0.05220033973455429 12
1653298997224 0.04703594371676445 13
1653298997241 0.04703594371676445 13
1653299004883 0.04338030889630318 14
1653299004899 0.04338030889630318 14
1653299011282 0.042758628726005554 15
1653299011299 0.042758628726005554 15
1653299017738 0.0436016321182251 16
1653299017754 0.0436016321182251 16
1653299024433 0.039418887346982956 17
1653299024450 0.039418887346982956 17
1653299030944 0.041121505200862885 18
1653299030962 0.041121505200862885 18
1653299037242 0.03564690425992012 19
1653299037260 0.03564690425992012 19
