1653298903967 0.8868343234062195 0
1653298903984 0.8868343234062195 0
1653298911278 0.8212388157844543 1
1653298911296 0.8212388157844543 1
1653298918552 0.7452751398086548 2
1653298918571 0.7452751398086548 2
1653298926330 0.6877048015594482 3
1653298926347 0.6877048015594482 3
1653298933071 0.5977994203567505 4
1653298933088 0.5977994203567505 4
1653298939824 0.5420527458190918 5
1653298939841 0.5420527458190918 5
1653298947606 0.47723329067230225 6
1653298947624 0.47723329067230225 6
1653298954951 0.45805418491363525 7
1653298954971 0.45805418491363525 7
1653298961794 0.44904276728630066 8
1653298961810 0.44904276728630066 8
1653298969504 0.44488102197647095 9
1653298969522 0.44488102197647095 9
1653298976016 0.4161987900733948 10
1653298976034 0.4161987900733948 10
1653298983352 0.4219357669353485 11
1653298983369 0.4219357669353485 11
1653298989859 0.38561683893203735 12
1653298989875 0.38561683893203735 12
1653298997224 0.39325183629989624 13
1653298997241 0.39325183629989624 13
1653299004883 0.3958069682121277 14
1653299004899 0.3958069682121277 14
1653299011282 0.3831491470336914 15
1653299011299 0.3831491470336914 15
1653299017738 0.40415897965431213 16
1653299017754 0.40415897965431213 16
1653299024433 0.3500064015388489 17
1653299024450 0.3500064015388489 17
1653299030944 0.40786683559417725 18
1653299030962 0.40786683559417725 18
1653299037242 0.35125303268432617 19
1653299037260 0.35125303268432617 19
