1653298903967 0.059990305453538895 0
1653298903984 0.059990305453538895 0
1653298911278 0.057688433676958084 1
1653298911296 0.057688433676958084 1
1653298918552 0.04630163684487343 2
1653298918571 0.04630163684487343 2
1653298926330 0.03355291113257408 3
1653298926347 0.03355291113257408 3
1653298933071 0.03620736300945282 4
1653298933088 0.03620736300945282 4
1653298939824 0.02484661526978016 5
1653298939841 0.02484661526978016 5
1653298947606 0.028544776141643524 6
1653298947624 0.028544776141643524 6
1653298954951 0.031039368361234665 7
1653298954971 0.031039368361234665 7
1653298961794 0.02176317572593689 8
1653298961810 0.02176317572593689 8
1653298969504 0.023628942668437958 9
1653298969522 0.023628942668437958 9
1653298976016 0.022120244801044464 10
1653298976034 0.022120244801044464 10
1653298983352 0.01880938746035099 11
1653298983369 0.01880938746035099 11
1653298989859 0.018455123528838158 12
1653298989875 0.018455123528838158 12
1653298997224 0.013458998873829842 13
1653298997241 0.013458998873829842 13
1653299004883 0.016207396984100342 14
1653299004899 0.016207396984100342 14
1653299011282 0.013697381131350994 15
1653299011299 0.013697381131350994 15
1653299017738 0.012663659639656544 16
1653299017754 0.012663659639656544 16
1653299024433 0.01192870456725359 17
1653299024450 0.01192870456725359 17
1653299030944 0.011865012347698212 18
1653299030962 0.011865012347698212 18
1653299037242 0.00870398711413145 19
1653299037260 0.00870398711413145 19
