1653298903967 0.45279598236083984 0
1653298903984 0.45279598236083984 0
1653298911278 0.4103321433067322 1
1653298911296 0.4103321433067322 1
1653298918552 0.32472625374794006 2
1653298918571 0.32472625374794006 2
1653298926330 0.26347148418426514 3
1653298926347 0.26347148418426514 3
1653298933071 0.2716691493988037 4
1653298933088 0.2716691493988037 4
1653298939824 0.220967099070549 5
1653298939841 0.220967099070549 5
1653298947606 0.24004270136356354 6
1653298947624 0.24004270136356354 6
1653298954951 0.20555101335048676 7
1653298954971 0.20555101335048676 7
1653298961794 0.20112425088882446 8
1653298961810 0.20112425088882446 8
1653298969504 0.19008629024028778 9
1653298969522 0.19008629024028778 9
1653298976016 0.17989301681518555 10
1653298976034 0.17989301681518555 10
1653298983352 0.19091464579105377 11
1653298983369 0.19091464579105377 11
1653298989859 0.16370204091072083 12
1653298989875 0.16370204091072083 12
1653298997224 0.17648030817508698 13
1653298997241 0.17648030817508698 13
1653299004883 0.18002678453922272 14
1653299004899 0.18002678453922272 14
1653299011282 0.15127462148666382 15
1653299011299 0.15127462148666382 15
1653299017738 0.1571301817893982 16
1653299017754 0.1571301817893982 16
1653299024433 0.16525867581367493 17
1653299024450 0.16525867581367493 17
1653299030944 0.16056238114833832 18
1653299030962 0.16056238114833832 18
1653299037242 0.13060306012630463 19
1653299037260 0.13060306012630463 19
