1653298903967 0.2824716866016388 0
1653298903984 0.2824716866016388 0
1653298911278 0.2800038158893585 1
1653298911296 0.2800038158893585 1
1653298918552 0.17619596421718597 2
1653298918571 0.17619596421718597 2
1653298926330 0.1551714539527893 3
1653298926347 0.1551714539527893 3
1653298933071 0.08693239092826843 4
1653298933088 0.08693239092826843 4
1653298939824 0.03519861772656441 5
1653298939841 0.03519861772656441 5
1653298947606 0.032596487551927567 6
1653298947624 0.032596487551927567 6
1653298954951 0.024326108396053314 7
1653298954971 0.024326108396053314 7
1653298961794 0.02244354784488678 8
1653298961810 0.02244354784488678 8
1653298969504 0.015368364751338959 9
1653298969522 0.015368364751338959 9
1653298976016 0.023805825039744377 10
1653298976034 0.023805825039744377 10
1653298983352 0.01621956378221512 11
1653298983369 0.01621956378221512 11
1653298989859 0.013552180491387844 12
1653298989875 0.013552180491387844 12
1653298997224 0.01638677529990673 13
1653298997241 0.01638677529990673 13
1653299004883 0.018329249694943428 14
1653299004899 0.018329249694943428 14
1653299011282 0.016764136031270027 15
1653299011299 0.016764136031270027 15
1653299017738 0.01779348775744438 16
1653299017754 0.01779348775744438 16
1653299024433 0.013824746012687683 17
1653299024450 0.013824746012687683 17
1653299030944 0.01507837139070034 18
1653299030962 0.01507837139070034 18
1653299037242 0.014559314586222172 19
1653299037260 0.014559314586222172 19
