1653301746605 0.6379563808441162 0
1653301746624 0.6379563808441162 0
1653301753915 0.6358660459518433 1
1653301753933 0.6358660459518433 1
1653301761303 0.6310219168663025 2
1653301761321 0.6310219168663025 2
1653301768010 0.6242899894714355 3
1653301768027 0.6242899894714355 3
1653301775411 0.6190006732940674 4
1653301775430 0.6190006732940674 4
1653301783148 0.6208772659301758 5
1653301783166 0.6208772659301758 5
1653301791305 0.6125164031982422 6
1653301791323 0.6125164031982422 6
1653301798042 0.5980663299560547 7
1653301798059 0.5980663299560547 7
1653301804428 0.5887829065322876 8
1653301804445 0.5887829065322876 8
1653301811292 0.5942656397819519 9
1653301811309 0.5942656397819519 9
1653301817757 0.5743789076805115 10
1653301817775 0.5743789076805115 10
1653301825085 0.583329439163208 11
1653301825103 0.583329439163208 11
1653301832360 0.5782477259635925 12
1653301832378 0.5782477259635925 12
1653301840086 0.5587631464004517 13
1653301840105 0.5587631464004517 13
1653301847325 0.5688062906265259 14
1653301847343 0.5688062906265259 14
1653301854627 0.5500680804252625 15
1653301854646 0.5500680804252625 15
1653301861991 0.5497708916664124 16
1653301862009 0.5497708916664124 16
1653301869167 0.5634090900421143 17
1653301869186 0.5634090900421143 17
1653301875680 0.5435669422149658 18
1653301875697 0.5435669422149658 18
1653301882419 0.5343211889266968 19
1653301882437 0.5343211889266968 19
