1653301746605 0.5259612202644348 0
1653301746624 0.5259612202644348 0
1653301753915 0.5315221548080444 1
1653301753933 0.5315221548080444 1
1653301761303 0.5447083711624146 2
1653301761321 0.5447083711624146 2
1653301768010 0.5738034248352051 3
1653301768027 0.5738034248352051 3
1653301775411 0.621548593044281 4
1653301775430 0.621548593044281 4
1653301783148 0.6136401891708374 5
1653301783166 0.6136401891708374 5
1653301791305 0.6348637938499451 6
1653301791323 0.6348637938499451 6
1653301798042 0.6645610332489014 7
1653301798059 0.6645610332489014 7
1653301804428 0.675294816493988 8
1653301804445 0.675294816493988 8
1653301811292 0.6724822521209717 9
1653301811309 0.6724822521209717 9
1653301817757 0.6967757344245911 10
1653301817775 0.6967757344245911 10
1653301825085 0.6931121945381165 11
1653301825103 0.6931121945381165 11
1653301832360 0.7101829051971436 12
1653301832378 0.7101829051971436 12
1653301840086 0.7160260677337646 13
1653301840105 0.7160260677337646 13
1653301847325 0.7227985262870789 14
1653301847343 0.7227985262870789 14
1653301854627 0.7291532158851624 15
1653301854646 0.7291532158851624 15
1653301861991 0.7396444082260132 16
1653301862009 0.7396444082260132 16
1653301869167 0.7250295281410217 17
1653301869186 0.7250295281410217 17
1653301875680 0.7452514171600342 18
1653301875697 0.7452514171600342 18
1653301882419 0.7548556327819824 19
1653301882437 0.7548556327819824 19
