1653301746605 0.460505872964859 0
1653301746624 0.460505872964859 0
1653301753915 0.42760467529296875 1
1653301753933 0.42760467529296875 1
1653301761303 0.37677884101867676 2
1653301761321 0.37677884101867676 2
1653301768010 0.3496929109096527 3
1653301768027 0.3496929109096527 3
1653301775411 0.3283539414405823 4
1653301775430 0.3283539414405823 4
1653301783148 0.3518579602241516 5
1653301783166 0.3518579602241516 5
1653301791305 0.3190224766731262 6
1653301791323 0.3190224766731262 6
1653301798042 0.3162287771701813 7
1653301798059 0.3162287771701813 7
1653301804428 0.3068740963935852 8
1653301804445 0.3068740963935852 8
1653301811292 0.3338285982608795 9
1653301811309 0.3338285982608795 9
1653301817757 0.27454331517219543 10
1653301817775 0.27454331517219543 10
1653301825085 0.3027982711791992 11
1653301825103 0.3027982711791992 11
1653301832360 0.3275150954723358 12
1653301832378 0.3275150954723358 12
1653301840086 0.2545888423919678 13
1653301840105 0.2545888423919678 13
1653301847325 0.31147655844688416 14
1653301847343 0.31147655844688416 14
1653301854627 0.29586783051490784 15
1653301854646 0.29586783051490784 15
1653301861991 0.28328627347946167 16
1653301862009 0.28328627347946167 16
1653301869167 0.2927887737751007 17
1653301869186 0.2927887737751007 17
1653301875680 0.2637370228767395 18
1653301875697 0.2637370228767395 18
1653301882419 0.28347861766815186 19
1653301882437 0.28347861766815186 19
