1653301746605 1.178713083267212 0
1653301746624 1.178713083267212 0
1653301753915 1.178842544555664 1
1653301753933 1.178842544555664 1
1653301761303 1.0991849899291992 2
1653301761321 1.0991849899291992 2
1653301768010 1.1204559803009033 3
1653301768027 1.1204559803009033 3
1653301775411 1.029880166053772 4
1653301775430 1.029880166053772 4
1653301783148 1.3550809621810913 5
1653301783166 1.3550809621810913 5
1653301791305 1.0275174379348755 6
1653301791323 1.0275174379348755 6
1653301798042 1.163389801979065 7
1653301798059 1.163389801979065 7
1653301804428 1.1100448369979858 8
1653301804445 1.1100448369979858 8
1653301811292 1.3579699993133545 9
1653301811309 1.3579699993133545 9
1653301817757 0.858799934387207 10
1653301817775 0.858799934387207 10
1653301825085 1.1208217144012451 11
1653301825103 1.1208217144012451 11
1653301832360 1.428923487663269 12
1653301832378 1.428923487663269 12
1653301840086 0.6790953278541565 13
1653301840105 0.6790953278541565 13
1653301847325 1.320414423942566 14
1653301847343 1.320414423942566 14
1653301854627 1.196913242340088 15
1653301854646 1.196913242340088 15
1653301861991 1.0963181257247925 16
1653301862009 1.0963181257247925 16
1653301869167 1.140460729598999 17
1653301869186 1.140460729598999 17
1653301875680 0.902413010597229 18
1653301875697 0.902413010597229 18
1653301882419 1.1708134412765503 19
1653301882437 1.1708134412765503 19
