1653301746605 0.25835883617401123 0
1653301746624 0.25835883617401123 0
1653301753915 0.22855232656002045 1
1653301753933 0.22855232656002045 1
1653301761303 0.15296611189842224 2
1653301761321 0.15296611189842224 2
1653301768010 0.12375057488679886 3
1653301768027 0.12375057488679886 3
1653301775411 0.11105076968669891 4
1653301775430 0.11105076968669891 4
1653301783148 0.10875962674617767 5
1653301783166 0.10875962674617767 5
1653301791305 0.09663310647010803 6
1653301791323 0.09663310647010803 6
1653301798042 0.089361771941185 7
1653301798059 0.089361771941185 7
1653301804428 0.07702174782752991 8
1653301804445 0.07702174782752991 8
1653301811292 0.09124995768070221 9
1653301811309 0.09124995768070221 9
1653301817757 0.07794127613306046 10
1653301817775 0.07794127613306046 10
1653301825085 0.0866408422589302 11
1653301825103 0.0866408422589302 11
1653301832360 0.07386527955532074 12
1653301832378 0.07386527955532074 12
1653301840086 0.07895232737064362 13
1653301840105 0.07895232737064362 13
1653301847325 0.06771310418844223 14
1653301847343 0.06771310418844223 14
1653301854627 0.0726015716791153 15
1653301854646 0.0726015716791153 15
1653301861991 0.065228670835495 16
1653301862009 0.065228670835495 16
1653301869167 0.08125244081020355 17
1653301869186 0.08125244081020355 17
1653301875680 0.06111359968781471 18
1653301875697 0.06111359968781471 18
1653301882419 0.06293298304080963 19
1653301882437 0.06293298304080963 19
