1653301746605 0.8750636577606201 0
1653301746624 0.8750636577606201 0
1653301753915 0.8152464032173157 1
1653301753933 0.8152464032173157 1
1653301761303 0.7679882049560547 2
1653301761321 0.7679882049560547 2
1653301768010 0.6994121074676514 3
1653301768027 0.6994121074676514 3
1653301775411 0.6794819235801697 4
1653301775430 0.6794819235801697 4
1653301783148 0.6406896710395813 5
1653301783166 0.6406896710395813 5
1653301791305 0.6410152316093445 6
1653301791323 0.6410152316093445 6
1653301798042 0.5807151198387146 7
1653301798059 0.5807151198387146 7
1653301804428 0.5800849199295044 8
1653301804445 0.5800849199295044 8
1653301811292 0.5715634822845459 9
1653301811309 0.5715634822845459 9
1653301817757 0.561628520488739 10
1653301817775 0.561628520488739 10
1653301825085 0.5416190028190613 11
1653301825103 0.5416190028190613 11
1653301832360 0.5426785945892334 12
1653301832378 0.5426785945892334 12
1653301840086 0.5221589803695679 13
1653301840105 0.5221589803695679 13
1653301847325 0.515245795249939 14
1653301847343 0.515245795249939 14
1653301854627 0.5263280272483826 15
1653301854646 0.5263280272483826 15
1653301861991 0.5000662207603455 16
1653301862009 0.5000662207603455 16
1653301869167 0.5048249959945679 17
1653301869186 0.5048249959945679 17
1653301875680 0.5163974761962891 18
1653301875697 0.5163974761962891 18
1653301882419 0.48058411478996277 19
1653301882437 0.48058411478996277 19
