1653301746605 0.0761818140745163 0
1653301746624 0.0761818140745163 0
1653301753915 0.06251318007707596 1
1653301753933 0.06251318007707596 1
1653301761303 0.0445447713136673 2
1653301761321 0.0445447713136673 2
1653301768010 0.03442643582820892 3
1653301768027 0.03442643582820892 3
1653301775411 0.033248916268348694 4
1653301775430 0.033248916268348694 4
1653301783148 0.03206824138760567 5
1653301783166 0.03206824138760567 5
1653301791305 0.023914428427815437 6
1653301791323 0.023914428427815437 6
1653301798042 0.032859623432159424 7
1653301798059 0.032859623432159424 7
1653301804428 0.027363533154129982 8
1653301804445 0.027363533154129982 8
1653301811292 0.026763228699564934 9
1653301811309 0.026763228699564934 9
1653301817757 0.023833803832530975 10
1653301817775 0.023833803832530975 10
1653301825085 0.025090094655752182 11
1653301825103 0.025090094655752182 11
1653301832360 0.025446366518735886 12
1653301832378 0.025446366518735886 12
1653301840086 0.02379927597939968 13
1653301840105 0.02379927597939968 13
1653301847325 0.023249251767992973 14
1653301847343 0.023249251767992973 14
1653301854627 0.02571283094584942 15
1653301854646 0.02571283094584942 15
1653301861991 0.019750311970710754 16
1653301862009 0.019750311970710754 16
1653301869167 0.025130389258265495 17
1653301869186 0.025130389258265495 17
1653301875680 0.02369706705212593 18
1653301875697 0.02369706705212593 18
1653301882419 0.020432066172361374 19
1653301882437 0.020432066172361374 19
