1653301746605 0.4822518825531006 0
1653301746624 0.4822518825531006 0
1653301753915 0.40881794691085815 1
1653301753933 0.40881794691085815 1
1653301761303 0.3352389633655548 2
1653301761321 0.3352389633655548 2
1653301768010 0.2839716970920563 3
1653301768027 0.2839716970920563 3
1653301775411 0.25143668055534363 4
1653301775430 0.25143668055534363 4
1653301783148 0.24421407282352448 5
1653301783166 0.24421407282352448 5
1653301791305 0.2627233564853668 6
1653301791323 0.2627233564853668 6
1653301798042 0.2279183268547058 7
1653301798059 0.2279183268547058 7
1653301804428 0.23238851130008698 8
1653301804445 0.23238851130008698 8
1653301811292 0.23747260868549347 9
1653301811309 0.23747260868549347 9
1653301817757 0.21114134788513184 10
1653301817775 0.21114134788513184 10
1653301825085 0.22621791064739227 11
1653301825103 0.22621791064739227 11
1653301832360 0.2206520289182663 12
1653301832378 0.2206520289182663 12
1653301840086 0.22834739089012146 13
1653301840105 0.22834739089012146 13
1653301847325 0.2239810973405838 14
1653301847343 0.2239810973405838 14
1653301854627 0.19665350019931793 15
1653301854646 0.19665350019931793 15
1653301861991 0.21474654972553253 16
1653301862009 0.21474654972553253 16
1653301869167 0.2064000815153122 17
1653301869186 0.2064000815153122 17
1653301875680 0.20036853849887848 18
1653301875697 0.20036853849887848 18
1653301882419 0.2023119032382965 19
1653301882437 0.2023119032382965 19
