1653293769922 0.49898767471313477 0
1653293769939 0.49898767471313477 0
1653293776874 0.5383238196372986 1
1653293776888 0.5383238196372986 1
1653293784579 0.5594710111618042 2
1653293784594 0.5594710111618042 2
1653293791915 0.5971341729164124 3
1653293791931 0.5971341729164124 3
1653293799288 0.6085906028747559 4
1653293799303 0.6085906028747559 4
1653293806786 0.6344007253646851 5
1653293806801 0.6344007253646851 5
1653293813475 0.6494460105895996 6
1653293813489 0.6494460105895996 6
1653293820756 0.6627532839775085 7
1653293820772 0.6627532839775085 7
1653293828067 0.6738527417182922 8
1653293828082 0.6738527417182922 8
1653293835305 0.6768676042556763 9
1653293835321 0.6768676042556763 9
1653293842686 0.6830537915229797 10
1653293842703 0.6830537915229797 10
1653293849155 0.7010775208473206 11
1653293849170 0.7010775208473206 11
1653293855596 0.7013347744941711 12
1653293855611 0.7013347744941711 12
1653293862089 0.7067617177963257 13
1653293862105 0.7067617177963257 13
1653293869875 0.7286903858184814 14
1653293869891 0.7286903858184814 14
1653293877250 0.7029299736022949 15
1653293877265 0.7029299736022949 15
1653293884052 0.7433391213417053 16
1653293884066 0.7433391213417053 16
1653293890584 0.7425596714019775 17
1653293890599 0.7425596714019775 17
1653293897477 0.7434012293815613 18
1653293897492 0.7434012293815613 18
1653293904765 0.7634485960006714 19
1653293904780 0.7634485960006714 19
