1653293769922 0.6456855535507202 0
1653293769939 0.6456855535507202 0
1653293776874 0.6324925422668457 1
1653293776888 0.6324925422668457 1
1653293784579 0.6237464547157288 2
1653293784594 0.6237464547157288 2
1653293791915 0.6269044280052185 3
1653293791931 0.6269044280052185 3
1653293799288 0.6209017634391785 4
1653293799303 0.6209017634391785 4
1653293806786 0.6133794188499451 5
1653293806801 0.6133794188499451 5
1653293813475 0.6030871272087097 6
1653293813489 0.6030871272087097 6
1653293820756 0.5982754826545715 7
1653293820772 0.5982754826545715 7
1653293828067 0.5951128602027893 8
1653293828082 0.5951128602027893 8
1653293835305 0.587540864944458 9
1653293835321 0.587540864944458 9
1653293842686 0.5839335918426514 10
1653293842703 0.5839335918426514 10
1653293849155 0.5788070559501648 11
1653293849170 0.5788070559501648 11
1653293855596 0.5788114070892334 12
1653293855611 0.5788114070892334 12
1653293862089 0.571060061454773 13
1653293862105 0.571060061454773 13
1653293869875 0.561282217502594 14
1653293869891 0.561282217502594 14
1653293877250 0.5746822953224182 15
1653293877265 0.5746822953224182 15
1653293884052 0.5466962456703186 16
1653293884066 0.5466962456703186 16
1653293890584 0.5452899932861328 17
1653293890599 0.5452899932861328 17
1653293897477 0.5454925894737244 18
1653293897492 0.5454925894737244 18
1653293904765 0.5312092304229736 19
1653293904780 0.5312092304229736 19
