1653293769922 0.2938327491283417 0
1653293769939 0.2938327491283417 0
1653293776874 0.29117268323898315 1
1653293776888 0.29117268323898315 1
1653293784579 0.28756043314933777 2
1653293784594 0.28756043314933777 2
1653293791915 0.28236332535743713 3
1653293791931 0.28236332535743713 3
1653293799288 0.2880198657512665 4
1653293799303 0.2880198657512665 4
1653293806786 0.2737806737422943 5
1653293806801 0.2737806737422943 5
1653293813475 0.2683968245983124 6
1653293813489 0.2683968245983124 6
1653293820756 0.27144548296928406 7
1653293820772 0.27144548296928406 7
1653293828067 0.2620088756084442 8
1653293828082 0.2620088756084442 8
1653293835305 0.2623964250087738 9
1653293835321 0.2623964250087738 9
1653293842686 0.2587396800518036 10
1653293842703 0.2587396800518036 10
1653293849155 0.2549459934234619 11
1653293849170 0.2549459934234619 11
1653293855596 0.2544746994972229 12
1653293855611 0.2544746994972229 12
1653293862089 0.2586166262626648 13
1653293862105 0.2586166262626648 13
1653293869875 0.2451786994934082 14
1653293869891 0.2451786994934082 14
1653293877250 0.25050872564315796 15
1653293877265 0.25050872564315796 15
1653293884052 0.23907826840877533 16
1653293884066 0.23907826840877533 16
1653293890584 0.2398660033941269 17
1653293890599 0.2398660033941269 17
1653293897477 0.235978901386261 18
1653293897492 0.235978901386261 18
1653293904765 0.23281654715538025 19
1653293904780 0.23281654715538025 19
