1653293769922 0.098868727684021 0
1653293769939 0.098868727684021 0
1653293776874 0.10114172846078873 1
1653293776888 0.10114172846078873 1
1653293784579 0.09445338696241379 2
1653293784594 0.09445338696241379 2
1653293791915 0.10038531571626663 3
1653293791931 0.10038531571626663 3
1653293799288 0.09830192476511002 4
1653293799303 0.09830192476511002 4
1653293806786 0.08980267494916916 5
1653293806801 0.08980267494916916 5
1653293813475 0.08585917949676514 6
1653293813489 0.08585917949676514 6
1653293820756 0.08875757455825806 7
1653293820772 0.08875757455825806 7
1653293828067 0.09415502846240997 8
1653293828082 0.09415502846240997 8
1653293835305 0.08243690431118011 9
1653293835321 0.08243690431118011 9
1653293842686 0.0764400064945221 10
1653293842703 0.0764400064945221 10
1653293849155 0.07358817756175995 11
1653293849170 0.07358817756175995 11
1653293855596 0.08357570320367813 12
1653293855611 0.08357570320367813 12
1653293862089 0.08125553280115128 13
1653293862105 0.08125553280115128 13
1653293869875 0.0701870247721672 14
1653293869891 0.0701870247721672 14
1653293877250 0.07258269935846329 15
1653293877265 0.07258269935846329 15
1653293884052 0.06563927978277206 16
1653293884066 0.06563927978277206 16
1653293890584 0.06379100680351257 17
1653293890599 0.06379100680351257 17
1653293897477 0.061718616634607315 18
1653293897492 0.061718616634607315 18
1653293904765 0.06635438650846481 19
1653293904780 0.06635438650846481 19
