1653293769922 0.673859179019928 0
1653293769939 0.673859179019928 0
1653293776874 0.6765310764312744 1
1653293776888 0.6765310764312744 1
1653293784579 0.653420090675354 2
1653293784594 0.653420090675354 2
1653293791915 0.6482915282249451 3
1653293791931 0.6482915282249451 3
1653293799288 0.6480430960655212 4
1653293799303 0.6480430960655212 4
1653293806786 0.5922841429710388 5
1653293806801 0.5922841429710388 5
1653293813475 0.5994588732719421 6
1653293813489 0.5994588732719421 6
1653293820756 0.5766769647598267 7
1653293820772 0.5766769647598267 7
1653293828067 0.5792132019996643 8
1653293828082 0.5792132019996643 8
1653293835305 0.553236722946167 9
1653293835321 0.553236722946167 9
1653293842686 0.5544424653053284 10
1653293842703 0.5544424653053284 10
1653293849155 0.5477420091629028 11
1653293849170 0.5477420091629028 11
1653293855596 0.5469506978988647 12
1653293855611 0.5469506978988647 12
1653293862089 0.554863691329956 13
1653293862105 0.554863691329956 13
1653293869875 0.5100076794624329 14
1653293869891 0.5100076794624329 14
1653293877250 0.5239430069923401 15
1653293877265 0.5239430069923401 15
1653293884052 0.5222027897834778 16
1653293884066 0.5222027897834778 16
1653293890584 0.5042393803596497 17
1653293890599 0.5042393803596497 17
1653293897477 0.49561676383018494 18
1653293897492 0.49561676383018494 18
1653293904765 0.479682058095932 19
1653293904780 0.479682058095932 19
