1653293769922 0.029401307925581932 0
1653293769939 0.029401307925581932 0
1653293776874 0.026122422888875008 1
1653293776888 0.026122422888875008 1
1653293784579 0.029684852808713913 2
1653293784594 0.029684852808713913 2
1653293791915 0.03054211288690567 3
1653293791931 0.03054211288690567 3
1653293799288 0.02581537328660488 4
1653293799303 0.02581537328660488 4
1653293806786 0.030636867508292198 5
1653293806801 0.030636867508292198 5
1653293813475 0.025980111211538315 6
1653293813489 0.025980111211538315 6
1653293820756 0.025799866765737534 7
1653293820772 0.025799866765737534 7
1653293828067 0.024027150124311447 8
1653293828082 0.024027150124311447 8
1653293835305 0.025464562699198723 9
1653293835321 0.025464562699198723 9
1653293842686 0.02783958800137043 10
1653293842703 0.02783958800137043 10
1653293849155 0.025063641369342804 11
1653293849170 0.025063641369342804 11
1653293855596 0.02238469198346138 12
1653293855611 0.02238469198346138 12
1653293862089 0.024730009958148003 13
1653293862105 0.024730009958148003 13
1653293869875 0.021200411021709442 14
1653293869891 0.021200411021709442 14
1653293877250 0.01892145723104477 15
1653293877265 0.01892145723104477 15
1653293884052 0.02156289666891098 16
1653293884066 0.02156289666891098 16
1653293890584 0.02153621055185795 17
1653293890599 0.02153621055185795 17
1653293897477 0.019599081948399544 18
1653293897492 0.019599081948399544 18
1653293904765 0.01932183839380741 19
1653293904780 0.01932183839380741 19
