1653293769922 0.24749641120433807 0
1653293769939 0.24749641120433807 0
1653293776874 0.24026598036289215 1
1653293776888 0.24026598036289215 1
1653293784579 0.24542221426963806 2
1653293784594 0.24542221426963806 2
1653293791915 0.21625271439552307 3
1653293791931 0.21625271439552307 3
1653293799288 0.25969430804252625 4
1653293799303 0.25969430804252625 4
1653293806786 0.23565346002578735 5
1653293806801 0.23565346002578735 5
1653293813475 0.21873895823955536 6
1653293813489 0.21873895823955536 6
1653293820756 0.2502243220806122 7
1653293820772 0.2502243220806122 7
1653293828067 0.19911152124404907 8
1653293828082 0.19911152124404907 8
1653293835305 0.23619288206100464 9
1653293835321 0.23619288206100464 9
1653293842686 0.22378669679164886 10
1653293842703 0.22378669679164886 10
1653293849155 0.21860432624816895 11
1653293849170 0.21860432624816895 11
1653293855596 0.20998896658420563 12
1653293855611 0.20998896658420563 12
1653293862089 0.22922948002815247 13
1653293862105 0.22922948002815247 13
1653293869875 0.21347704529762268 14
1653293869891 0.21347704529762268 14
1653293877250 0.2258526086807251 15
1653293877265 0.2258526086807251 15
1653293884052 0.18692021071910858 16
1653293884066 0.18692021071910858 16
1653293890584 0.206825390458107 17
1653293890599 0.206825390458107 17
1653293897477 0.19799058139324188 18
1653293897492 0.19799058139324188 18
1653293904765 0.1954347789287567 19
1653293904780 0.1954347789287567 19
