1653293769922 0.6934767365455627 0
1653293769939 0.6934767365455627 0
1653293776874 0.6929559111595154 1
1653293776888 0.6929559111595154 1
1653293784579 0.6918023824691772 2
1653293784594 0.6918023824691772 2
1653293791915 0.6848632097244263 3
1653293791931 0.6848632097244263 3
1653293799288 0.6777641177177429 4
1653293799303 0.6777641177177429 4
1653293806786 0.6703904867172241 5
1653293806801 0.6703904867172241 5
1653293813475 0.6711686253547668 6
1653293813489 0.6711686253547668 6
1653293820756 0.6672233939170837 7
1653293820772 0.6672233939170837 7
1653293828067 0.6652933955192566 8
1653293828082 0.6652933955192566 8
1653293835305 0.6604894995689392 9
1653293835321 0.6604894995689392 9
1653293842686 0.6582190990447998 10
1653293842703 0.6582190990447998 10
1653293849155 0.6576834321022034 11
1653293849170 0.6576834321022034 11
1653293855596 0.6542072296142578 12
1653293855611 0.6542072296142578 12
1653293862089 0.6540936231613159 13
1653293862105 0.6540936231613159 13
1653293869875 0.6534013152122498 14
1653293869891 0.6534013152122498 14
1653293877250 0.6513260006904602 15
1653293877265 0.6513260006904602 15
1653293884052 0.6523430943489075 16
1653293884066 0.6523430943489075 16
1653293890584 0.6499502658843994 17
1653293890599 0.6499502658843994 17
1653293897477 0.6492747664451599 18
1653293897492 0.6492747664451599 18
1653293904765 0.6467612981796265 19
1653293904780 0.6467612981796265 19
