1653310646603 0.5061206817626953 0
1653310646622 0.5061206817626953 0
1653310655876 0.510123074054718 1
1653310655894 0.510123074054718 1
1653310666576 0.5132495164871216 2
1653310666594 0.5132495164871216 2
1653310675800 0.5457956790924072 3
1653310675819 0.5457956790924072 3
1653310686592 0.5317813754081726 4
1653310686610 0.5317813754081726 4
1653310695120 0.5640393495559692 5
1653310695138 0.5640393495559692 5
1653310703817 0.5763103365898132 6
1653310703835 0.5763103365898132 6
1653310712347 0.6075774431228638 7
1653310712365 0.6075774431228638 7
1653310721648 0.6263761520385742 8
1653310721668 0.6263761520385742 8
1653310730076 0.66684889793396 9
1653310730094 0.66684889793396 9
1653310739984 0.6565245985984802 10
1653310740004 0.6565245985984802 10
1653310748958 0.6565477848052979 11
1653310748977 0.6565477848052979 11
1653310758940 0.6840715408325195 12
1653310758960 0.6840715408325195 12
1653310768528 0.6985074877738953 13
1653310768548 0.6985074877738953 13
1653310778495 0.6965767741203308 14
1653310778515 0.6965767741203308 14
1653310789415 0.7023765444755554 15
1653310789435 0.7023765444755554 15
1653310799319 0.6928344964981079 16
1653310799338 0.6928344964981079 16
1653310810053 0.6960479617118835 17
1653310810072 0.6960479617118835 17
1653310818607 0.7161822319030762 18
1653310818625 0.7161822319030762 18
1653310827615 0.7357591390609741 19
1653310827634 0.7357591390609741 19
