1653310646603 0.6595718860626221 0
1653310646622 0.6595718860626221 0
1653310655876 0.6384516358375549 1
1653310655894 0.6384516358375549 1
1653310666576 0.6395587921142578 2
1653310666594 0.6395587921142578 2
1653310675800 0.6310747861862183 3
1653310675819 0.6310747861862183 3
1653310686592 0.6355612277984619 4
1653310686610 0.6355612277984619 4
1653310695120 0.6303776502609253 5
1653310695138 0.6303776502609253 5
1653310703817 0.6235807538032532 6
1653310703835 0.6235807538032532 6
1653310712347 0.6175521016120911 7
1653310712365 0.6175521016120911 7
1653310721648 0.6137654781341553 8
1653310721668 0.6137654781341553 8
1653310730076 0.6010420918464661 9
1653310730094 0.6010420918464661 9
1653310739984 0.6015562415122986 10
1653310740004 0.6015562415122986 10
1653310748958 0.5977297425270081 11
1653310748977 0.5977297425270081 11
1653310758940 0.5893880128860474 12
1653310758960 0.5893880128860474 12
1653310768528 0.5753673911094666 13
1653310768548 0.5753673911094666 13
1653310778495 0.5805067420005798 14
1653310778515 0.5805067420005798 14
1653310789415 0.5764061212539673 15
1653310789435 0.5764061212539673 15
1653310799319 0.5805742740631104 16
1653310799338 0.5805742740631104 16
1653310810053 0.5950890779495239 17
1653310810072 0.5950890779495239 17
1653310818607 0.5670967102050781 18
1653310818625 0.5670967102050781 18
1653310827615 0.5568094253540039 19
1653310827634 0.5568094253540039 19
