1653310646603 0.5166879296302795 0
1653310646622 0.5166879296302795 0
1653310655876 0.35771527886390686 1
1653310655894 0.35771527886390686 1
1653310666576 0.336233913898468 2
1653310666594 0.336233913898468 2
1653310675800 0.31954851746559143 3
1653310675819 0.31954851746559143 3
1653310686592 0.3545251786708832 4
1653310686610 0.3545251786708832 4
1653310695120 0.3273187279701233 5
1653310695138 0.3273187279701233 5
1653310703817 0.3327736556529999 6
1653310703835 0.3327736556529999 6
1653310712347 0.32903629541397095 7
1653310712365 0.32903629541397095 7
1653310721648 0.33194205164909363 8
1653310721668 0.33194205164909363 8
1653310730076 0.2852449417114258 9
1653310730094 0.2852449417114258 9
1653310739984 0.33540013432502747 10
1653310740004 0.33540013432502747 10
1653310748958 0.3250270187854767 11
1653310748977 0.3250270187854767 11
1653310758940 0.275784969329834 12
1653310758960 0.275784969329834 12
1653310768528 0.30195873975753784 13
1653310768548 0.30195873975753784 13
1653310778495 0.3084114193916321 14
1653310778515 0.3084114193916321 14
1653310789415 0.26140013337135315 15
1653310789435 0.26140013337135315 15
1653310799319 0.33735597133636475 16
1653310799338 0.33735597133636475 16
1653310810053 0.27661436796188354 17
1653310810072 0.27661436796188354 17
1653310818607 0.31807103753089905 18
1653310818625 0.31807103753089905 18
1653310827615 0.305519700050354 19
1653310827634 0.305519700050354 19
