1653310646603 2.464618444442749 0
1653310646622 2.464618444442749 0
1653310655876 1.2719783782958984 1
1653310655894 1.2719783782958984 1
1653310666576 1.097000002861023 2
1653310666594 1.097000002861023 2
1653310675800 0.9871997237205505 3
1653310675819 0.9871997237205505 3
1653310686592 1.3461570739746094 4
1653310686610 1.3461570739746094 4
1653310695120 1.1297518014907837 5
1653310695138 1.1297518014907837 5
1653310703817 1.186972737312317 6
1653310703835 1.186972737312317 6
1653310712347 1.2122992277145386 7
1653310712365 1.2122992277145386 7
1653310721648 1.2122172117233276 8
1653310721668 1.2122172117233276 8
1653310730076 0.8312512636184692 9
1653310730094 0.8312512636184692 9
1653310739984 1.3955820798873901 10
1653310740004 1.3955820798873901 10
1653310748958 1.2735346555709839 11
1653310748977 1.2735346555709839 11
1653310758940 0.853064239025116 12
1653310758960 0.853064239025116 12
1653310768528 1.187528133392334 13
1653310768548 1.187528133392334 13
1653310778495 1.2439697980880737 14
1653310778515 1.2439697980880737 14
1653310789415 0.7433743476867676 15
1653310789435 0.7433743476867676 15
1653310799319 1.5044654607772827 16
1653310799338 1.5044654607772827 16
1653310810053 0.8061344623565674 17
1653310810072 0.8061344623565674 17
1653310818607 1.3452421426773071 18
1653310818625 1.3452421426773071 18
1653310827615 1.2965655326843262 19
1653310827634 1.2965655326843262 19
