1653310646603 0.13385897874832153 0
1653310646622 0.13385897874832153 0
1653310655876 0.10836479067802429 1
1653310655894 0.10836479067802429 1
1653310666576 0.10790042579174042 2
1653310666594 0.10790042579174042 2
1653310675800 0.10215160250663757 3
1653310675819 0.10215160250663757 3
1653310686592 0.09821372479200363 4
1653310686610 0.09821372479200363 4
1653310695120 0.09912315756082535 5
1653310695138 0.09912315756082535 5
1653310703817 0.08885892480611801 6
1653310703835 0.08885892480611801 6
1653310712347 0.09136839210987091 7
1653310712365 0.09136839210987091 7
1653310721648 0.09020576626062393 8
1653310721668 0.09020576626062393 8
1653310730076 0.08413267135620117 9
1653310730094 0.08413267135620117 9
1653310739984 0.08776874840259552 10
1653310740004 0.08776874840259552 10
1653310748958 0.07745654881000519 11
1653310748977 0.07745654881000519 11
1653310758940 0.07171215862035751 12
1653310758960 0.07171215862035751 12
1653310768528 0.06657655537128448 13
1653310768548 0.06657655537128448 13
1653310778495 0.065802201628685 14
1653310778515 0.065802201628685 14
1653310789415 0.06308813393115997 15
1653310789435 0.06308813393115997 15
1653310799319 0.08350937813520432 16
1653310799338 0.08350937813520432 16
1653310810053 0.09202148765325546 17
1653310810072 0.09202148765325546 17
1653310818607 0.07364712655544281 18
1653310818625 0.07364712655544281 18
1653310827615 0.0626358687877655 19
1653310827634 0.0626358687877655 19
