1653310646603 0.9116137623786926 0
1653310646622 0.9116137623786926 0
1653310655876 0.7212966084480286 1
1653310655894 0.7212966084480286 1
1653310666576 0.6827422380447388 2
1653310666594 0.6827422380447388 2
1653310675800 0.6714368462562561 3
1653310675819 0.6714368462562561 3
1653310686592 0.6782793402671814 4
1653310686610 0.6782793402671814 4
1653310695120 0.6485564112663269 5
1653310695138 0.6485564112663269 5
1653310703817 0.6508628129959106 6
1653310703835 0.6508628129959106 6
1653310712347 0.6217641830444336 7
1653310712365 0.6217641830444336 7
1653310721648 0.6450878381729126 8
1653310721668 0.6450878381729126 8
1653310730076 0.5924432277679443 9
1653310730094 0.5924432277679443 9
1653310739984 0.6004796624183655 10
1653310740004 0.6004796624183655 10
1653310748958 0.597610354423523 11
1653310748977 0.597610354423523 11
1653310758940 0.5733423233032227 12
1653310758960 0.5733423233032227 12
1653310768528 0.5411798357963562 13
1653310768548 0.5411798357963562 13
1653310778495 0.5533227920532227 14
1653310778515 0.5533227920532227 14
1653310789415 0.5517820119857788 15
1653310789435 0.5517820119857788 15
1653310799319 0.5663883090019226 16
1653310799338 0.5663883090019226 16
1653310810053 0.570119321346283 17
1653310810072 0.570119321346283 17
1653310818607 0.5482456684112549 18
1653310818625 0.5482456684112549 18
1653310827615 0.5181719660758972 19
1653310827634 0.5181719660758972 19
