1653310646603 0.03663616627454758 0
1653310646622 0.03663616627454758 0
1653310655876 0.029788823798298836 1
1653310655894 0.029788823798298836 1
1653310666576 0.033552125096321106 2
1653310666594 0.033552125096321106 2
1653310675800 0.02905214950442314 3
1653310675819 0.02905214950442314 3
1653310686592 0.027746960520744324 4
1653310686610 0.027746960520744324 4
1653310695120 0.028891604393720627 5
1653310695138 0.028891604393720627 5
1653310703817 0.02772487886250019 6
1653310703835 0.02772487886250019 6
1653310712347 0.026175666600465775 7
1653310712365 0.026175666600465775 7
1653310721648 0.030547799542546272 8
1653310721668 0.030547799542546272 8
1653310730076 0.02261008508503437 9
1653310730094 0.02261008508503437 9
1653310739984 0.023221950978040695 10
1653310740004 0.023221950978040695 10
1653310748958 0.02770799957215786 11
1653310748977 0.02770799957215786 11
1653310758940 0.021132588386535645 12
1653310758960 0.021132588386535645 12
1653310768528 0.020276280120015144 13
1653310768548 0.020276280120015144 13
1653310778495 0.023801425471901894 14
1653310778515 0.023801425471901894 14
1653310789415 0.019847717136144638 15
1653310789435 0.019847717136144638 15
1653310799319 0.019720742478966713 16
1653310799338 0.019720742478966713 16
1653310810053 0.023564917966723442 17
1653310810072 0.023564917966723442 17
1653310818607 0.021803366020321846 18
1653310818625 0.021803366020321846 18
1653310827615 0.01586283929646015 19
1653310827634 0.01586283929646015 19
