1653310646603 0.3155149817466736 0
1653310646622 0.3155149817466736 0
1653310655876 0.2550557553768158 1
1653310655894 0.2550557553768158 1
1653310666576 0.250656396150589 2
1653310666594 0.250656396150589 2
1653310675800 0.24262334406375885 3
1653310675819 0.24262334406375885 3
1653310686592 0.24796712398529053 4
1653310686610 0.24796712398529053 4
1653310695120 0.2332017570734024 5
1653310695138 0.2332017570734024 5
1653310703817 0.24880538880825043 6
1653310703835 0.24880538880825043 6
1653310712347 0.23895907402038574 7
1653310712365 0.23895907402038574 7
1653310721648 0.23591488599777222 8
1653310721668 0.23591488599777222 8
1653310730076 0.23951919376850128 9
1653310730094 0.23951919376850128 9
1653310739984 0.21343745291233063 10
1653310740004 0.21343745291233063 10
1653310748958 0.22941571474075317 11
1653310748977 0.22941571474075317 11
1653310758940 0.2160026580095291 12
1653310758960 0.2160026580095291 12
1653310768528 0.22400520741939545 13
1653310768548 0.22400520741939545 13
1653310778495 0.2157013714313507 14
1653310778515 0.2157013714313507 14
1653310789415 0.22782592475414276 15
1653310789435 0.22782592475414276 15
1653310799319 0.2134278416633606 16
1653310799338 0.2134278416633606 16
1653310810053 0.21495066583156586 17
1653310810072 0.21495066583156586 17
1653310818607 0.21927757561206818 18
1653310818625 0.21927757561206818 18
1653310827615 0.2243199348449707 19
1653310827634 0.2243199348449707 19
