1653297812039 0.513024091720581 0
1653297812056 0.513024091720581 0
1653297819265 0.5232973694801331 1
1653297819281 0.5232973694801331 1
1653297825674 0.5491002798080444 2
1653297825693 0.5491002798080444 2
1653297832464 0.593863308429718 3
1653297832480 0.593863308429718 3
1653297839382 0.609746515750885 4
1653297839398 0.609746515750885 4
1653297846818 0.6321032047271729 5
1653297846833 0.6321032047271729 5
1653297853194 0.6467390656471252 6
1653297853212 0.6467390656471252 6
1653297861263 0.6681551933288574 7
1653297861280 0.6681551933288574 7
1653297867765 0.659827709197998 8
1653297867780 0.659827709197998 8
1653297875050 0.6736799478530884 9
1653297875067 0.6736799478530884 9
1653297882110 0.7025996446609497 10
1653297882125 0.7025996446609497 10
1653297888758 0.6764011383056641 11
1653297888774 0.6764011383056641 11
1653297896054 0.7100748419761658 12
1653297896071 0.7100748419761658 12
1653297904124 0.7124421000480652 13
1653297904142 0.7124421000480652 13
1653297911394 0.7215778827667236 14
1653297911411 0.7215778827667236 14
1653297917862 0.7120922803878784 15
1653297917878 0.7120922803878784 15
1653297925171 0.7431187629699707 16
1653297925187 0.7431187629699707 16
1653297931662 0.718876302242279 17
1653297931678 0.718876302242279 17
1653297938878 0.7486739754676819 18
1653297938895 0.7486739754676819 18
1653297945282 0.7479732036590576 19
1653297945298 0.7479732036590576 19
