1653297812039 0.6421269178390503 0
1653297812056 0.6421269178390503 0
1653297819265 0.6317579746246338 1
1653297819281 0.6317579746246338 1
1653297825674 0.6316171884536743 2
1653297825693 0.6316171884536743 2
1653297832464 0.622402548789978 3
1653297832480 0.622402548789978 3
1653297839382 0.6217174530029297 4
1653297839398 0.6217174530029297 4
1653297846818 0.6096723079681396 5
1653297846833 0.6096723079681396 5
1653297853194 0.6049487590789795 6
1653297853212 0.6049487590789795 6
1653297861263 0.5973382592201233 7
1653297861280 0.5973382592201233 7
1653297867765 0.6031268835067749 8
1653297867780 0.6031268835067749 8
1653297875050 0.5861537456512451 9
1653297875067 0.5861537456512451 9
1653297882110 0.5808814764022827 10
1653297882125 0.5808814764022827 10
1653297888758 0.5906482338905334 11
1653297888774 0.5906482338905334 11
1653297896054 0.5729572772979736 12
1653297896071 0.5729572772979736 12
1653297904124 0.5720993280410767 13
1653297904142 0.5720993280410767 13
1653297911394 0.5608400106430054 14
1653297911411 0.5608400106430054 14
1653297917862 0.5740540623664856 15
1653297917878 0.5740540623664856 15
1653297925171 0.5561284422874451 16
1653297925187 0.5561284422874451 16
1653297931662 0.5632405281066895 17
1653297931678 0.5632405281066895 17
1653297938878 0.5471556782722473 18
1653297938895 0.5471556782722473 18
1653297945282 0.5425565838813782 19
1653297945298 0.5425565838813782 19
