1653297812039 0.3359067738056183 0
1653297812056 0.3359067738056183 0
1653297819265 0.3361451029777527 1
1653297819281 0.3361451029777527 1
1653297825674 0.32509610056877136 2
1653297825693 0.32509610056877136 2
1653297832464 0.33365598320961 3
1653297832480 0.33365598320961 3
1653297839382 0.33183425664901733 4
1653297839398 0.33183425664901733 4
1653297846818 0.3243837356567383 5
1653297846833 0.3243837356567383 5
1653297853194 0.30866342782974243 6
1653297853212 0.30866342782974243 6
1653297861263 0.32024890184402466 7
1653297861280 0.32024890184402466 7
1653297867765 0.30621805787086487 8
1653297867780 0.30621805787086487 8
1653297875050 0.30549219250679016 9
1653297875067 0.30549219250679016 9
1653297882110 0.2848174273967743 10
1653297882125 0.2848174273967743 10
1653297888758 0.3142726719379425 11
1653297888774 0.3142726719379425 11
1653297896054 0.30688849091529846 12
1653297896071 0.30688849091529846 12
1653297904124 0.29208970069885254 13
1653297904142 0.29208970069885254 13
1653297911394 0.3120464086532593 14
1653297911411 0.3120464086532593 14
1653297917862 0.27245694398880005 15
1653297917878 0.27245694398880005 15
1653297925171 0.29937994480133057 16
1653297925187 0.29937994480133057 16
1653297931662 0.3025772273540497 17
1653297931678 0.3025772273540497 17
1653297938878 0.2655026316642761 18
1653297938895 0.2655026316642761 18
1653297945282 0.28181907534599304 19
1653297945298 0.28181907534599304 19
