1653297812039 1.129185438156128 0
1653297812056 1.129185438156128 0
1653297819265 1.1820704936981201 1
1653297819281 1.1820704936981201 1
1653297825674 1.0647023916244507 2
1653297825693 1.0647023916244507 2
1653297832464 1.1928247213363647 3
1653297832480 1.1928247213363647 3
1653297839382 1.195561170578003 4
1653297839398 1.195561170578003 4
1653297846818 1.1641871929168701 5
1653297846833 1.1641871929168701 5
1653297853194 1.0684891939163208 6
1653297853212 1.0684891939163208 6
1653297861263 1.1975512504577637 7
1653297861280 1.1975512504577637 7
1653297867765 1.0814684629440308 8
1653297867780 1.0814684629440308 8
1653297875050 1.1410421133041382 9
1653297875067 1.1410421133041382 9
1653297882110 0.9417678713798523 10
1653297882125 0.9417678713798523 10
1653297888758 1.2269576787948608 11
1653297888774 1.2269576787948608 11
1653297896054 1.2204071283340454 12
1653297896071 1.2204071283340454 12
1653297904124 1.0377202033996582 13
1653297904142 1.0377202033996582 13
1653297911394 1.3587175607681274 14
1653297911411 1.3587175607681274 14
1653297917862 0.885817289352417 15
1653297917878 0.885817289352417 15
1653297925171 1.2193509340286255 16
1653297925187 1.2193509340286255 16
1653297931662 1.2479021549224854 17
1653297931678 1.2479021549224854 17
1653297938878 0.9483615159988403 18
1653297938895 0.9483615159988403 18
1653297945282 1.0910707712173462 19
1653297945298 1.0910707712173462 19
