1653297812039 0.09935775399208069 0
1653297812056 0.09935775399208069 0
1653297819265 0.09342022985219955 1
1653297819281 0.09342022985219955 1
1653297825674 0.10156519711017609 2
1653297825693 0.10156519711017609 2
1653297832464 0.09774978458881378 3
1653297832480 0.09774978458881378 3
1653297839382 0.09112633019685745 4
1653297839398 0.09112633019685745 4
1653297846818 0.09644214063882828 5
1653297846833 0.09644214063882828 5
1653297853194 0.08395400643348694 6
1653297853212 0.08395400643348694 6
1653297861263 0.09157965332269669 7
1653297861280 0.09157965332269669 7
1653297867765 0.08085065335035324 8
1653297867780 0.08085065335035324 8
1653297875050 0.07597269862890244 9
1653297875067 0.07597269862890244 9
1653297882110 0.07741378992795944 10
1653297882125 0.07741378992795944 10
1653297888758 0.07548228651285172 11
1653297888774 0.07548228651285172 11
1653297896054 0.07268588989973068 12
1653297896071 0.07268588989973068 12
1653297904124 0.07959024608135223 13
1653297904142 0.07959024608135223 13
1653297911394 0.0694001317024231 14
1653297911411 0.0694001317024231 14
1653297917862 0.06979630142450333 15
1653297917878 0.06979630142450333 15
1653297925171 0.066449835896492 16
1653297925187 0.066449835896492 16
1653297931662 0.06400449573993683 17
1653297931678 0.06400449573993683 17
1653297938878 0.05919352173805237 18
1653297938895 0.05919352173805237 18
1653297945282 0.06551475077867508 19
1653297945298 0.06551475077867508 19
