1653297812039 0.681806206703186 0
1653297812056 0.681806206703186 0
1653297819265 0.6719254851341248 1
1653297819281 0.6719254851341248 1
1653297825674 0.6435801982879639 2
1653297825693 0.6435801982879639 2
1653297832464 0.6580486297607422 3
1653297832480 0.6580486297607422 3
1653297839382 0.6387383937835693 4
1653297839398 0.6387383937835693 4
1653297846818 0.6113381385803223 5
1653297846833 0.6113381385803223 5
1653297853194 0.6080726385116577 6
1653297853212 0.6080726385116577 6
1653297861263 0.5862885117530823 7
1653297861280 0.5862885117530823 7
1653297867765 0.5779567956924438 8
1653297867780 0.5779567956924438 8
1653297875050 0.5572764873504639 9
1653297875067 0.5572764873504639 9
1653297882110 0.5450999736785889 10
1653297882125 0.5450999736785889 10
1653297888758 0.5643202066421509 11
1653297888774 0.5643202066421509 11
1653297896054 0.542042076587677 12
1653297896071 0.542042076587677 12
1653297904124 0.5457963943481445 13
1653297904142 0.5457963943481445 13
1653297911394 0.5145967602729797 14
1653297911411 0.5145967602729797 14
1653297917862 0.5303463339805603 15
1653297917878 0.5303463339805603 15
1653297925171 0.5253997445106506 16
1653297925187 0.5253997445106506 16
1653297931662 0.529121994972229 17
1653297931678 0.529121994972229 17
1653297938878 0.4918491542339325 18
1653297938895 0.4918491542339325 18
1653297945282 0.5085208415985107 19
1653297945298 0.5085208415985107 19
