1653297812039 0.029203634709119797 0
1653297812056 0.029203634709119797 0
1653297819265 0.027791080996394157 1
1653297819281 0.027791080996394157 1
1653297825674 0.028636503964662552 2
1653297825693 0.028636503964662552 2
1653297832464 0.027465825900435448 3
1653297832480 0.027465825900435448 3
1653297839382 0.028528686612844467 4
1653297839398 0.028528686612844467 4
1653297846818 0.02721503935754299 5
1653297846833 0.02721503935754299 5
1653297853194 0.026426147669553757 6
1653297853212 0.026426147669553757 6
1653297861263 0.02882750891149044 7
1653297861280 0.02882750891149044 7
1653297867765 0.0275713037699461 8
1653297867780 0.0275713037699461 8
1653297875050 0.02456727623939514 9
1653297875067 0.02456727623939514 9
1653297882110 0.025043999776244164 10
1653297882125 0.025043999776244164 10
1653297888758 0.0289603304117918 11
1653297888774 0.0289603304117918 11
1653297896054 0.022242551669478416 12
1653297896071 0.022242551669478416 12
1653297904124 0.02255849912762642 13
1653297904142 0.02255849912762642 13
1653297911394 0.022327536717057228 14
1653297911411 0.022327536717057228 14
1653297917862 0.024008776992559433 15
1653297917878 0.024008776992559433 15
1653297925171 0.019313275814056396 16
1653297925187 0.019313275814056396 16
1653297931662 0.0212252214550972 17
1653297931678 0.0212252214550972 17
1653297938878 0.02099127508699894 18
1653297938895 0.02099127508699894 18
1653297945282 0.022091200575232506 19
1653297945298 0.022091200575232506 19
