1653297812039 0.2486436516046524 0
1653297812056 0.2486436516046524 0
1653297819265 0.24490809440612793 1
1653297819281 0.24490809440612793 1
1653297825674 0.2531452775001526 2
1653297825693 0.2531452775001526 2
1653297832464 0.23614142835140228 3
1653297832480 0.23614142835140228 3
1653297839382 0.2452106475830078 4
1653297839398 0.2452106475830078 4
1653297846818 0.2417576164007187 5
1653297846833 0.2417576164007187 5
1653297853194 0.22803767025470734 6
1653297853212 0.22803767025470734 6
1653297861263 0.23111073672771454 7
1653297861280 0.23111073672771454 7
1653297867765 0.23250679671764374 8
1653297867780 0.23250679671764374 8
1653297875050 0.23176056146621704 9
1653297875067 0.23176056146621704 9
1653297882110 0.23049362003803253 10
1653297882125 0.23049362003803253 10
1653297888758 0.22343340516090393 11
1653297888774 0.22343340516090393 11
1653297896054 0.22417010366916656 12
1653297896071 0.22417010366916656 12
1653297904124 0.22581233084201813 13
1653297904142 0.22581233084201813 13
1653297911394 0.21202708780765533 14
1653297911411 0.21202708780765533 14
1653297917862 0.2179834544658661 15
1653297917878 0.2179834544658661 15
1653297925171 0.21679900586605072 16
1653297925187 0.21679900586605072 16
1653297931662 0.21397507190704346 17
1653297931678 0.21397507190704346 17
1653297938878 0.207625612616539 18
1653297938895 0.207625612616539 18
1653297945282 0.2044038474559784 19
1653297945298 0.2044038474559784 19
