1653299619039 0.5301921963691711 0
1653299619057 0.5301921963691711 0
1653299626200 0.5707736015319824 1
1653299626218 0.5707736015319824 1
1653299633076 0.5986440181732178 2
1653299633092 0.5986440181732178 2
1653299639509 0.6461201906204224 3
1653299639525 0.6461201906204224 3
1653299646063 0.7206787467002869 4
1653299646080 0.7206787467002869 4
1653299653412 0.7481724619865417 5
1653299653431 0.7481724619865417 5
1653299661165 0.7616621255874634 6
1653299661183 0.7616621255874634 6
1653299668477 0.7887940406799316 7
1653299668495 0.7887940406799316 7
1653299675813 0.7914577722549438 8
1653299675831 0.7914577722549438 8
1653299683039 0.8019587397575378 9
1653299683056 0.8019587397575378 9
1653299690290 0.8012405037879944 10
1653299690308 0.8012405037879944 10
1653299697618 0.8138751983642578 11
1653299697635 0.8138751983642578 11
1653299705712 0.7941297292709351 12
1653299705730 0.7941297292709351 12
1653299713035 0.8228644728660583 13
1653299713054 0.8228644728660583 13
1653299721108 0.811032772064209 14
1653299721125 0.811032772064209 14
1653299728427 0.8282483220100403 15
1653299728444 0.8282483220100403 15
1653299734708 0.8227463364601135 16
1653299734725 0.8227463364601135 16
1653299741929 0.8355225324630737 17
1653299741947 0.8355225324630737 17
1653299748451 0.8275678157806396 18
1653299748467 0.8275678157806396 18
1653299754703 0.8354966640472412 19
1653299754720 0.8354966640472412 19
