1653299619039 0.637324333190918 0
1653299619057 0.637324333190918 0
1653299626200 0.628721296787262 1
1653299626218 0.628721296787262 1
1653299633076 0.6218622922897339 2
1653299633092 0.6218622922897339 2
1653299639509 0.6103120446205139 3
1653299639525 0.6103120446205139 3
1653299646063 0.5741627216339111 4
1653299646080 0.5741627216339111 4
1653299653412 0.5467188954353333 5
1653299653431 0.5467188954353333 5
1653299661165 0.5306068658828735 6
1653299661183 0.5306068658828735 6
1653299668477 0.5069332122802734 7
1653299668495 0.5069332122802734 7
1653299675813 0.5009473562240601 8
1653299675831 0.5009473562240601 8
1653299683039 0.4888918101787567 9
1653299683056 0.4888918101787567 9
1653299690290 0.48409825563430786 10
1653299690308 0.48409825563430786 10
1653299697618 0.47350433468818665 11
1653299697635 0.47350433468818665 11
1653299705712 0.4880184531211853 12
1653299705730 0.4880184531211853 12
1653299713035 0.46323999762535095 13
1653299713054 0.46323999762535095 13
1653299721108 0.4728873670101166 14
1653299721125 0.4728873670101166 14
1653299728427 0.45421579480171204 15
1653299728444 0.45421579480171204 15
1653299734708 0.46255427598953247 16
1653299734725 0.46255427598953247 16
1653299741929 0.4433285892009735 17
1653299741947 0.4433285892009735 17
1653299748451 0.4508152902126312 18
1653299748467 0.4508152902126312 18
1653299754703 0.4479236900806427 19
1653299754720 0.4479236900806427 19
