1653299619039 0.3511463701725006 0
1653299619057 0.3511463701725006 0
1653299626200 0.31896552443504333 1
1653299626218 0.31896552443504333 1
1653299633076 0.26602882146835327 2
1653299633092 0.26602882146835327 2
1653299639509 0.23380818963050842 3
1653299639525 0.23380818963050842 3
1653299646063 0.20455814898014069 4
1653299646080 0.20455814898014069 4
1653299653412 0.19014234840869904 5
1653299653431 0.19014234840869904 5
1653299661165 0.1760011613368988 6
1653299661183 0.1760011613368988 6
1653299668477 0.16206538677215576 7
1653299668495 0.16206538677215576 7
1653299675813 0.16174551844596863 8
1653299675831 0.16174551844596863 8
1653299683039 0.1571446806192398 9
1653299683056 0.1571446806192398 9
1653299690290 0.145974799990654 10
1653299690308 0.145974799990654 10
1653299697618 0.14650249481201172 11
1653299697635 0.14650249481201172 11
1653299705712 0.15005820989608765 12
1653299705730 0.15005820989608765 12
1653299713035 0.14152131974697113 13
1653299713054 0.14152131974697113 13
1653299721108 0.1334252953529358 14
1653299721125 0.1334252953529358 14
1653299728427 0.13559643924236298 15
1653299728444 0.13559643924236298 15
1653299734708 0.1348828822374344 16
1653299734725 0.1348828822374344 16
1653299741929 0.13003933429718018 17
1653299741947 0.13003933429718018 17
1653299748451 0.12685438990592957 18
1653299748467 0.12685438990592957 18
1653299754703 0.12937773764133453 19
1653299754720 0.12937773764133453 19
