1653299619039 0.22893895208835602 0
1653299619057 0.22893895208835602 0
1653299626200 0.20999419689178467 1
1653299626218 0.20999419689178467 1
1653299633076 0.1440068781375885 2
1653299633092 0.1440068781375885 2
1653299639509 0.12432157248258591 3
1653299639525 0.12432157248258591 3
1653299646063 0.09519114345312119 4
1653299646080 0.09519114345312119 4
1653299653412 0.07338271290063858 5
1653299653431 0.07338271290063858 5
1653299661165 0.0637967586517334 6
1653299661183 0.0637967586517334 6
1653299668477 0.05661468580365181 7
1653299668495 0.05661468580365181 7
1653299675813 0.05709144100546837 8
1653299675831 0.05709144100546837 8
1653299683039 0.05226743593811989 9
1653299683056 0.05226743593811989 9
1653299690290 0.047766413539648056 10
1653299690308 0.047766413539648056 10
1653299697618 0.046405524015426636 11
1653299697635 0.046405524015426636 11
1653299705712 0.0523173026740551 12
1653299705730 0.0523173026740551 12
1653299713035 0.04094560444355011 13
1653299713054 0.04094560444355011 13
1653299721108 0.04661315307021141 14
1653299721125 0.04661315307021141 14
1653299728427 0.04335055500268936 15
1653299728444 0.04335055500268936 15
1653299734708 0.043579764664173126 16
1653299734725 0.043579764664173126 16
1653299741929 0.04073314741253853 17
1653299741947 0.04073314741253853 17
1653299748451 0.041628994047641754 18
1653299748467 0.041628994047641754 18
1653299754703 0.04013347253203392 19
1653299754720 0.04013347253203392 19
