1653299619039 0.8825228810310364 0
1653299619057 0.8825228810310364 0
1653299626200 0.8138160705566406 1
1653299626218 0.8138160705566406 1
1653299633076 0.7311397194862366 2
1653299633092 0.7311397194862366 2
1653299639509 0.6641380190849304 3
1653299639525 0.6641380190849304 3
1653299646063 0.5505231022834778 4
1653299646080 0.5505231022834778 4
1653299653412 0.49961450695991516 5
1653299653431 0.49961450695991516 5
1653299661165 0.4851578176021576 6
1653299661183 0.4851578176021576 6
1653299668477 0.4397531747817993 7
1653299668495 0.4397531747817993 7
1653299675813 0.44597387313842773 8
1653299675831 0.44597387313842773 8
1653299683039 0.42363694310188293 9
1653299683056 0.42363694310188293 9
1653299690290 0.42478203773498535 10
1653299690308 0.42478203773498535 10
1653299697618 0.4056282937526703 11
1653299697635 0.4056282937526703 11
1653299705712 0.4280625283718109 12
1653299705730 0.4280625283718109 12
1653299713035 0.3939858376979828 13
1653299713054 0.3939858376979828 13
1653299721108 0.4062146544456482 14
1653299721125 0.4062146544456482 14
1653299728427 0.382539302110672 15
1653299728444 0.382539302110672 15
1653299734708 0.39990928769111633 16
1653299734725 0.39990928769111633 16
1653299741929 0.38426876068115234 17
1653299741947 0.38426876068115234 17
1653299748451 0.3815073072910309 18
1653299748467 0.3815073072910309 18
1653299754703 0.3739014267921448 19
1653299754720 0.3739014267921448 19
