1653299619039 0.07825523614883423 0
1653299619057 0.07825523614883423 0
1653299626200 0.0632982924580574 1
1653299626218 0.0632982924580574 1
1653299633076 0.043132234364748 2
1653299633092 0.043132234364748 2
1653299639509 0.037049174308776855 3
1653299639525 0.037049174308776855 3
1653299646063 0.03227595239877701 4
1653299646080 0.03227595239877701 4
1653299653412 0.03269657492637634 5
1653299653431 0.03269657492637634 5
1653299661165 0.027473922818899155 6
1653299661183 0.027473922818899155 6
1653299668477 0.02557084895670414 7
1653299668495 0.02557084895670414 7
1653299675813 0.024359500035643578 8
1653299675831 0.024359500035643578 8
1653299683039 0.022409575060009956 9
1653299683056 0.022409575060009956 9
1653299690290 0.021915491670370102 10
1653299690308 0.021915491670370102 10
1653299697618 0.01701548509299755 11
1653299697635 0.01701548509299755 11
1653299705712 0.02003265544772148 12
1653299705730 0.02003265544772148 12
1653299713035 0.013175207190215588 13
1653299713054 0.013175207190215588 13
1653299721108 0.01810617744922638 14
1653299721125 0.01810617744922638 14
1653299728427 0.016111910343170166 15
1653299728444 0.016111910343170166 15
1653299734708 0.015207980759441853 16
1653299734725 0.015207980759441853 16
1653299741929 0.01373771671205759 17
1653299741947 0.01373771671205759 17
1653299748451 0.010841314680874348 18
1653299748467 0.010841314680874348 18
1653299754703 0.014786234125494957 19
1653299754720 0.014786234125494957 19
