1653299619039 0.45516982674598694 0
1653299619057 0.45516982674598694 0
1653299626200 0.4190138876438141 1
1653299626218 0.4190138876438141 1
1653299633076 0.3457200527191162 2
1653299633092 0.3457200527191162 2
1653299639509 0.2824784815311432 3
1653299639525 0.2824784815311432 3
1653299646063 0.22868819534778595 4
1653299646080 0.22868819534778595 4
1653299653412 0.2576450705528259 5
1653299653431 0.2576450705528259 5
1653299661165 0.21725590527057648 6
1653299661183 0.21725590527057648 6
1653299668477 0.1860073208808899 7
1653299668495 0.1860073208808899 7
1653299675813 0.2023889273405075 8
1653299675831 0.2023889273405075 8
1653299683039 0.20595400035381317 9
1653299683056 0.20595400035381317 9
1653299690290 0.16791799664497375 10
1653299690308 0.16791799664497375 10
1653299697618 0.1762797087430954 11
1653299697635 0.1762797087430954 11
1653299705712 0.18422831594944 12
1653299705730 0.18422831594944 12
1653299713035 0.1900651603937149 13
1653299713054 0.1900651603937149 13
1653299721108 0.1435822993516922 14
1653299721125 0.1435822993516922 14
1653299728427 0.17094413936138153 15
1653299728444 0.17094413936138153 15
1653299734708 0.16017869114875793 16
1653299734725 0.16017869114875793 16
1653299741929 0.15687501430511475 17
1653299741947 0.15687501430511475 17
1653299748451 0.16142481565475464 18
1653299748467 0.16142481565475464 18
1653299754703 0.15963862836360931 19
1653299754720 0.15963862836360931 19
