1653299619039 0.2627411484718323 0
1653299619057 0.2627411484718323 0
1653299626200 0.2131740003824234 1
1653299626218 0.2131740003824234 1
1653299633076 0.1535564810037613 2
1653299633092 0.1535564810037613 2
1653299639509 0.11829781532287598 3
1653299639525 0.11829781532287598 3
1653299646063 0.13387431204319 4
1653299646080 0.13387431204319 4
1653299653412 0.09990119189023972 5
1653299653431 0.09990119189023972 5
1653299661165 0.09492547065019608 6
1653299661183 0.09492547065019608 6
1653299668477 0.09770629554986954 7
1653299668495 0.09770629554986954 7
1653299675813 0.08194474875926971 8
1653299675831 0.08194474875926971 8
1653299683039 0.0807923898100853 9
1653299683056 0.0807923898100853 9
1653299690290 0.06480119377374649 10
1653299690308 0.06480119377374649 10
1653299697618 0.08198733627796173 11
1653299697635 0.08198733627796173 11
1653299705712 0.06493260711431503 12
1653299705730 0.06493260711431503 12
1653299713035 0.06619018316268921 13
1653299713054 0.06619018316268921 13
1653299721108 0.044300537556409836 14
1653299721125 0.044300537556409836 14
1653299728427 0.05798527970910072 15
1653299728444 0.05798527970910072 15
1653299734708 0.05122046172618866 16
1653299734725 0.05122046172618866 16
1653299741929 0.05135983228683472 17
1653299741947 0.05135983228683472 17
1653299748451 0.032614968717098236 18
1653299748467 0.032614968717098236 18
1653299754703 0.049221351742744446 19
1653299754720 0.049221351742744446 19
