1653300939796 0.6379508376121521 0
1653300939814 0.6379508376121521 0
1653300946606 0.6325649619102478 1
1653300946623 0.6325649619102478 1
1653300953352 0.6203609108924866 2
1653300953368 0.6203609108924866 2
1653300960287 0.5997985005378723 3
1653300960303 0.5997985005378723 3
1653300966861 0.5824773907661438 4
1653300966878 0.5824773907661438 4
1653300974254 0.5521720051765442 5
1653300974272 0.5521720051765442 5
1653300981860 0.5112064480781555 6
1653300981878 0.5112064480781555 6
1653300988267 0.5140254497528076 7
1653300988284 0.5140254497528076 7
1653300995912 0.5191594958305359 8
1653300995930 0.5191594958305359 8
1653301002413 0.475830078125 9
1653301002429 0.475830078125 9
1653301009143 0.49220412969589233 10
1653301009160 0.49220412969589233 10
1653301016436 0.47661998867988586 11
1653301016454 0.47661998867988586 11
1653301022806 0.47799021005630493 12
1653301022822 0.47799021005630493 12
1653301029233 0.47107306122779846 13
1653301029250 0.47107306122779846 13
1653301036468 0.4642610549926758 14
1653301036486 0.4642610549926758 14
1653301042883 0.4739375710487366 15
1653301042899 0.4739375710487366 15
1653301050134 0.450930118560791 16
1653301050152 0.450930118560791 16
1653301057054 0.44823965430259705 17
1653301057070 0.44823965430259705 17
1653301064163 0.4499818980693817 18
1653301064181 0.4499818980693817 18
1653301071384 0.45170414447784424 19
1653301071402 0.45170414447784424 19
