1653300939796 0.5143662095069885 0
1653300939814 0.5143662095069885 0
1653300946606 0.5500742793083191 1
1653300946623 0.5500742793083191 1
1653300953352 0.5952609181404114 2
1653300953368 0.5952609181404114 2
1653300960287 0.6674479842185974 3
1653300960303 0.6674479842185974 3
1653300966861 0.6940707564353943 4
1653300966878 0.6940707564353943 4
1653300974254 0.7428076863288879 5
1653300974272 0.7428076863288879 5
1653300981860 0.7871274948120117 6
1653300981878 0.7871274948120117 6
1653300988267 0.7771350145339966 7
1653300988284 0.7771350145339966 7
1653300995912 0.7683446407318115 8
1653300995930 0.7683446407318115 8
1653301002413 0.8118368983268738 9
1653301002429 0.8118368983268738 9
1653301009143 0.8003390431404114 10
1653301009160 0.8003390431404114 10
1653301016436 0.8058712482452393 11
1653301016454 0.8058712482452393 11
1653301022806 0.8125519752502441 12
1653301022822 0.8125519752502441 12
1653301029233 0.8093498945236206 13
1653301029250 0.8093498945236206 13
1653301036468 0.8201581835746765 14
1653301036486 0.8201581835746765 14
1653301042883 0.8142688274383545 15
1653301042899 0.8142688274383545 15
1653301050134 0.8290140628814697 16
1653301050152 0.8290140628814697 16
1653301057054 0.8291546702384949 17
1653301057070 0.8291546702384949 17
1653301064163 0.8354911208152771 18
1653301064181 0.8354911208152771 18
1653301071384 0.82884281873703 19
1653301071402 0.82884281873703 19
