1653300939796 0.41053563356399536 0
1653300939814 0.41053563356399536 0
1653300946606 0.3785235285758972 1
1653300946623 0.3785235285758972 1
1653300953352 0.32956328988075256 2
1653300953368 0.32956328988075256 2
1653300960287 0.28961071372032166 3
1653300960303 0.28961071372032166 3
1653300966861 0.2777827978134155 4
1653300966878 0.2777827978134155 4
1653300974254 0.25696083903312683 5
1653300974272 0.25696083903312683 5
1653300981860 0.23539528250694275 6
1653300981878 0.23539528250694275 6
1653300988267 0.23309002816677094 7
1653300988284 0.23309002816677094 7
1653300995912 0.23190055787563324 8
1653300995930 0.23190055787563324 8
1653301002413 0.21285484731197357 9
1653301002429 0.21285484731197357 9
1653301009143 0.22202765941619873 10
1653301009160 0.22202765941619873 10
1653301016436 0.2118050456047058 11
1653301016454 0.2118050456047058 11
1653301022806 0.20841969549655914 12
1653301022822 0.20841969549655914 12
1653301029233 0.2087612897157669 13
1653301029250 0.2087612897157669 13
1653301036468 0.2099517434835434 14
1653301036486 0.2099517434835434 14
1653301042883 0.20409873127937317 15
1653301042899 0.20409873127937317 15
1653301050134 0.2000843733549118 16
1653301050152 0.2000843733549118 16
1653301057054 0.19586355984210968 17
1653301057070 0.19586355984210968 17
1653301064163 0.19825740158557892 18
1653301064181 0.19825740158557892 18
1653301071384 0.19243569672107697 19
1653301071402 0.19243569672107697 19
