1653300939796 0.21358579397201538 0
1653300939814 0.21358579397201538 0
1653300946606 0.19925463199615479 1
1653300946623 0.19925463199615479 1
1653300953352 0.14100225269794464 2
1653300953368 0.14100225269794464 2
1653300960287 0.11328724026679993 3
1653300960303 0.11328724026679993 3
1653300966861 0.10313430428504944 4
1653300966878 0.10313430428504944 4
1653300974254 0.07606784254312515 5
1653300974272 0.07606784254312515 5
1653300981860 0.06533658504486084 6
1653300981878 0.06533658504486084 6
1653300988267 0.06353222578763962 7
1653300988284 0.06353222578763962 7
1653300995912 0.052453089505434036 8
1653300995930 0.052453089505434036 8
1653301002413 0.052434347569942474 9
1653301002429 0.052434347569942474 9
1653301009143 0.05069667100906372 10
1653301009160 0.05069667100906372 10
1653301016436 0.043210554867982864 11
1653301016454 0.043210554867982864 11
1653301022806 0.05342023819684982 12
1653301022822 0.05342023819684982 12
1653301029233 0.0405157171189785 13
1653301029250 0.0405157171189785 13
1653301036468 0.04791109636425972 14
1653301036486 0.04791109636425972 14
1653301042883 0.04362048953771591 15
1653301042899 0.04362048953771591 15
1653301050134 0.038669634610414505 16
1653301050152 0.038669634610414505 16
1653301057054 0.03800312429666519 17
1653301057070 0.03800312429666519 17
1653301064163 0.0418735072016716 18
1653301064181 0.0418735072016716 18
1653301071384 0.039789892733097076 19
1653301071402 0.039789892733097076 19
