1653300939796 0.898952841758728 0
1653300939814 0.898952841758728 0
1653300946606 0.814583420753479 1
1653300946623 0.814583420753479 1
1653300953352 0.7318716645240784 2
1653300953368 0.7318716645240784 2
1653300960287 0.6273505091667175 3
1653300960303 0.6273505091667175 3
1653300966861 0.5751242637634277 4
1653300966878 0.5751242637634277 4
1653300974254 0.49974045157432556 5
1653300974272 0.49974045157432556 5
1653300981860 0.45720377564430237 6
1653300981878 0.45720377564430237 6
1653300988267 0.4551435708999634 7
1653300988284 0.4551435708999634 7
1653300995912 0.475130558013916 8
1653300995930 0.475130558013916 8
1653301002413 0.4188190996646881 9
1653301002429 0.4188190996646881 9
1653301009143 0.42405128479003906 10
1653301009160 0.42405128479003906 10
1653301016436 0.4083641767501831 11
1653301016454 0.4083641767501831 11
1653301022806 0.41207826137542725 12
1653301022822 0.41207826137542725 12
1653301029233 0.40443211793899536 13
1653301029250 0.40443211793899536 13
1653301036468 0.41068464517593384 14
1653301036486 0.41068464517593384 14
1653301042883 0.4013356864452362 15
1653301042899 0.4013356864452362 15
1653301050134 0.3822040259838104 16
1653301050152 0.3822040259838104 16
1653301057054 0.394346684217453 17
1653301057070 0.394346684217453 17
1653301064163 0.3819884955883026 18
1653301064181 0.3819884955883026 18
1653301071384 0.38506290316581726 19
1653301071402 0.38506290316581726 19
