1653300939796 0.08220372349023819 0
1653300939814 0.08220372349023819 0
1653300946606 0.0627102181315422 1
1653300946623 0.0627102181315422 1
1653300953352 0.04351387545466423 2
1653300953368 0.04351387545466423 2
1653300960287 0.03370938450098038 3
1653300960303 0.03370938450098038 3
1653300966861 0.03116724081337452 4
1653300966878 0.03116724081337452 4
1653300974254 0.0338921882212162 5
1653300974272 0.0338921882212162 5
1653300981860 0.02986295148730278 6
1653300981878 0.02986295148730278 6
1653300988267 0.02450856752693653 7
1653300988284 0.02450856752693653 7
1653300995912 0.02356140688061714 8
1653300995930 0.02356140688061714 8
1653301002413 0.0194080900400877 9
1653301002429 0.0194080900400877 9
1653301009143 0.024668460711836815 10
1653301009160 0.024668460711836815 10
1653301016436 0.018985124304890633 11
1653301016454 0.018985124304890633 11
1653301022806 0.018577994778752327 12
1653301022822 0.018577994778752327 12
1653301029233 0.01661103218793869 13
1653301029250 0.01661103218793869 13
1653301036468 0.014675009995698929 14
1653301036486 0.014675009995698929 14
1653301042883 0.015640199184417725 15
1653301042899 0.015640199184417725 15
1653301050134 0.011808048002421856 16
1653301050152 0.011808048002421856 16
1653301057054 0.01572072133421898 17
1653301057070 0.01572072133421898 17
1653301064163 0.011955481953918934 18
1653301064181 0.011955481953918934 18
1653301071384 0.011113438755273819 19
1653301071402 0.011113438755273819 19
