1653300939796 0.490293025970459 0
1653300939814 0.490293025970459 0
1653300946606 0.42866113781929016 1
1653300946623 0.42866113781929016 1
1653300953352 0.33565062284469604 2
1653300953368 0.33565062284469604 2
1653300960287 0.2600729763507843 3
1653300960303 0.2600729763507843 3
1653300966861 0.2619190216064453 4
1653300966878 0.2619190216064453 4
1653300974254 0.2546500563621521 5
1653300974272 0.2546500563621521 5
1653300981860 0.21385177969932556 6
1653300981878 0.21385177969932556 6
1653300988267 0.21264591813087463 7
1653300988284 0.21264591813087463 7
1653300995912 0.20794950425624847 8
1653300995930 0.20794950425624847 8
1653301002413 0.17422160506248474 9
1653301002429 0.17422160506248474 9
1653301009143 0.20630402863025665 10
1653301009160 0.20630402863025665 10
1653301016436 0.1879848688840866 11
1653301016454 0.1879848688840866 11
1653301022806 0.15640804171562195 12
1653301022822 0.15640804171562195 12
1653301029233 0.18468007445335388 13
1653301029250 0.18468007445335388 13
1653301036468 0.1862262785434723 14
1653301036486 0.1862262785434723 14
1653301042883 0.1605299413204193 15
1653301042899 0.1605299413204193 15
1653301050134 0.17428624629974365 16
1653301050152 0.17428624629974365 16
1653301057054 0.14242887496948242 17
1653301057070 0.14242887496948242 17
1653301064163 0.16362018883228302 18
1653301064181 0.16362018883228302 18
1653301071384 0.13315638899803162 19
1653301071402 0.13315638899803162 19
