1653300939796 0.6936241388320923 0
1653300939814 0.6936241388320923 0
1653300946606 0.6929182410240173 1
1653300946623 0.6929182410240173 1
1653300953352 0.6907187104225159 2
1653300953368 0.6907187104225159 2
1653300960287 0.6857045292854309 3
1653300960303 0.6857045292854309 3
1653300966861 0.6780814528465271 4
1653300966878 0.6780814528465271 4
1653300974254 0.6672600507736206 5
1653300974272 0.6672600507736206 5
1653300981860 0.661343514919281 6
1653300981878 0.661343514919281 6
1653300988267 0.6580930352210999 7
1653300988284 0.6580930352210999 7
1653300995912 0.6523709297180176 8
1653300995930 0.6523709297180176 8
1653301002413 0.653652548789978 9
1653301002429 0.653652548789978 9
1653301009143 0.6504101753234863 10
1653301009160 0.6504101753234863 10
1653301016436 0.6513351202011108 11
1653301016454 0.6513351202011108 11
1653301022806 0.6509243249893188 12
1653301022822 0.6509243249893188 12
1653301029233 0.6499406099319458 13
1653301029250 0.6499406099319458 13
1653301036468 0.6442685127258301 14
1653301036486 0.6442685127258301 14
1653301042883 0.6474503874778748 15
1653301042899 0.6474503874778748 15
1653301050134 0.6479902863502502 16
1653301050152 0.6479902863502502 16
1653301057054 0.6471627950668335 17
1653301057070 0.6471627950668335 17
1653301064163 0.6439077258110046 18
1653301064181 0.6439077258110046 18
1653301071384 0.6474406123161316 19
1653301071402 0.6474406123161316 19
