1653299320606 0.5080369114875793 0
1653299320623 0.5080369114875793 0
1653299327537 0.5592190027236938 1
1653299327553 0.5592190027236938 1
1653299334700 0.5954587459564209 2
1653299334717 0.5954587459564209 2
1653299342096 0.6507440209388733 3
1653299342113 0.6507440209388733 3
1653299349297 0.6942903995513916 4
1653299349313 0.6942903995513916 4
1653299356387 0.7440958023071289 5
1653299356403 0.7440958023071289 5
1653299362687 0.763268768787384 6
1653299362704 0.763268768787384 6
1653299369455 0.7911627888679504 7
1653299369471 0.7911627888679504 7
1653299375871 0.7862749695777893 8
1653299375887 0.7862749695777893 8
1653299382418 0.7993014454841614 9
1653299382434 0.7993014454841614 9
1653299389838 0.8084409832954407 10
1653299389855 0.8084409832954407 10
1653299397308 0.8099367618560791 11
1653299397324 0.8099367618560791 11
1653299403989 0.7990721464157104 12
1653299404006 0.7990721464157104 12
1653299410449 0.8241899609565735 13
1653299410465 0.8241899609565735 13
1653299418251 0.8152603507041931 14
1653299418267 0.8152603507041931 14
1653299424715 0.8206425905227661 15
1653299424731 0.8206425905227661 15
1653299430871 0.8227307200431824 16
1653299430887 0.8227307200431824 16
1653299438481 0.8214923739433289 17
1653299438498 0.8214923739433289 17
1653299444898 0.8522411584854126 18
1653299444914 0.8522411584854126 18
1653299451264 0.8129632472991943 19
1653299451282 0.8129632472991943 19
