1653299320606 0.642306387424469 0
1653299320623 0.642306387424469 0
1653299327537 0.6281636357307434 1
1653299327553 0.6281636357307434 1
1653299334700 0.627438485622406 2
1653299334717 0.627438485622406 2
1653299342096 0.6074636578559875 3
1653299342113 0.6074636578559875 3
1653299349297 0.5866876244544983 4
1653299349313 0.5866876244544983 4
1653299356387 0.5526546835899353 5
1653299356403 0.5526546835899353 5
1653299362687 0.5347359776496887 6
1653299362704 0.5347359776496887 6
1653299369455 0.5051347613334656 7
1653299369471 0.5051347613334656 7
1653299375871 0.5058547258377075 8
1653299375887 0.5058547258377075 8
1653299382418 0.4965496361255646 9
1653299382434 0.4965496361255646 9
1653299389838 0.47831690311431885 10
1653299389855 0.47831690311431885 10
1653299397308 0.480859637260437 11
1653299397324 0.480859637260437 11
1653299403989 0.48925909399986267 12
1653299404006 0.48925909399986267 12
1653299410449 0.46116265654563904 13
1653299410465 0.46116265654563904 13
1653299418251 0.46809813380241394 14
1653299418267 0.46809813380241394 14
1653299424715 0.4651925563812256 15
1653299424731 0.4651925563812256 15
1653299430871 0.45795872807502747 16
1653299430887 0.45795872807502747 16
1653299438481 0.46331706643104553 17
1653299438498 0.46331706643104553 17
1653299444898 0.4291928708553314 18
1653299444914 0.4291928708553314 18
1653299451264 0.46837523579597473 19
1653299451282 0.46837523579597473 19
