1653299320606 0.35861051082611084 0
1653299320623 0.35861051082611084 0
1653299327537 0.3246931731700897 1
1653299327553 0.3246931731700897 1
1653299334700 0.27440503239631653 2
1653299334717 0.27440503239631653 2
1653299342096 0.22978268563747406 3
1653299342113 0.22978268563747406 3
1653299349297 0.20854195952415466 4
1653299349313 0.20854195952415466 4
1653299356387 0.18501323461532593 5
1653299356403 0.18501323461532593 5
1653299362687 0.16512876749038696 6
1653299362704 0.16512876749038696 6
1653299369455 0.14860285818576813 7
1653299369471 0.14860285818576813 7
1653299375871 0.15070615708827972 8
1653299375887 0.15070615708827972 8
1653299382418 0.14191274344921112 9
1653299382434 0.14191274344921112 9
1653299389838 0.13819783926010132 10
1653299389855 0.13819783926010132 10
1653299397308 0.14214195311069489 11
1653299397324 0.14214195311069489 11
1653299403989 0.1385117918252945 12
1653299404006 0.1385117918252945 12
1653299410449 0.12777705490589142 13
1653299410465 0.12777705490589142 13
1653299418251 0.12859797477722168 14
1653299418267 0.12859797477722168 14
1653299424715 0.12934064865112305 15
1653299424731 0.12934064865112305 15
1653299430871 0.1254921704530716 16
1653299430887 0.1254921704530716 16
1653299438481 0.12839694321155548 17
1653299438498 0.12839694321155548 17
1653299444898 0.11804041266441345 18
1653299444914 0.11804041266441345 18
1653299451264 0.12327664345502853 19
1653299451282 0.12327664345502853 19
