1653299320606 0.2290535271167755 0
1653299320623 0.2290535271167755 0
1653299327537 0.1975487619638443 1
1653299327553 0.1975487619638443 1
1653299334700 0.15603415668010712 2
1653299334717 0.15603415668010712 2
1653299342096 0.11647339165210724 3
1653299342113 0.11647339165210724 3
1653299349297 0.10945958644151688 4
1653299349313 0.10945958644151688 4
1653299356387 0.08950557559728622 5
1653299356403 0.08950557559728622 5
1653299362687 0.07657603174448013 6
1653299362704 0.07657603174448013 6
1653299369455 0.06491905450820923 7
1653299369471 0.06491905450820923 7
1653299375871 0.05127988010644913 8
1653299375887 0.05127988010644913 8
1653299382418 0.05551307648420334 9
1653299382434 0.05551307648420334 9
1653299389838 0.04662266746163368 10
1653299389855 0.04662266746163368 10
1653299397308 0.04797958582639694 11
1653299397324 0.04797958582639694 11
1653299403989 0.04723983630537987 12
1653299404006 0.04723983630537987 12
1653299410449 0.04311792552471161 13
1653299410465 0.04311792552471161 13
1653299418251 0.04289702698588371 14
1653299418267 0.04289702698588371 14
1653299424715 0.04526126757264137 15
1653299424731 0.04526126757264137 15
1653299430871 0.03836562857031822 16
1653299430887 0.03836562857031822 16
1653299438481 0.04386133328080177 17
1653299438498 0.04386133328080177 17
1653299444898 0.03577803447842598 18
1653299444914 0.03577803447842598 18
1653299451264 0.035956189036369324 19
1653299451282 0.035956189036369324 19
