1653299320606 0.8768473267555237 0
1653299320623 0.8768473267555237 0
1653299327537 0.8140546083450317 1
1653299327553 0.8140546083450317 1
1653299334700 0.7412790060043335 2
1653299334717 0.7412790060043335 2
1653299342096 0.648506760597229 3
1653299342113 0.648506760597229 3
1653299349297 0.5965454578399658 4
1653299349313 0.5965454578399658 4
1653299356387 0.5103147625923157 5
1653299356403 0.5103147625923157 5
1653299362687 0.481850266456604 6
1653299362704 0.481850266456604 6
1653299369455 0.42495638132095337 7
1653299369471 0.42495638132095337 7
1653299375871 0.4609166383743286 8
1653299375887 0.4609166383743286 8
1653299382418 0.41743695735931396 9
1653299382434 0.41743695735931396 9
1653299389838 0.41114649176597595 10
1653299389855 0.41114649176597595 10
1653299397308 0.4223247468471527 11
1653299397324 0.4223247468471527 11
1653299403989 0.42029663920402527 12
1653299404006 0.42029663920402527 12
1653299410449 0.39066386222839355 13
1653299410465 0.39066386222839355 13
1653299418251 0.39219799637794495 14
1653299418267 0.39219799637794495 14
1653299424715 0.4035555124282837 15
1653299424731 0.4035555124282837 15
1653299430871 0.3909797668457031 16
1653299430887 0.3909797668457031 16
1653299438481 0.38415423035621643 17
1653299438498 0.38415423035621643 17
1653299444898 0.36398643255233765 18
1653299444914 0.36398643255233765 18
1653299451264 0.39079463481903076 19
1653299451282 0.39079463481903076 19
