1653299320606 0.062016405165195465 0
1653299320623 0.062016405165195465 0
1653299327537 0.06196850538253784 1
1653299327553 0.06196850538253784 1
1653299334700 0.040971290320158005 2
1653299334717 0.040971290320158005 2
1653299342096 0.034767184406518936 3
1653299342113 0.034767184406518936 3
1653299349297 0.04023561254143715 4
1653299349313 0.04023561254143715 4
1653299356387 0.029626818373799324 5
1653299356403 0.029626818373799324 5
1653299362687 0.023450221866369247 6
1653299362704 0.023450221866369247 6
1653299369455 0.022888610139489174 7
1653299369471 0.022888610139489174 7
1653299375871 0.023289022967219353 8
1653299375887 0.023289022967219353 8
1653299382418 0.0218186154961586 9
1653299382434 0.0218186154961586 9
1653299389838 0.016361868008971214 10
1653299389855 0.016361868008971214 10
1653299397308 0.016888011246919632 11
1653299397324 0.016888011246919632 11
1653299403989 0.01755792833864689 12
1653299404006 0.01755792833864689 12
1653299410449 0.013173792511224747 13
1653299410465 0.013173792511224747 13
1653299418251 0.01533859595656395 14
1653299418267 0.01533859595656395 14
1653299424715 0.01196689810603857 15
1653299424731 0.01196689810603857 15
1653299430871 0.01619415357708931 16
1653299430887 0.01619415357708931 16
1653299438481 0.010137015022337437 17
1653299438498 0.010137015022337437 17
1653299444898 0.012727219611406326 18
1653299444914 0.012727219611406326 18
1653299451264 0.012793711386620998 19
1653299451282 0.012793711386620998 19
