1653299320606 0.4602956771850586 0
1653299320623 0.4602956771850586 0
1653299327537 0.408449649810791 1
1653299327553 0.408449649810791 1
1653299334700 0.3305791914463043 2
1653299334717 0.3305791914463043 2
1653299342096 0.2736026346683502 3
1653299342113 0.2736026346683502 3
1653299349297 0.23652005195617676 4
1653299349313 0.23652005195617676 4
1653299356387 0.2582641839981079 5
1653299356403 0.2582641839981079 5
1653299362687 0.228628009557724 6
1653299362704 0.228628009557724 6
1653299369455 0.197537362575531 7
1653299369471 0.197537362575531 7
1653299375871 0.20503374934196472 8
1653299375887 0.20503374934196472 8
1653299382418 0.18075695633888245 9
1653299382434 0.18075695633888245 9
1653299389838 0.19053420424461365 10
1653299389855 0.19053420424461365 10
1653299397308 0.20506906509399414 11
1653299397324 0.20506906509399414 11
1653299403989 0.18828530609607697 12
1653299404006 0.18828530609607697 12
1653299410449 0.16672301292419434 13
1653299410465 0.16672301292419434 13
1653299418251 0.16754339635372162 14
1653299418267 0.16754339635372162 14
1653299424715 0.16246020793914795 15
1653299424731 0.16246020793914795 15
1653299430871 0.15639512240886688 16
1653299430887 0.15639512240886688 16
1653299438481 0.18107059597969055 17
1653299438498 0.18107059597969055 17
1653299444898 0.15792757272720337 18
1653299444914 0.15792757272720337 18
1653299451264 0.14827585220336914 19
1653299451282 0.14827585220336914 19
