1653299320606 0.3126305341720581 0
1653299320623 0.3126305341720581 0
1653299327537 0.2631707489490509 1
1653299327553 0.2631707489490509 1
1653299334700 0.1882341504096985 2
1653299334717 0.1882341504096985 2
1653299342096 0.1246052011847496 3
1653299342113 0.1246052011847496 3
1653299349297 0.0907905325293541 4
1653299349313 0.0907905325293541 4
1653299356387 0.050581373274326324 5
1653299356403 0.050581373274326324 5
1653299362687 0.021168245002627373 6
1653299362704 0.021168245002627373 6
1653299369455 0.023387247696518898 7
1653299369471 0.023387247696518898 7
1653299375871 0.01993097923696041 8
1653299375887 0.01993097923696041 8
1653299382418 0.023331141099333763 9
1653299382434 0.023331141099333763 9
1653299389838 0.02259751781821251 10
1653299389855 0.02259751781821251 10
1653299397308 0.020178988575935364 11
1653299397324 0.020178988575935364 11
1653299403989 0.014401987195014954 12
1653299404006 0.014401987195014954 12
1653299410449 0.017352985218167305 13
1653299410465 0.017352985218167305 13
1653299418251 0.014837602153420448 14
1653299418267 0.014837602153420448 14
1653299424715 0.01888159289956093 15
1653299424731 0.01888159289956093 15
1653299430871 0.017649266868829727 16
1653299430887 0.017649266868829727 16
1653299438481 0.013406870886683464 17
1653299438498 0.013406870886683464 17
1653299444898 0.01309959590435028 18
1653299444914 0.01309959590435028 18
1653299451264 0.01565791480243206 19
1653299451282 0.01565791480243206 19
