1653308162891 0.4878852069377899 0
1653308162909 0.4878852069377899 0
1653308172662 0.5157106518745422 1
1653308172680 0.5157106518745422 1
1653308182523 0.5208162069320679 2
1653308182541 0.5208162069320679 2
1653308193272 0.5087991952896118 3
1653308193290 0.5087991952896118 3
1653308203290 0.5408471822738647 4
1653308203308 0.5408471822738647 4
1653308213019 0.5602266788482666 5
1653308213038 0.5602266788482666 5
1653308222188 0.5755478143692017 6
1653308222208 0.5755478143692017 6
1653308231503 0.5940812826156616 7
1653308231522 0.5940812826156616 7
1653308242041 0.619779646396637 8
1653308242060 0.619779646396637 8
1653308251281 0.6438281536102295 9
1653308251299 0.6438281536102295 9
1653308260656 0.6511952877044678 10
1653308260674 0.6511952877044678 10
1653308270031 0.6629977226257324 11
1653308270049 0.6629977226257324 11
1653308279175 0.6724163889884949 12
1653308279193 0.6724163889884949 12
1653308287639 0.6892358064651489 13
1653308287657 0.6892358064651489 13
1653308296348 0.6997407674789429 14
1653308296369 0.6997407674789429 14
1653308304757 0.7105294466018677 15
1653308304775 0.7105294466018677 15
1653308314195 0.6973609328269958 16
1653308314213 0.6973609328269958 16
1653308324678 0.7241281270980835 17
1653308324699 0.7241281270980835 17
1653308333893 0.7274636626243591 18
1653308333911 0.7274636626243591 18
1653308344572 0.7392517924308777 19
1653308344591 0.7392517924308777 19
