1653308162891 0.6591413021087646 0
1653308162909 0.6591413021087646 0
1653308172662 0.6363728046417236 1
1653308172680 0.6363728046417236 1
1653308182523 0.6385856866836548 2
1653308182541 0.6385856866836548 2
1653308193272 0.6386263370513916 3
1653308193290 0.6386263370513916 3
1653308203290 0.6313668489456177 4
1653308203308 0.6313668489456177 4
1653308213019 0.6297906041145325 5
1653308213038 0.6297906041145325 5
1653308222188 0.6236721277236938 6
1653308222208 0.6236721277236938 6
1653308231503 0.6186169981956482 7
1653308231522 0.6186169981956482 7
1653308242041 0.6223738789558411 8
1653308242060 0.6223738789558411 8
1653308251281 0.6034436225891113 9
1653308251299 0.6034436225891113 9
1653308260656 0.5996885895729065 10
1653308260674 0.5996885895729065 10
1653308270031 0.6011615991592407 11
1653308270049 0.6011615991592407 11
1653308279175 0.5902033448219299 12
1653308279193 0.5902033448219299 12
1653308287639 0.5778377056121826 13
1653308287657 0.5778377056121826 13
1653308296348 0.5758408308029175 14
1653308296369 0.5758408308029175 14
1653308304757 0.5638871192932129 15
1653308304775 0.5638871192932129 15
1653308314195 0.5909803509712219 16
1653308314213 0.5909803509712219 16
1653308324678 0.5650843977928162 17
1653308324699 0.5650843977928162 17
1653308333893 0.5528907775878906 18
1653308333911 0.5528907775878906 18
1653308344572 0.5459274053573608 19
1653308344591 0.5459274053573608 19
