1653308162891 0.3464697599411011 0
1653308162909 0.3464697599411011 0
1653308172662 0.2358008623123169 1
1653308172680 0.2358008623123169 1
1653308182523 0.22491778433322906 2
1653308182541 0.22491778433322906 2
1653308193272 0.22028376162052155 3
1653308193290 0.22028376162052155 3
1653308203290 0.21352389454841614 4
1653308203308 0.21352389454841614 4
1653308213019 0.20775039494037628 5
1653308213038 0.20775039494037628 5
1653308222188 0.20219016075134277 6
1653308222208 0.20219016075134277 6
1653308231503 0.20226727426052094 7
1653308231522 0.20226727426052094 7
1653308242041 0.20086371898651123 8
1653308242060 0.20086371898651123 8
1653308251281 0.19522956013679504 9
1653308251299 0.19522956013679504 9
1653308260656 0.1889820694923401 10
1653308260674 0.1889820694923401 10
1653308270031 0.18393175303936005 11
1653308270049 0.18393175303936005 11
1653308279175 0.1851344108581543 12
1653308279193 0.1851344108581543 12
1653308287639 0.1776953935623169 13
1653308287657 0.1776953935623169 13
1653308296348 0.1745719164609909 14
1653308296369 0.1745719164609909 14
1653308304757 0.16637377440929413 15
1653308304775 0.16637377440929413 15
1653308314195 0.18190117180347443 16
1653308314213 0.18190117180347443 16
1653308324678 0.16890542209148407 17
1653308324699 0.16890542209148407 17
1653308333893 0.1637665033340454 18
1653308333911 0.1637665033340454 18
1653308344572 0.16489814221858978 19
1653308344591 0.16489814221858978 19
