1653308162891 0.1482502669095993 0
1653308162909 0.1482502669095993 0
1653308172662 0.11046218872070312 1
1653308172680 0.11046218872070312 1
1653308182523 0.10550873726606369 2
1653308182541 0.10550873726606369 2
1653308193272 0.0953940600156784 3
1653308193290 0.0953940600156784 3
1653308203290 0.09808669984340668 4
1653308203308 0.09808669984340668 4
1653308213019 0.10073373466730118 5
1653308213038 0.10073373466730118 5
1653308222188 0.0927523523569107 6
1653308222208 0.0927523523569107 6
1653308231503 0.09898601472377777 7
1653308231522 0.09898601472377777 7
1653308242041 0.09239466488361359 8
1653308242060 0.09239466488361359 8
1653308251281 0.08602330833673477 9
1653308251299 0.08602330833673477 9
1653308260656 0.08651399612426758 10
1653308260674 0.08651399612426758 10
1653308270031 0.07296214997768402 11
1653308270049 0.07296214997768402 11
1653308279175 0.07356450706720352 12
1653308279193 0.07356450706720352 12
1653308287639 0.07459228485822678 13
1653308287657 0.07459228485822678 13
1653308296348 0.06687452644109726 14
1653308296369 0.06687452644109726 14
1653308304757 0.06143246963620186 15
1653308304775 0.06143246963620186 15
1653308314195 0.0757821649312973 16
1653308314213 0.0757821649312973 16
1653308324678 0.06137942150235176 17
1653308324699 0.06137942150235176 17
1653308333893 0.0671209767460823 18
1653308333911 0.0671209767460823 18
1653308344572 0.06579955667257309 19
1653308344591 0.06579955667257309 19
