1653308162891 1.215802788734436 0
1653308162909 1.215802788734436 0
1653308172662 0.718407928943634 1
1653308172680 0.718407928943634 1
1653308182523 0.695045530796051 2
1653308182541 0.695045530796051 2
1653308193272 0.6821627020835876 3
1653308193290 0.6821627020835876 3
1653308203290 0.6684269905090332 4
1653308203308 0.6684269905090332 4
1653308213019 0.6724275350570679 5
1653308213038 0.6724275350570679 5
1653308222188 0.6452860832214355 6
1653308222208 0.6452860832214355 6
1653308231503 0.6440669894218445 7
1653308231522 0.6440669894218445 7
1653308242041 0.6487082839012146 8
1653308242060 0.6487082839012146 8
1653308251281 0.6043651700019836 9
1653308251299 0.6043651700019836 9
1653308260656 0.5954539775848389 10
1653308260674 0.5954539775848389 10
1653308270031 0.6097732782363892 11
1653308270049 0.6097732782363892 11
1653308279175 0.5858870148658752 12
1653308279193 0.5858870148658752 12
1653308287639 0.5493636131286621 13
1653308287657 0.5493636131286621 13
1653308296348 0.557309627532959 14
1653308296369 0.557309627532959 14
1653308304757 0.5384291410446167 15
1653308304775 0.5384291410446167 15
1653308314195 0.5534576773643494 16
1653308314213 0.5534576773643494 16
1653308324678 0.5438697338104248 17
1653308324699 0.5438697338104248 17
1653308333893 0.49964508414268494 18
1653308333911 0.49964508414268494 18
1653308344572 0.5159546732902527 19
1653308344591 0.5159546732902527 19
