1653308162891 0.05006828531622887 0
1653308162909 0.05006828531622887 0
1653308172662 0.030865853652358055 1
1653308172680 0.030865853652358055 1
1653308182523 0.025973623618483543 2
1653308182541 0.025973623618483543 2
1653308193272 0.03404280170798302 3
1653308193290 0.03404280170798302 3
1653308203290 0.025697164237499237 4
1653308203308 0.025697164237499237 4
1653308213019 0.02945115976035595 5
1653308213038 0.02945115976035595 5
1653308222188 0.03613416850566864 6
1653308222208 0.03613416850566864 6
1653308231503 0.023953421041369438 7
1653308231522 0.023953421041369438 7
1653308242041 0.030434805899858475 8
1653308242060 0.030434805899858475 8
1653308251281 0.024508878588676453 9
1653308251299 0.024508878588676453 9
1653308260656 0.027853667736053467 10
1653308260674 0.027853667736053467 10
1653308270031 0.025785503908991814 11
1653308270049 0.025785503908991814 11
1653308279175 0.024022862315177917 12
1653308279193 0.024022862315177917 12
1653308287639 0.028522497043013573 13
1653308287657 0.028522497043013573 13
1653308296348 0.028386587277054787 14
1653308296369 0.028386587277054787 14
1653308304757 0.020281607285141945 15
1653308304775 0.020281607285141945 15
1653308314195 0.024158900603652 16
1653308314213 0.024158900603652 16
1653308324678 0.02065323479473591 17
1653308324699 0.02065323479473591 17
1653308333893 0.024426046758890152 18
1653308333911 0.024426046758890152 18
1653308344572 0.018405746668577194 19
1653308344591 0.018405746668577194 19
