1653308162891 0.37109434604644775 0
1653308162909 0.37109434604644775 0
1653308172662 0.2565768361091614 1
1653308172680 0.2565768361091614 1
1653308182523 0.236182302236557 2
1653308182541 0.236182302236557 2
1653308193272 0.24818183481693268 3
1653308193290 0.24818183481693268 3
1653308203290 0.2584531009197235 4
1653308203308 0.2584531009197235 4
1653308213019 0.24420514702796936 5
1653308213038 0.24420514702796936 5
1653308222188 0.22424852848052979 6
1653308222208 0.22424852848052979 6
1653308231503 0.2494511604309082 7
1653308231522 0.2494511604309082 7
1653308242041 0.23792223632335663 8
1653308242060 0.23792223632335663 8
1653308251281 0.23143616318702698 9
1653308251299 0.23143616318702698 9
1653308260656 0.22203582525253296 10
1653308260674 0.22203582525253296 10
1653308270031 0.21717175841331482 11
1653308270049 0.21717175841331482 11
1653308279175 0.24102596938610077 12
1653308279193 0.24102596938610077 12
1653308287639 0.22387751936912537 13
1653308287657 0.22387751936912537 13
1653308296348 0.21560747921466827 14
1653308296369 0.21560747921466827 14
1653308304757 0.19764678180217743 15
1653308304775 0.19764678180217743 15
1653308314195 0.2374732941389084 16
1653308314213 0.2374732941389084 16
1653308324678 0.205201655626297 17
1653308324699 0.205201655626297 17
1653308333893 0.2080184668302536 18
1653308333911 0.2080184668302536 18
1653308344572 0.2103150188922882 19
1653308344591 0.2103150188922882 19
