1653308162891 0.2239227592945099 0
1653308162909 0.2239227592945099 0
1653308172662 0.12762728333473206 1
1653308172680 0.12762728333473206 1
1653308182523 0.11412364989519119 2
1653308182541 0.11412364989519119 2
1653308193272 0.08961265534162521 3
1653308193290 0.08961265534162521 3
1653308203290 0.0643797516822815 4
1653308203308 0.0643797516822815 4
1653308213019 0.039593491703271866 5
1653308213038 0.039593491703271866 5
1653308222188 0.048207711428403854 6
1653308222208 0.048207711428403854 6
1653308231503 0.0364842414855957 7
1653308231522 0.0364842414855957 7
1653308242041 0.034943047910928726 8
1653308242060 0.034943047910928726 8
1653308251281 0.058804694563150406 9
1653308251299 0.058804694563150406 9
1653308260656 0.03842078149318695 10
1653308260674 0.03842078149318695 10
1653308270031 0.02484254725277424 11
1653308270049 0.02484254725277424 11
1653308279175 0.029689425602555275 12
1653308279193 0.029689425602555275 12
1653308287639 0.02767479605972767 13
1653308287657 0.02767479605972767 13
1653308296348 0.023629382252693176 14
1653308296369 0.023629382252693176 14
1653308304757 0.02864210121333599 15
1653308304775 0.02864210121333599 15
1653308314195 0.0325651615858078 16
1653308314213 0.0325651615858078 16
1653308324678 0.030708370730280876 17
1653308324699 0.030708370730280876 17
1653308333893 0.023148465901613235 18
1653308333911 0.023148465901613235 18
1653308344572 0.02823050133883953 19
1653308344591 0.02823050133883953 19
