1653302980556 0.5026047825813293 0
1653302980574 0.5026047825813293 0
1653302988031 0.5350479483604431 1
1653302988048 0.5350479483604431 1
1653302994880 0.5500653982162476 2
1653302994897 0.5500653982162476 2
1653303001519 0.5861857533454895 3
1653303001536 0.5861857533454895 3
1653303008147 0.6156330108642578 4
1653303008165 0.6156330108642578 4
1653303015855 0.6092957854270935 5
1653303015875 0.6092957854270935 5
1653303022794 0.6593809723854065 6
1653303022811 0.6593809723854065 6
1653303030053 0.6520328521728516 7
1653303030071 0.6520328521728516 7
1653303036477 0.6728723049163818 8
1653303036494 0.6728723049163818 8
1653303043259 0.6723487377166748 9
1653303043277 0.6723487377166748 9
1653303049685 0.7060506939888 10
1653303049702 0.7060506939888 10
1653303056689 0.6858072280883789 11
1653303056713 0.6858072280883789 11
1653303063779 0.7050051689147949 12
1653303063799 0.7050051689147949 12
1653303070324 0.7057145833969116 13
1653303070341 0.7057145833969116 13
1653303077574 0.7188087105751038 14
1653303077593 0.7188087105751038 14
1653303084826 0.7342380881309509 15
1653303084845 0.7342380881309509 15
1653303092167 0.7245163321495056 16
1653303092185 0.7245163321495056 16
1653303099337 0.7410863041877747 17
1653303099356 0.7410863041877747 17
1653303106569 0.7518166899681091 18
1653303106589 0.7518166899681091 18
1653303112970 0.7690643072128296 19
1653303112987 0.7690643072128296 19
