1653302980556 0.6405704617500305 0
1653302980574 0.6405704617500305 0
1653302988031 0.6334084272384644 1
1653302988048 0.6334084272384644 1
1653302994880 0.6300418972969055 2
1653302994897 0.6300418972969055 2
1653303001519 0.6292517185211182 3
1653303001536 0.6292517185211182 3
1653303008147 0.6159975528717041 4
1653303008165 0.6159975528717041 4
1653303015855 0.6162694692611694 5
1653303015875 0.6162694692611694 5
1653303022794 0.6008915901184082 6
1653303022811 0.6008915901184082 6
1653303030053 0.6007013320922852 7
1653303030071 0.6007013320922852 7
1653303036477 0.5911500453948975 8
1653303036494 0.5911500453948975 8
1653303043259 0.5968618988990784 9
1653303043277 0.5968618988990784 9
1653303049685 0.5722795128822327 10
1653303049702 0.5722795128822327 10
1653303056689 0.5894378423690796 11
1653303056713 0.5894378423690796 11
1653303063779 0.5779096484184265 12
1653303063799 0.5779096484184265 12
1653303070324 0.5656763911247253 13
1653303070341 0.5656763911247253 13
1653303077574 0.5713301301002502 14
1653303077593 0.5713301301002502 14
1653303084826 0.5543938279151917 15
1653303084845 0.5543938279151917 15
1653303092167 0.5597112774848938 16
1653303092185 0.5597112774848938 16
1653303099337 0.554148256778717 17
1653303099356 0.554148256778717 17
1653303106569 0.5406733155250549 18
1653303106589 0.5406733155250549 18
1653303112970 0.5298336148262024 19
1653303112987 0.5298336148262024 19
