1653302980556 0.3608265221118927 0
1653302980574 0.3608265221118927 0
1653302988031 0.33511993288993835 1
1653302988048 0.33511993288993835 1
1653302994880 0.27764618396759033 2
1653302994897 0.27764618396759033 2
1653303001519 0.2535080313682556 3
1653303001536 0.2535080313682556 3
1653303008147 0.22999821603298187 4
1653303008165 0.22999821603298187 4
1653303015855 0.22398649156093597 5
1653303015875 0.22398649156093597 5
1653303022794 0.21447807550430298 6
1653303022811 0.21447807550430298 6
1653303030053 0.21002891659736633 7
1653303030071 0.21002891659736633 7
1653303036477 0.20789583027362823 8
1653303036494 0.20789583027362823 8
1653303043259 0.20456282794475555 9
1653303043277 0.20456282794475555 9
1653303049685 0.1838381141424179 10
1653303049702 0.1838381141424179 10
1653303056689 0.19662369787693024 11
1653303056713 0.19662369787693024 11
1653303063779 0.1800229251384735 12
1653303063799 0.1800229251384735 12
1653303070324 0.17772501707077026 13
1653303070341 0.17772501707077026 13
1653303077574 0.17300280928611755 14
1653303077593 0.17300280928611755 14
1653303084826 0.167643740773201 15
1653303084845 0.167643740773201 15
1653303092167 0.16904757916927338 16
1653303092185 0.16904757916927338 16
1653303099337 0.1650751680135727 17
1653303099356 0.1650751680135727 17
1653303106569 0.15869952738285065 18
1653303106589 0.15869952738285065 18
1653303112970 0.15379858016967773 19
1653303112987 0.15379858016967773 19
