1653302980556 0.276313453912735 0
1653302980574 0.276313453912735 0
1653302988031 0.21337153017520905 1
1653302988048 0.21337153017520905 1
1653302994880 0.1458350419998169 2
1653302994897 0.1458350419998169 2
1653303001519 0.12440952658653259 3
1653303001536 0.12440952658653259 3
1653303008147 0.10006400942802429 4
1653303008165 0.10006400942802429 4
1653303015855 0.1007937416434288 5
1653303015875 0.1007937416434288 5
1653303022794 0.08556077629327774 6
1653303022811 0.08556077629327774 6
1653303030053 0.0939408615231514 7
1653303030071 0.0939408615231514 7
1653303036477 0.08036795258522034 8
1653303036494 0.08036795258522034 8
1653303043259 0.08973079919815063 9
1653303043277 0.08973079919815063 9
1653303049685 0.06838919222354889 10
1653303049702 0.06838919222354889 10
1653303056689 0.08075524866580963 11
1653303056713 0.08075524866580963 11
1653303063779 0.06960965692996979 12
1653303063799 0.06960965692996979 12
1653303070324 0.07061149924993515 13
1653303070341 0.07061149924993515 13
1653303077574 0.06990619003772736 14
1653303077593 0.06990619003772736 14
1653303084826 0.07607319205999374 15
1653303084845 0.07607319205999374 15
1653303092167 0.06099696457386017 16
1653303092185 0.06099696457386017 16
1653303099337 0.06254052370786667 17
1653303099356 0.06254052370786667 17
1653303106569 0.05262235924601555 18
1653303106589 0.05262235924601555 18
1653303112970 0.059018298983573914 19
1653303112987 0.059018298983573914 19
