1653302980556 0.8725128173828125 0
1653302980574 0.8725128173828125 0
1653302988031 0.8230997920036316 1
1653302988048 0.8230997920036316 1
1653302994880 0.7637930512428284 2
1653302994897 0.7637930512428284 2
1653303001519 0.6926149725914001 3
1653303001536 0.6926149725914001 3
1653303008147 0.6706264019012451 4
1653303008165 0.6706264019012451 4
1653303015855 0.6419110298156738 5
1653303015875 0.6419110298156738 5
1653303022794 0.6126688122749329 6
1653303022811 0.6126688122749329 6
1653303030053 0.5816693902015686 7
1653303030071 0.5816693902015686 7
1653303036477 0.5955343246459961 8
1653303036494 0.5955343246459961 8
1653303043259 0.577717661857605 9
1653303043277 0.577717661857605 9
1653303049685 0.5285935401916504 10
1653303049702 0.5285935401916504 10
1653303056689 0.5733844041824341 11
1653303056713 0.5733844041824341 11
1653303063779 0.5461704730987549 12
1653303063799 0.5461704730987549 12
1653303070324 0.530621349811554 13
1653303070341 0.530621349811554 13
1653303077574 0.5245326161384583 14
1653303077593 0.5245326161384583 14
1653303084826 0.5130768418312073 15
1653303084845 0.5130768418312073 15
1653303092167 0.5117713809013367 16
1653303092185 0.5117713809013367 16
1653303099337 0.5315389037132263 17
1653303099356 0.5315389037132263 17
1653303106569 0.5015361309051514 18
1653303106589 0.5015361309051514 18
1653303112970 0.4713791012763977 19
1653303112987 0.4713791012763977 19
