1653302980556 0.060869161039590836 0
1653302980574 0.060869161039590836 0
1653302988031 0.0657939687371254 1
1653302988048 0.0657939687371254 1
1653302994880 0.04828294739127159 2
1653302994897 0.04828294739127159 2
1653303001519 0.036064885556697845 3
1653303001536 0.036064885556697845 3
1653303008147 0.0352717861533165 4
1653303008165 0.0352717861533165 4
1653303015855 0.02887154556810856 5
1653303015875 0.02887154556810856 5
1653303022794 0.02838708646595478 6
1653303022811 0.02838708646595478 6
1653303030053 0.02899814583361149 7
1653303030071 0.02899814583361149 7
1653303036477 0.02339949645102024 8
1653303036494 0.02339949645102024 8
1653303043259 0.02507268264889717 9
1653303043277 0.02507268264889717 9
1653303049685 0.024276230484247208 10
1653303049702 0.024276230484247208 10
1653303056689 0.025531016290187836 11
1653303056713 0.025531016290187836 11
1653303063779 0.022183069959282875 12
1653303063799 0.022183069959282875 12
1653303070324 0.023841656744480133 13
1653303070341 0.023841656744480133 13
1653303077574 0.02482004091143608 14
1653303077593 0.02482004091143608 14
1653303084826 0.01762603409588337 15
1653303084845 0.01762603409588337 15
1653303092167 0.021956847980618477 16
1653303092185 0.021956847980618477 16
1653303099337 0.01995542272925377 17
1653303099356 0.01995542272925377 17
1653303106569 0.020967379212379456 18
1653303106589 0.020967379212379456 18
1653303112970 0.016941573470830917 19
1653303112987 0.016941573470830917 19
