1653302980556 0.48397746682167053 0
1653302980574 0.48397746682167053 0
1653302988031 0.4326394200325012 1
1653302988048 0.4326394200325012 1
1653302994880 0.3332936465740204 2
1653302994897 0.3332936465740204 2
1653303001519 0.2993849515914917 3
1653303001536 0.2993849515914917 3
1653303008147 0.2798382341861725 4
1653303008165 0.2798382341861725 4
1653303015855 0.23793424665927887 5
1653303015875 0.23793424665927887 5
1653303022794 0.26196539402008057 6
1653303022811 0.26196539402008057 6
1653303030053 0.234622985124588 7
1653303030071 0.234622985124588 7
1653303036477 0.2372322529554367 8
1653303036494 0.2372322529554367 8
1653303043259 0.24122947454452515 9
1653303043277 0.24122947454452515 9
1653303049685 0.2157958745956421 10
1653303049702 0.2157958745956421 10
1653303056689 0.2318359613418579 11
1653303056713 0.2318359613418579 11
1653303063779 0.20910830795764923 12
1653303063799 0.20910830795764923 12
1653303070324 0.2208452671766281 13
1653303070341 0.2208452671766281 13
1653303077574 0.213105246424675 14
1653303077593 0.213105246424675 14
1653303084826 0.2029772847890854 15
1653303084845 0.2029772847890854 15
1653303092167 0.227342426776886 16
1653303092185 0.227342426776886 16
1653303099337 0.2016064077615738 17
1653303099356 0.2016064077615738 17
1653303106569 0.20007437467575073 18
1653303106589 0.20007437467575073 18
1653303112970 0.19250379502773285 19
1653303112987 0.19250379502773285 19
