1653302980556 0.25924092531204224 0
1653302980574 0.25924092531204224 0
1653302988031 0.2662799060344696 1
1653302988048 0.2662799060344696 1
1653302994880 0.1904226392507553 2
1653302994897 0.1904226392507553 2
1653303001519 0.17628630995750427 3
1653303001536 0.17628630995750427 3
1653303008147 0.12027885764837265 4
1653303008165 0.12027885764837265 4
1653303015855 0.14931422472000122 5
1653303015875 0.14931422472000122 5
1653303022794 0.12048748135566711 6
1653303022811 0.12048748135566711 6
1653303030053 0.1306925266981125 7
1653303030071 0.1306925266981125 7
1653303036477 0.1338213086128235 8
1653303036494 0.1338213086128235 8
1653303043259 0.11026202142238617 9
1653303043277 0.11026202142238617 9
1653303049685 0.09035796672105789 10
1653303049702 0.09035796672105789 10
1653303056689 0.09319033473730087 11
1653303056713 0.09319033473730087 11
1653303063779 0.06583618372678757 12
1653303063799 0.06583618372678757 12
1653303070324 0.0553872250020504 13
1653303070341 0.0553872250020504 13
1653303077574 0.039445266127586365 14
1653303077593 0.039445266127586365 14
1653303084826 0.036715518683195114 15
1653303084845 0.036715518683195114 15
1653303092167 0.031816594302654266 16
1653303092185 0.031816594302654266 16
1653303099337 0.025949984788894653 17
1653303099356 0.025949984788894653 17
1653303106569 0.027410386130213737 18
1653303106589 0.027410386130213737 18
1653303112970 0.029251862317323685 19
1653303112987 0.029251862317323685 19
