1653293111407 0.6414783596992493 0
1653293111424 0.6414783596992493 0
1653293118828 0.6304718255996704 1
1653293118844 0.6304718255996704 1
1653293126177 0.6271407008171082 2
1653293126192 0.6271407008171082 2
1653293133488 0.6254772543907166 3
1653293133503 0.6254772543907166 3
1653293141244 0.6207040548324585 4
1653293141260 0.6207040548324585 4
1653293147812 0.6065441370010376 5
1653293147826 0.6065441370010376 5
1653293155020 0.6047623753547668 6
1653293155035 0.6047623753547668 6
1653293162190 0.5901231169700623 7
1653293162205 0.5901231169700623 7
1653293168802 0.5923246145248413 8
1653293168815 0.5923246145248413 8
1653293176072 0.5881891846656799 9
1653293176087 0.5881891846656799 9
1653293182498 0.5789745450019836 10
1653293182513 0.5789745450019836 10
1653293189791 0.5767834782600403 11
1653293189805 0.5767834782600403 11
1653293196444 0.5734808444976807 12
1653293196457 0.5734808444976807 12
1653293203189 0.5696879029273987 13
1653293203203 0.5696879029273987 13
1653293210281 0.5567072033882141 14
1653293210297 0.5567072033882141 14
1653293218206 0.5625426769256592 15
1653293218222 0.5625426769256592 15
1653293225466 0.5403964519500732 16
1653293225482 0.5403964519500732 16
1653293232287 0.5408710837364197 17
1653293232302 0.5408710837364197 17
1653293239643 0.5506757497787476 18
1653293239659 0.5506757497787476 18
1653293247008 0.540358304977417 19
1653293247024 0.540358304977417 19
