1653293111407 0.5118429064750671 0
1653293111424 0.5118429064750671 0
1653293118828 0.5541439056396484 1
1653293118844 0.5541439056396484 1
1653293126177 0.579183042049408 2
1653293126192 0.579183042049408 2
1653293133488 0.5902189016342163 3
1653293133503 0.5902189016342163 3
1653293141244 0.6029860377311707 4
1653293141260 0.6029860377311707 4
1653293147812 0.6498724222183228 5
1653293147826 0.6498724222183228 5
1653293155020 0.6521673798561096 6
1653293155035 0.6521673798561096 6
1653293162190 0.6753333210945129 7
1653293162205 0.6753333210945129 7
1653293168802 0.6692069172859192 8
1653293168815 0.6692069172859192 8
1653293176072 0.6825506687164307 9
1653293176087 0.6825506687164307 9
1653293182498 0.704093337059021 10
1653293182513 0.704093337059021 10
1653293189791 0.7028331756591797 11
1653293189805 0.7028331756591797 11
1653293196444 0.7069575786590576 12
1653293196457 0.7069575786590576 12
1653293203189 0.7170674204826355 13
1653293203203 0.7170674204826355 13
1653293210281 0.7381998300552368 14
1653293210297 0.7381998300552368 14
1653293218206 0.7203808426856995 15
1653293218222 0.7203808426856995 15
1653293225466 0.7589959502220154 16
1653293225482 0.7589959502220154 16
1653293232287 0.75236576795578 17
1653293232302 0.75236576795578 17
1653293239643 0.7412532567977905 18
1653293239659 0.7412532567977905 18
1653293247008 0.752599835395813 19
1653293247024 0.752599835395813 19
