1653293111407 0.22163742780685425 0
1653293111424 0.22163742780685425 0
1653293118828 0.21769574284553528 1
1653293118844 0.21769574284553528 1
1653293126177 0.21499410271644592 2
1653293126192 0.21499410271644592 2
1653293133488 0.21936334669589996 3
1653293133503 0.21936334669589996 3
1653293141244 0.20784752070903778 4
1653293141260 0.20784752070903778 4
1653293147812 0.21059878170490265 5
1653293147826 0.21059878170490265 5
1653293155020 0.20468111336231232 6
1653293155035 0.20468111336231232 6
1653293162190 0.19610364735126495 7
1653293162205 0.19610364735126495 7
1653293168802 0.200053870677948 8
1653293168815 0.200053870677948 8
1653293176072 0.192144975066185 9
1653293176087 0.192144975066185 9
1653293182498 0.19152553379535675 10
1653293182513 0.19152553379535675 10
1653293189791 0.19351159036159515 11
1653293189805 0.19351159036159515 11
1653293196444 0.18984410166740417 12
1653293196457 0.18984410166740417 12
1653293203189 0.18072384595870972 13
1653293203203 0.18072384595870972 13
1653293210281 0.18414446711540222 14
1653293210297 0.18414446711540222 14
1653293218206 0.17641375958919525 15
1653293218222 0.17641375958919525 15
1653293225466 0.17736005783081055 16
1653293225482 0.17736005783081055 16
1653293232287 0.17243556678295135 17
1653293232302 0.17243556678295135 17
1653293239643 0.17715759575366974 18
1653293239659 0.17715759575366974 18
1653293247008 0.1695631593465805 19
1653293247024 0.1695631593465805 19
