1653293111407 0.09849958121776581 0
1653293111424 0.09849958121776581 0
1653293118828 0.10259228944778442 1
1653293118844 0.10259228944778442 1
1653293126177 0.09471040219068527 2
1653293126192 0.09471040219068527 2
1653293133488 0.09915821999311447 3
1653293133503 0.09915821999311447 3
1653293141244 0.09743985533714294 4
1653293141260 0.09743985533714294 4
1653293147812 0.09862487018108368 5
1653293147826 0.09862487018108368 5
1653293155020 0.0917000100016594 6
1653293155035 0.0917000100016594 6
1653293162190 0.0857885330915451 7
1653293162205 0.0857885330915451 7
1653293168802 0.08506055176258087 8
1653293168815 0.08506055176258087 8
1653293176072 0.08746124804019928 9
1653293176087 0.08746124804019928 9
1653293182498 0.0835716724395752 10
1653293182513 0.0835716724395752 10
1653293189791 0.07776012271642685 11
1653293189805 0.07776012271642685 11
1653293196444 0.08279412239789963 12
1653293196457 0.08279412239789963 12
1653293203189 0.07016928493976593 13
1653293203203 0.07016928493976593 13
1653293210281 0.07395875453948975 14
1653293210297 0.07395875453948975 14
1653293218206 0.07339967042207718 15
1653293218222 0.07339967042207718 15
1653293225466 0.06314658373594284 16
1653293225482 0.06314658373594284 16
1653293232287 0.0684732124209404 17
1653293232302 0.0684732124209404 17
1653293239643 0.0722489133477211 18
1653293239659 0.0722489133477211 18
1653293247008 0.0655280128121376 19
1653293247024 0.0655280128121376 19
