1653293111407 0.6766321063041687 0
1653293111424 0.6766321063041687 0
1653293118828 0.6716341376304626 1
1653293118844 0.6716341376304626 1
1653293126177 0.6601603627204895 2
1653293126192 0.6601603627204895 2
1653293133488 0.6656156182289124 3
1653293133503 0.6656156182289124 3
1653293141244 0.6321642398834229 4
1653293141260 0.6321642398834229 4
1653293147812 0.6011434197425842 5
1653293147826 0.6011434197425842 5
1653293155020 0.6003828644752502 6
1653293155035 0.6003828644752502 6
1653293162190 0.5709211826324463 7
1653293162205 0.5709211826324463 7
1653293168802 0.5743175148963928 8
1653293168815 0.5743175148963928 8
1653293176072 0.5577302575111389 9
1653293176087 0.5577302575111389 9
1653293182498 0.5507602691650391 10
1653293182513 0.5507602691650391 10
1653293189791 0.5454031229019165 11
1653293189805 0.5454031229019165 11
1653293196444 0.5356906652450562 12
1653293196457 0.5356906652450562 12
1653293203189 0.5219107270240784 13
1653293203203 0.5219107270240784 13
1653293210281 0.5164133310317993 14
1653293210297 0.5164133310317993 14
1653293218206 0.5149694681167603 15
1653293218222 0.5149694681167603 15
1653293225466 0.49915623664855957 16
1653293225482 0.49915623664855957 16
1653293232287 0.4997310936450958 17
1653293232302 0.4997310936450958 17
1653293239643 0.5024624466896057 18
1653293239659 0.5024624466896057 18
1653293247008 0.4900093972682953 19
1653293247024 0.4900093972682953 19
