1653293111407 0.02864885702729225 0
1653293111424 0.02864885702729225 0
1653293118828 0.029232745990157127 1
1653293118844 0.029232745990157127 1
1653293126177 0.028681835159659386 2
1653293126192 0.028681835159659386 2
1653293133488 0.027442671358585358 3
1653293133503 0.027442671358585358 3
1653293141244 0.027546193450689316 4
1653293141260 0.027546193450689316 4
1653293147812 0.03131256252527237 5
1653293147826 0.03131256252527237 5
1653293155020 0.026851117610931396 6
1653293155035 0.026851117610931396 6
1653293162190 0.022295726463198662 7
1653293162205 0.022295726463198662 7
1653293168802 0.029270263388752937 8
1653293168815 0.029270263388752937 8
1653293176072 0.024355726316571236 9
1653293176087 0.024355726316571236 9
1653293182498 0.024091064929962158 10
1653293182513 0.024091064929962158 10
1653293189791 0.028515106067061424 11
1653293189805 0.028515106067061424 11
1653293196444 0.02459433488547802 12
1653293196457 0.02459433488547802 12
1653293203189 0.023433605208992958 13
1653293203203 0.023433605208992958 13
1653293210281 0.019262060523033142 14
1653293210297 0.019262060523033142 14
1653293218206 0.023312117904424667 15
1653293218222 0.023312117904424667 15
1653293225466 0.021097349002957344 16
1653293225482 0.021097349002957344 16
1653293232287 0.022863181307911873 17
1653293232302 0.022863181307911873 17
1653293239643 0.02287449687719345 18
1653293239659 0.02287449687719345 18
1653293247008 0.021009376272559166 19
1653293247024 0.021009376272559166 19
