1653293111407 0.24404866993427277 0
1653293111424 0.24404866993427277 0
1653293118828 0.23934850096702576 1
1653293118844 0.23934850096702576 1
1653293126177 0.22574177384376526 2
1653293126192 0.22574177384376526 2
1653293133488 0.2584846019744873 3
1653293133503 0.2584846019744873 3
1653293141244 0.21883420646190643 4
1653293141260 0.21883420646190643 4
1653293147812 0.246969074010849 5
1653293147826 0.246969074010849 5
1653293155020 0.22659380733966827 6
1653293155035 0.22659380733966827 6
1653293162190 0.2257840782403946 7
1653293162205 0.2257840782403946 7
1653293168802 0.2322184443473816 8
1653293168815 0.2322184443473816 8
1653293176072 0.2006545513868332 9
1653293176087 0.2006545513868332 9
1653293182498 0.2221904695034027 10
1653293182513 0.2221904695034027 10
1653293189791 0.2296055406332016 11
1653293189805 0.2296055406332016 11
1653293196444 0.207999587059021 12
1653293196457 0.207999587059021 12
1653293203189 0.213266521692276 13
1653293203203 0.213266521692276 13
1653293210281 0.22124041616916656 14
1653293210297 0.22124041616916656 14
1653293218206 0.18398438394069672 15
1653293218222 0.18398438394069672 15
1653293225466 0.20729833841323853 16
1653293225482 0.20729833841323853 16
1653293232287 0.19179914891719818 17
1653293232302 0.19179914891719818 17
1653293239643 0.20494799315929413 18
1653293239659 0.20494799315929413 18
1653293247008 0.19198016822338104 19
1653293247024 0.19198016822338104 19
