1653293111407 0.10665514320135117 0
1653293111424 0.10665514320135117 0
1653293118828 0.09389317780733109 1
1653293118844 0.09389317780733109 1
1653293126177 0.10856463015079498 2
1653293126192 0.10856463015079498 2
1653293133488 0.09656566381454468 3
1653293133503 0.09656566381454468 3
1653293141244 0.0963021069765091 4
1653293141260 0.0963021069765091 4
1653293147812 0.10382794588804245 5
1653293147826 0.10382794588804245 5
1653293155020 0.10507772117853165 6
1653293155035 0.10507772117853165 6
1653293162190 0.09712228924036026 7
1653293162205 0.09712228924036026 7
1653293168802 0.10143385827541351 8
1653293168815 0.10143385827541351 8
1653293176072 0.1034429669380188 9
1653293176087 0.1034429669380188 9
1653293182498 0.09394040703773499 10
1653293182513 0.09394040703773499 10
1653293189791 0.10235534608364105 11
1653293189805 0.10235534608364105 11
1653293196444 0.10874161124229431 12
1653293196457 0.10874161124229431 12
1653293203189 0.08281983435153961 13
1653293203203 0.08281983435153961 13
1653293210281 0.10182412713766098 14
1653293210297 0.10182412713766098 14
1653293218206 0.09032285213470459 15
1653293218222 0.09032285213470459 15
1653293225466 0.10569176822900772 16
1653293225482 0.10569176822900772 16
1653293232287 0.0869985818862915 17
1653293232302 0.0869985818862915 17
1653293239643 0.08961523324251175 18
1653293239659 0.08961523324251175 18
1653293247008 0.0834093913435936 19
1653293247024 0.0834093913435936 19
