1653298469565 0.5252295732498169 0
1653298469581 0.5252295732498169 0
1653298477075 0.5483076572418213 1
1653298477091 0.5483076572418213 1
1653298483552 0.5585335493087769 2
1653298483566 0.5585335493087769 2
1653298490095 0.586849570274353 3
1653298490110 0.586849570274353 3
1653298496676 0.6204373240470886 4
1653298496692 0.6204373240470886 4
1653298504068 0.6390202641487122 5
1653298504083 0.6390202641487122 5
1653298511135 0.6609113216400146 6
1653298511150 0.6609113216400146 6
1653298518333 0.6626364588737488 7
1653298518348 0.6626364588737488 7
1653298524966 0.6894764304161072 8
1653298524980 0.6894764304161072 8
1653298531005 0.6785383224487305 9
1653298531026 0.6785383224487305 9
1653298538016 0.6810510754585266 10
1653298538031 0.6810510754585266 10
1653298544532 0.6935782432556152 11
1653298544547 0.6935782432556152 11
1653298551260 0.7148226499557495 12
1653298551274 0.7148226499557495 12
1653298558236 0.7043318748474121 13
1653298558252 0.7043318748474121 13
1653298564320 0.7267656326293945 14
1653298564335 0.7267656326293945 14
1653298570612 0.7322719097137451 15
1653298570626 0.7322719097137451 15
1653298577667 0.7445873618125916 16
1653298577682 0.7445873618125916 16
1653298583863 0.7504701018333435 17
1653298583877 0.7504701018333435 17
1653298590167 0.7424647808074951 18
1653298590181 0.7424647808074951 18
1653298597161 0.7708960771560669 19
1653298597177 0.7708960771560669 19
