1653298469565 0.6427726745605469 0
1653298469581 0.6427726745605469 0
1653298477075 0.6303986310958862 1
1653298477091 0.6303986310958862 1
1653298483552 0.6320724487304688 2
1653298483566 0.6320724487304688 2
1653298490095 0.6217993497848511 3
1653298490110 0.6217993497848511 3
1653298496676 0.6197690367698669 4
1653298496692 0.6197690367698669 4
1653298504068 0.6068292856216431 5
1653298504083 0.6068292856216431 5
1653298511135 0.5971165299415588 6
1653298511150 0.5971165299415588 6
1653298518333 0.601241946220398 7
1653298518348 0.601241946220398 7
1653298524966 0.5845910906791687 8
1653298524980 0.5845910906791687 8
1653298531005 0.5876224040985107 9
1653298531026 0.5876224040985107 9
1653298538016 0.588421642780304 10
1653298538031 0.588421642780304 10
1653298544532 0.5846507549285889 11
1653298544547 0.5846507549285889 11
1653298551260 0.564575731754303 12
1653298551274 0.564575731754303 12
1653298558236 0.574465811252594 13
1653298558252 0.574465811252594 13
1653298564320 0.5639851689338684 14
1653298564335 0.5639851689338684 14
1653298570612 0.5556195378303528 15
1653298570626 0.5556195378303528 15
1653298577667 0.5439971089363098 16
1653298577682 0.5439971089363098 16
1653298583863 0.5459727644920349 17
1653298583877 0.5459727644920349 17
1653298590167 0.5439382791519165 18
1653298590181 0.5439382791519165 18
1653298597161 0.5272731781005859 19
1653298597177 0.5272731781005859 19
