1653298469565 0.37569817900657654 0
1653298469581 0.37569817900657654 0
1653298477075 0.34386900067329407 1
1653298477091 0.34386900067329407 1
1653298483552 0.301222562789917 2
1653298483566 0.301222562789917 2
1653298490095 0.26990562677383423 3
1653298490110 0.26990562677383423 3
1653298496676 0.2499685436487198 4
1653298496692 0.2499685436487198 4
1653298504068 0.24897028505802155 5
1653298504083 0.24897028505802155 5
1653298511135 0.22836893796920776 6
1653298511150 0.22836893796920776 6
1653298518333 0.2358947992324829 7
1653298518348 0.2358947992324829 7
1653298524966 0.215270534157753 8
1653298524980 0.215270534157753 8
1653298531005 0.22806839644908905 9
1653298531026 0.22806839644908905 9
1653298538016 0.21865956485271454 10
1653298538031 0.21865956485271454 10
1653298544532 0.21508929133415222 11
1653298544547 0.21508929133415222 11
1653298551260 0.20450744032859802 12
1653298551274 0.20450744032859802 12
1653298558236 0.2081315666437149 13
1653298558252 0.2081315666437149 13
1653298564320 0.20720435678958893 14
1653298564335 0.20720435678958893 14
1653298570612 0.19933176040649414 15
1653298570626 0.19933176040649414 15
1653298577667 0.19479064643383026 16
1653298577682 0.19479064643383026 16
1653298583863 0.19480887055397034 17
1653298583877 0.19480887055397034 17
1653298590167 0.19551798701286316 18
1653298590181 0.19551798701286316 18
1653298597161 0.1841059774160385 19
1653298597177 0.1841059774160385 19
