1653298469565 0.21911732852458954 0
1653298469581 0.21911732852458954 0
1653298477075 0.21016386151313782 1
1653298477091 0.21016386151313782 1
1653298483552 0.15600846707820892 2
1653298483566 0.15600846707820892 2
1653298490095 0.11904160678386688 3
1653298490110 0.11904160678386688 3
1653298496676 0.11453572660684586 4
1653298496692 0.11453572660684586 4
1653298504068 0.09318547695875168 5
1653298504083 0.09318547695875168 5
1653298511135 0.09321154654026031 6
1653298511150 0.09321154654026031 6
1653298518333 0.09568095952272415 7
1653298518348 0.09568095952272415 7
1653298524966 0.08032766729593277 8
1653298524980 0.08032766729593277 8
1653298531005 0.08528214693069458 9
1653298531026 0.08528214693069458 9
1653298538016 0.07892784476280212 10
1653298538031 0.07892784476280212 10
1653298544532 0.07375580072402954 11
1653298544547 0.07375580072402954 11
1653298551260 0.07628189772367477 12
1653298551274 0.07628189772367477 12
1653298558236 0.0631222054362297 13
1653298558252 0.0631222054362297 13
1653298564320 0.07321497797966003 14
1653298564335 0.07321497797966003 14
1653298570612 0.06326639652252197 15
1653298570626 0.06326639652252197 15
1653298577667 0.06002955138683319 16
1653298577682 0.06002955138683319 16
1653298583863 0.06261301040649414 17
1653298583877 0.06261301040649414 17
1653298590167 0.06435435265302658 18
1653298590181 0.06435435265302658 18
1653298597161 0.05606457218527794 19
1653298597177 0.05606457218527794 19
