1653298469565 0.8841863870620728 0
1653298469581 0.8841863870620728 0
1653298477075 0.818216860294342 1
1653298477091 0.818216860294342 1
1653298483552 0.7585641145706177 2
1653298483566 0.7585641145706177 2
1653298490095 0.7156616449356079 3
1653298490110 0.7156616449356079 3
1653298496676 0.6498766541481018 4
1653298496692 0.6498766541481018 4
1653298504068 0.6323990225791931 5
1653298504083 0.6323990225791931 5
1653298511135 0.5947676301002502 6
1653298511150 0.5947676301002502 6
1653298518333 0.6073985695838928 7
1653298518348 0.6073985695838928 7
1653298524966 0.5519161224365234 8
1653298524980 0.5519161224365234 8
1653298531005 0.5780655145645142 9
1653298531026 0.5780655145645142 9
1653298538016 0.5572251677513123 10
1653298538031 0.5572251677513123 10
1653298544532 0.5684519410133362 11
1653298544547 0.5684519410133362 11
1653298551260 0.4968849718570709 12
1653298551274 0.4968849718570709 12
1653298558236 0.5470604300498962 13
1653298558252 0.5470604300498962 13
1653298564320 0.5387030839920044 14
1653298564335 0.5387030839920044 14
1653298570612 0.494498074054718 15
1653298570626 0.494498074054718 15
1653298577667 0.5016468167304993 16
1653298577682 0.5016468167304993 16
1653298583863 0.4977453649044037 17
1653298583877 0.4977453649044037 17
1653298590167 0.5041268467903137 18
1653298590181 0.5041268467903137 18
1653298597161 0.4730905294418335 19
1653298597177 0.4730905294418335 19
