1653298469565 0.061763644218444824 0
1653298469581 0.061763644218444824 0
1653298477075 0.05150052532553673 1
1653298477091 0.05150052532553673 1
1653298483552 0.051938533782958984 2
1653298483566 0.051938533782958984 2
1653298490095 0.03414048254489899 3
1653298490110 0.03414048254489899 3
1653298496676 0.030566826462745667 4
1653298496692 0.030566826462745667 4
1653298504068 0.032310452312231064 5
1653298504083 0.032310452312231064 5
1653298511135 0.02414475567638874 6
1653298511150 0.02414475567638874 6
1653298518333 0.032693177461624146 7
1653298518348 0.032693177461624146 7
1653298524966 0.023241333663463593 8
1653298524980 0.023241333663463593 8
1653298531005 0.02831018529832363 9
1653298531026 0.02831018529832363 9
1653298538016 0.023366887122392654 10
1653298538031 0.023366887122392654 10
1653298544532 0.023516952991485596 11
1653298544547 0.023516952991485596 11
1653298551260 0.02175535447895527 12
1653298551274 0.02175535447895527 12
1653298558236 0.02574922703206539 13
1653298558252 0.02574922703206539 13
1653298564320 0.02325734682381153 14
1653298564335 0.02325734682381153 14
1653298570612 0.0221706572920084 15
1653298570626 0.0221706572920084 15
1653298577667 0.020021134987473488 16
1653298577682 0.020021134987473488 16
1653298583863 0.023538000881671906 17
1653298583877 0.023538000881671906 17
1653298590167 0.01756295934319496 18
1653298590181 0.01756295934319496 18
1653298597161 0.018195174634456635 19
1653298597177 0.018195174634456635 19
