1653298469565 0.49243906140327454 0
1653298469581 0.49243906140327454 0
1653298477075 0.4197337031364441 1
1653298477091 0.4197337031364441 1
1653298483552 0.3264580965042114 2
1653298483566 0.3264580965042114 2
1653298490095 0.28239572048187256 3
1653298490110 0.28239572048187256 3
1653298496676 0.24542218446731567 4
1653298496692 0.24542218446731567 4
1653298504068 0.28159648180007935 5
1653298504083 0.28159648180007935 5
1653298511135 0.22704455256462097 6
1653298511150 0.22704455256462097 6
1653298518333 0.2374909520149231 7
1653298518348 0.2374909520149231 7
1653298524966 0.217739075422287 8
1653298524980 0.217739075422287 8
1653298531005 0.24536079168319702 9
1653298531026 0.24536079168319702 9
1653298538016 0.2294151782989502 10
1653298538031 0.2294151782989502 10
1653298544532 0.2133418470621109 11
1653298544547 0.2133418470621109 11
1653298551260 0.2210688591003418 12
1653298551274 0.2210688591003418 12
1653298558236 0.21022827923297882 13
1653298558252 0.21022827923297882 13
1653298564320 0.20774132013320923 14
1653298564335 0.20774132013320923 14
1653298570612 0.2180524468421936 15
1653298570626 0.2180524468421936 15
1653298577667 0.2045920491218567 16
1653298577682 0.2045920491218567 16
1653298583863 0.19883127510547638 17
1653298583877 0.19883127510547638 17
1653298590167 0.20430482923984528 18
1653298590181 0.20430482923984528 18
1653298597161 0.18951533734798431 19
1653298597177 0.18951533734798431 19
