1653300220095 0.5155832767486572 0
1653300220112 0.5155832767486572 0
1653300228008 0.550270676612854 1
1653300228025 0.550270676612854 1
1653300235656 0.5853577852249146 2
1653300235674 0.5853577852249146 2
1653300243337 0.6522020697593689 3
1653300243355 0.6522020697593689 3
1653300251004 0.696989119052887 4
1653300251022 0.696989119052887 4
1653300258615 0.7464175820350647 5
1653300258633 0.7464175820350647 5
1653300266246 0.7408390045166016 6
1653300266263 0.7408390045166016 6
1653300273596 0.7836883068084717 7
1653300273613 0.7836883068084717 7
1653300280243 0.791900634765625 8
1653300280259 0.791900634765625 8
1653300286841 0.7750951647758484 9
1653300286857 0.7750951647758484 9
1653300293738 0.8078048229217529 10
1653300293758 0.8078048229217529 10
1653300301093 0.8028879165649414 11
1653300301110 0.8028879165649414 11
1653300308351 0.8239530324935913 12
1653300308368 0.8239530324935913 12
1653300315478 0.8111639618873596 13
1653300315494 0.8111639618873596 13
1653300321798 0.8098729848861694 14
1653300321814 0.8098729848861694 14
1653300329051 0.8318020701408386 15
1653300329068 0.8318020701408386 15
1653300336368 0.8140273690223694 16
1653300336385 0.8140273690223694 16
1653300343649 0.8365659117698669 17
1653300343667 0.8365659117698669 17
1653300350899 0.8149855136871338 18
1653300350917 0.8149855136871338 18
1653300358308 0.8294347524642944 19
1653300358325 0.8294347524642944 19
