1653300220095 0.2926083505153656 0
1653300220112 0.2926083505153656 0
1653300228008 0.2910210192203522 1
1653300228025 0.2910210192203522 1
1653300235656 0.28747573494911194 2
1653300235674 0.28747573494911194 2
1653300243337 0.2799876034259796 3
1653300243355 0.2799876034259796 3
1653300251004 0.2677724063396454 4
1653300251022 0.2677724063396454 4
1653300258615 0.2483050525188446 5
1653300258633 0.2483050525188446 5
1653300266246 0.24840326607227325 6
1653300266263 0.24840326607227325 6
1653300273596 0.22726336121559143 7
1653300273613 0.22726336121559143 7
1653300280243 0.2201211303472519 8
1653300280259 0.2201211303472519 8
1653300286841 0.22576512396335602 9
1653300286857 0.22576512396335602 9
1653300293738 0.21406961977481842 10
1653300293758 0.21406961977481842 10
1653300301093 0.21135097742080688 11
1653300301110 0.21135097742080688 11
1653300308351 0.2076062709093094 12
1653300308368 0.2076062709093094 12
1653300315478 0.21071869134902954 13
1653300315494 0.21071869134902954 13
1653300321798 0.2083883136510849 14
1653300321814 0.2083883136510849 14
1653300329051 0.19872258603572845 15
1653300329068 0.19872258603572845 15
1653300336368 0.20341123640537262 16
1653300336385 0.20341123640537262 16
1653300343649 0.19234061241149902 17
1653300343667 0.19234061241149902 17
1653300350899 0.2007085233926773 18
1653300350917 0.2007085233926773 18
1653300358308 0.19397056102752686 19
1653300358325 0.19397056102752686 19
