1653300220095 0.09645667672157288 0
1653300220112 0.09645667672157288 0
1653300228008 0.1012713685631752 1
1653300228025 0.1012713685631752 1
1653300235656 0.09478244930505753 2
1653300235674 0.09478244930505753 2
1653300243337 0.09514699131250381 3
1653300243355 0.09514699131250381 3
1653300251004 0.09242138266563416 4
1653300251022 0.09242138266563416 4
1653300258615 0.07985755056142807 5
1653300258633 0.07985755056142807 5
1653300266246 0.07552742213010788 6
1653300266263 0.07552742213010788 6
1653300273596 0.05925541743636131 7
1653300273613 0.05925541743636131 7
1653300280243 0.055383823812007904 8
1653300280259 0.055383823812007904 8
1653300286841 0.05064616724848747 9
1653300286857 0.05064616724848747 9
1653300293738 0.05479204282164574 10
1653300293758 0.05479204282164574 10
1653300301093 0.04493489861488342 11
1653300301110 0.04493489861488342 11
1653300308351 0.04706508293747902 12
1653300308368 0.04706508293747902 12
1653300315478 0.04292755573987961 13
1653300315494 0.04292755573987961 13
1653300321798 0.04918986186385155 14
1653300321814 0.04918986186385155 14
1653300329051 0.0379607267677784 15
1653300329068 0.0379607267677784 15
1653300336368 0.04221472889184952 16
1653300336385 0.04221472889184952 16
1653300343649 0.03828214854001999 17
1653300343667 0.03828214854001999 17
1653300350899 0.04433096945285797 18
1653300350917 0.04433096945285797 18
1653300358308 0.040411293506622314 19
1653300358325 0.040411293506622314 19
