1653300220095 0.6710315942764282 0
1653300220112 0.6710315942764282 0
1653300228008 0.6713268756866455 1
1653300228025 0.6713268756866455 1
1653300235656 0.6544656753540039 2
1653300235674 0.6544656753540039 2
1653300243337 0.6243876814842224 3
1653300243355 0.6243876814842224 3
1653300251004 0.5704656839370728 4
1653300251022 0.5704656839370728 4
1653300258615 0.4914973974227905 5
1653300258633 0.4914973974227905 5
1653300266246 0.5045306086540222 6
1653300266263 0.5045306086540222 6
1653300273596 0.43719664216041565 7
1653300273613 0.43719664216041565 7
1653300280243 0.42851588129997253 8
1653300280259 0.42851588129997253 8
1653300286841 0.45479679107666016 9
1653300286857 0.45479679107666016 9
1653300293738 0.41115161776542664 10
1653300293758 0.41115161776542664 10
1653300301093 0.4063999056816101 11
1653300301110 0.4063999056816101 11
1653300308351 0.40365365147590637 12
1653300308368 0.40365365147590637 12
1653300315478 0.43029555678367615 13
1653300315494 0.43029555678367615 13
1653300321798 0.40153050422668457 14
1653300321814 0.40153050422668457 14
1653300329051 0.39117681980133057 15
1653300329068 0.39117681980133057 15
1653300336368 0.40478765964508057 16
1653300336385 0.40478765964508057 16
1653300343649 0.37635359168052673 17
1653300343667 0.37635359168052673 17
1653300350899 0.40548303723335266 18
1653300350917 0.40548303723335266 18
1653300358308 0.3758136034011841 19
1653300358325 0.3758136034011841 19
