1653300220095 0.24787719547748566 0
1653300220112 0.24787719547748566 0
1653300228008 0.24134638905525208 1
1653300228025 0.24134638905525208 1
1653300235656 0.24692374467849731 2
1653300235674 0.24692374467849731 2
1653300243337 0.22955594956874847 3
1653300243355 0.22955594956874847 3
1653300251004 0.2255617082118988 4
1653300251022 0.2255617082118988 4
1653300258615 0.2201027125120163 5
1653300258633 0.2201027125120163 5
1653300266246 0.21827632188796997 6
1653300266263 0.21827632188796997 6
1653300273596 0.19534161686897278 7
1653300273613 0.19534161686897278 7
1653300280243 0.18736587464809418 8
1653300280259 0.18736587464809418 8
1653300286841 0.19645600020885468 9
1653300286857 0.19645600020885468 9
1653300293738 0.18021298944950104 10
1653300293758 0.18021298944950104 10
1653300301093 0.18249574303627014 11
1653300301110 0.18249574303627014 11
1653300308351 0.17537234723567963 12
1653300308368 0.17537234723567963 12
1653300315478 0.17239947617053986 13
1653300315494 0.17239947617053986 13
1653300321798 0.17302829027175903 14
1653300321814 0.17302829027175903 14
1653300329051 0.15604014694690704 15
1653300329068 0.15604014694690704 15
1653300336368 0.16115452349185944 16
1653300336385 0.16115452349185944 16
1653300343649 0.13763386011123657 17
1653300343667 0.13763386011123657 17
1653300350899 0.14920158684253693 18
1653300350917 0.14920158684253693 18
1653300358308 0.14255329966545105 19
1653300358325 0.14255329966545105 19
