1653300220095 0.6934833526611328 0
1653300220112 0.6934833526611328 0
1653300228008 0.6929320693016052 1
1653300228025 0.6929320693016052 1
1653300235656 0.6917362809181213 2
1653300235674 0.6917362809181213 2
1653300243337 0.6902477741241455 3
1653300243355 0.6902477741241455 3
1653300251004 0.6865346431732178 4
1653300251022 0.6865346431732178 4
1653300258615 0.6802167892456055 5
1653300258633 0.6802167892456055 5
1653300266246 0.6757903099060059 6
1653300266263 0.6757903099060059 6
1653300273596 0.6673059463500977 7
1653300273613 0.6673059463500977 7
1653300280243 0.6628459692001343 8
1653300280259 0.6628459692001343 8
1653300286841 0.6575402021408081 9
1653300286857 0.6575402021408081 9
1653300293738 0.6577459573745728 10
1653300293758 0.6577459573745728 10
1653300301093 0.6535794138908386 11
1653300301110 0.6535794138908386 11
1653300308351 0.6513832211494446 12
1653300308368 0.6513832211494446 12
1653300315478 0.6498591899871826 13
1653300315494 0.6498591899871826 13
1653300321798 0.6509933471679688 14
1653300321814 0.6509933471679688 14
1653300329051 0.6448912620544434 15
1653300329068 0.6448912620544434 15
1653300336368 0.648623526096344 16
1653300336385 0.648623526096344 16
1653300343649 0.6498029232025146 17
1653300343667 0.6498029232025146 17
1653300350899 0.6466882228851318 18
1653300350917 0.6466882228851318 18
1653300358308 0.646390974521637 19
1653300358325 0.646390974521637 19
