1653291655669 0.6421007513999939 0
1653291655682 0.6421007513999939 0
1653291663069 0.632156252861023 1
1653291663083 0.632156252861023 1
1653291669520 0.6249908804893494 2
1653291669533 0.6249908804893494 2
1653291676256 0.599523663520813 3
1653291676269 0.599523663520813 3
1653291683768 0.5802591443061829 4
1653291683781 0.5802591443061829 4
1653291691440 0.5361582636833191 5
1653291691454 0.5361582636833191 5
1653291698396 0.5302292704582214 6
1653291698410 0.5302292704582214 6
1653291705561 0.5068116784095764 7
1653291705573 0.5068116784095764 7
1653291711937 0.4971950352191925 8
1653291711950 0.4971950352191925 8
1653291718055 0.49383845925331116 9
1653291718067 0.49383845925331116 9
1653291724239 0.48065683245658875 10
1653291724252 0.48065683245658875 10
1653291730463 0.4817900061607361 11
1653291730475 0.4817900061607361 11
1653291737467 0.4721941649913788 12
1653291737481 0.4721941649913788 12
1653291744495 0.4631524085998535 13
1653291744507 0.4631524085998535 13
1653291750767 0.47110438346862793 14
1653291750779 0.47110438346862793 14
1653291757780 0.4557299315929413 15
1653291757794 0.4557299315929413 15
1653291764753 0.45127034187316895 16
1653291764766 0.45127034187316895 16
1653291771156 0.4505910277366638 17
1653291771167 0.4505910277366638 17
1653291778311 0.45222753286361694 18
1653291778325 0.45222753286361694 18
1653291785532 0.46164435148239136 19
1653291785546 0.46164435148239136 19
