1653291655669 0.5106371641159058 0
1653291655682 0.5106371641159058 0
1653291663069 0.5580461025238037 1
1653291663083 0.5580461025238037 1
1653291669520 0.6154062747955322 2
1653291669533 0.6154062747955322 2
1653291676256 0.6706717014312744 3
1653291676269 0.6706717014312744 3
1653291683768 0.7078019380569458 4
1653291683781 0.7078019380569458 4
1653291691440 0.7603834867477417 5
1653291691454 0.7603834867477417 5
1653291698396 0.7582443952560425 6
1653291698410 0.7582443952560425 6
1653291705561 0.7845138311386108 7
1653291705573 0.7845138311386108 7
1653291711937 0.7877130508422852 8
1653291711950 0.7877130508422852 8
1653291718055 0.792296290397644 9
1653291718067 0.792296290397644 9
1653291724239 0.8098673820495605 10
1653291724252 0.8098673820495605 10
1653291730463 0.8028632402420044 11
1653291730475 0.8028632402420044 11
1653291737467 0.8075472116470337 12
1653291737481 0.8075472116470337 12
1653291744495 0.8157594799995422 13
1653291744507 0.8157594799995422 13
1653291750767 0.8164923191070557 14
1653291750779 0.8164923191070557 14
1653291757780 0.8201763033866882 15
1653291757794 0.8201763033866882 15
1653291764753 0.8295029997825623 16
1653291764766 0.8295029997825623 16
1653291771156 0.8323381543159485 17
1653291771167 0.8323381543159485 17
1653291778311 0.8293291330337524 18
1653291778325 0.8293291330337524 18
1653291785532 0.8170400261878967 19
1653291785546 0.8170400261878967 19
