1653291655669 0.24933825433254242 0
1653291655682 0.24933825433254242 0
1653291663069 0.25124165415763855 1
1653291663083 0.25124165415763855 1
1653291669520 0.24489623308181763 2
1653291669533 0.24489623308181763 2
1653291676256 0.23573188483715057 3
1653291676269 0.23573188483715057 3
1653291683768 0.2129160612821579 4
1653291683781 0.2129160612821579 4
1653291691440 0.200985386967659 5
1653291691454 0.200985386967659 5
1653291698396 0.19258242845535278 6
1653291698410 0.19258242845535278 6
1653291705561 0.1854327768087387 7
1653291705573 0.1854327768087387 7
1653291711937 0.17584188282489777 8
1653291711950 0.17584188282489777 8
1653291718055 0.1750546395778656 9
1653291718067 0.1750546395778656 9
1653291724239 0.17175254225730896 10
1653291724252 0.17175254225730896 10
1653291730463 0.16763918101787567 11
1653291730475 0.16763918101787567 11
1653291737467 0.16880333423614502 12
1653291737481 0.16880333423614502 12
1653291744495 0.15828241407871246 13
1653291744507 0.15828241407871246 13
1653291750767 0.16392098367214203 14
1653291750779 0.16392098367214203 14
1653291757780 0.1527123600244522 15
1653291757794 0.1527123600244522 15
1653291764753 0.15413160622119904 16
1653291764766 0.15413160622119904 16
1653291771156 0.15324673056602478 17
1653291771167 0.15324673056602478 17
1653291778311 0.1477934718132019 18
1653291778325 0.1477934718132019 18
1653291785532 0.15952672064304352 19
1653291785546 0.15952672064304352 19
