1653291655669 0.10088881105184555 0
1653291655682 0.10088881105184555 0
1653291663069 0.10166534781455994 1
1653291663083 0.10166534781455994 1
1653291669520 0.09579222649335861 2
1653291669533 0.09579222649335861 2
1653291676256 0.09467936307191849 3
1653291676269 0.09467936307191849 3
1653291683768 0.0849861353635788 4
1653291683781 0.0849861353635788 4
1653291691440 0.08096147328615189 5
1653291691454 0.08096147328615189 5
1653291698396 0.06262870132923126 6
1653291698410 0.06262870132923126 6
1653291705561 0.057962652295827866 7
1653291705573 0.057962652295827866 7
1653291711937 0.051405392587184906 8
1653291711950 0.051405392587184906 8
1653291718055 0.05324690043926239 9
1653291718067 0.05324690043926239 9
1653291724239 0.053773511201143265 10
1653291724252 0.053773511201143265 10
1653291730463 0.0531170517206192 11
1653291730475 0.0531170517206192 11
1653291737467 0.048241302371025085 12
1653291737481 0.048241302371025085 12
1653291744495 0.047346293926239014 13
1653291744507 0.047346293926239014 13
1653291750767 0.04861826077103615 14
1653291750779 0.04861826077103615 14
1653291757780 0.037298012524843216 15
1653291757794 0.037298012524843216 15
1653291764753 0.04287165030837059 16
1653291764766 0.04287165030837059 16
1653291771156 0.04206029325723648 17
1653291771167 0.04206029325723648 17
1653291778311 0.041305989027023315 18
1653291778325 0.041305989027023315 18
1653291785532 0.04146971553564072 19
1653291785546 0.04146971553564072 19
