1653291655669 0.6680189371109009 0
1653291655682 0.6680189371109009 0
1653291663069 0.6768847703933716 1
1653291663083 0.6768847703933716 1
1653291669520 0.6558762788772583 2
1653291669533 0.6558762788772583 2
1653291676256 0.6080196499824524 3
1653291676269 0.6080196499824524 3
1653291683768 0.537967324256897 4
1653291683781 0.537967324256897 4
1653291691440 0.4792351722717285 5
1653291691454 0.4792351722717285 5
1653291698396 0.44525694847106934 6
1653291698410 0.44525694847106934 6
1653291705561 0.4539681375026703 7
1653291705573 0.4539681375026703 7
1653291711937 0.43473830819129944 8
1653291711950 0.43473830819129944 8
1653291718055 0.43843069672584534 9
1653291718067 0.43843069672584534 9
1653291724239 0.4125029742717743 10
1653291724252 0.4125029742717743 10
1653291730463 0.4137808680534363 11
1653291730475 0.4137808680534363 11
1653291737467 0.41602641344070435 12
1653291737481 0.41602641344070435 12
1653291744495 0.39793041348457336 13
1653291744507 0.39793041348457336 13
1653291750767 0.4084275960922241 14
1653291750779 0.4084275960922241 14
1653291757780 0.39124515652656555 15
1653291757794 0.39124515652656555 15
1653291764753 0.39494940638542175 16
1653291764766 0.39494940638542175 16
1653291771156 0.37860801815986633 17
1653291771167 0.37860801815986633 17
1653291778311 0.3875410854816437 18
1653291778325 0.3875410854816437 18
1653291785532 0.39155495166778564 19
1653291785546 0.39155495166778564 19
