1653291655669 0.026425546035170555 0
1653291655682 0.026425546035170555 0
1653291663069 0.029854444786906242 1
1653291663083 0.029854444786906242 1
1653291669520 0.02699432335793972 2
1653291669533 0.02699432335793972 2
1653291676256 0.03185044974088669 3
1653291676269 0.03185044974088669 3
1653291683768 0.025385266169905663 4
1653291683781 0.025385266169905663 4
1653291691440 0.03063330613076687 5
1653291691454 0.03063330613076687 5
1653291698396 0.023101964965462685 6
1653291698410 0.023101964965462685 6
1653291705561 0.024605585262179375 7
1653291705573 0.024605585262179375 7
1653291711937 0.019627349451184273 8
1653291711950 0.019627349451184273 8
1653291718055 0.021729853004217148 9
1653291718067 0.021729853004217148 9
1653291724239 0.0196792371571064 10
1653291724252 0.0196792371571064 10
1653291730463 0.018832992762327194 11
1653291730475 0.018832992762327194 11
1653291737467 0.014681466855108738 12
1653291737481 0.014681466855108738 12
1653291744495 0.0182968657463789 13
1653291744507 0.0182968657463789 13
1653291750767 0.014075948856770992 14
1653291750779 0.014075948856770992 14
1653291757780 0.015661753714084625 15
1653291757794 0.015661753714084625 15
1653291764753 0.014186162501573563 16
1653291764766 0.014186162501573563 16
1653291771156 0.013301605358719826 17
1653291771167 0.013301605358719826 17
1653291778311 0.01618819311261177 18
1653291778325 0.01618819311261177 18
1653291785532 0.011990800499916077 19
1653291785546 0.011990800499916077 19
