1653291655669 0.2412058711051941 0
1653291655682 0.2412058711051941 0
1653291663069 0.24355536699295044 1
1653291663083 0.24355536699295044 1
1653291669520 0.24235643446445465 2
1653291669533 0.24235643446445465 2
1653291676256 0.23939809203147888 3
1653291676269 0.23939809203147888 3
1653291683768 0.21005240082740784 4
1653291683781 0.21005240082740784 4
1653291691440 0.2134520262479782 5
1653291691454 0.2134520262479782 5
1653291698396 0.2314257025718689 6
1653291698410 0.2314257025718689 6
1653291705561 0.2076861560344696 7
1653291705573 0.2076861560344696 7
1653291711937 0.19509105384349823 8
1653291711950 0.19509105384349823 8
1653291718055 0.18581530451774597 9
1653291718067 0.18581530451774597 9
1653291724239 0.19610732793807983 10
1653291724252 0.19610732793807983 10
1653291730463 0.1777210682630539 11
1653291730475 0.1777210682630539 11
1653291737467 0.1971345692873001 12
1653291737481 0.1971345692873001 12
1653291744495 0.16173158586025238 13
1653291744507 0.16173158586025238 13
1653291750767 0.1806398183107376 14
1653291750779 0.1806398183107376 14
1653291757780 0.15936802327632904 15
1653291757794 0.15936802327632904 15
1653291764753 0.16082482039928436 16
1653291764766 0.16082482039928436 16
1653291771156 0.16998888552188873 17
1653291771167 0.16998888552188873 17
1653291778311 0.13556349277496338 18
1653291778325 0.13556349277496338 18
1653291785532 0.18726254999637604 19
1653291785546 0.18726254999637604 19
