1653310233161 0.4916013777256012 0
1653310233181 0.4916013777256012 0
1653310243810 0.5043761134147644 1
1653310243830 0.5043761134147644 1
1653310252894 0.5075636506080627 2
1653310252913 0.5075636506080627 2
1653310262846 0.5461589694023132 3
1653310262866 0.5461589694023132 3
1653310273304 0.5516935586929321 4
1653310273324 0.5516935586929321 4
1653310283147 0.581998884677887 5
1653310283166 0.581998884677887 5
1653310293646 0.5978557467460632 6
1653310293667 0.5978557467460632 6
1653310302358 0.628900408744812 7
1653310302377 0.628900408744812 7
1653310310894 0.6275946497917175 8
1653310310913 0.6275946497917175 8
1653310320087 0.6598349809646606 9
1653310320107 0.6598349809646606 9
1653310329287 0.6663650274276733 10
1653310329306 0.6663650274276733 10
1653310338555 0.6862988471984863 11
1653310338575 0.6862988471984863 11
1653310347708 0.7064388394355774 12
1653310347731 0.7064388394355774 12
1653310357095 0.7088209986686707 13
1653310357115 0.7088209986686707 13
1653310365611 0.7091642618179321 14
1653310365630 0.7091642618179321 14
1653310374507 0.7147011160850525 15
1653310374526 0.7147011160850525 15
1653310385812 0.7292932271957397 16
1653310385832 0.7292932271957397 16
1653310396435 0.7413076162338257 17
1653310396455 0.7413076162338257 17
1653310405606 0.7817506194114685 18
1653310405625 0.7817506194114685 18
1653310415445 0.7486473917961121 19
1653310415463 0.7486473917961121 19
