1653310233161 0.665473222732544 0
1653310233181 0.665473222732544 0
1653310243810 0.6433520913124084 1
1653310243830 0.6433520913124084 1
1653310252894 0.6382507681846619 2
1653310252913 0.6382507681846619 2
1653310262846 0.6318970322608948 3
1653310262866 0.6318970322608948 3
1653310273304 0.6328761577606201 4
1653310273324 0.6328761577606201 4
1653310283147 0.6252676844596863 5
1653310283166 0.6252676844596863 5
1653310293646 0.620238721370697 6
1653310293667 0.620238721370697 6
1653310302358 0.6100165843963623 7
1653310302377 0.6100165843963623 7
1653310310894 0.6230887174606323 8
1653310310913 0.6230887174606323 8
1653310320087 0.6027122735977173 9
1653310320107 0.6027122735977173 9
1653310329287 0.5988448858261108 10
1653310329306 0.5988448858261108 10
1653310338555 0.583808183670044 11
1653310338575 0.583808183670044 11
1653310347708 0.5743622779846191 12
1653310347731 0.5743622779846191 12
1653310357095 0.5679499506950378 13
1653310357115 0.5679499506950378 13
1653310365611 0.573554277420044 14
1653310365630 0.573554277420044 14
1653310374507 0.5692983865737915 15
1653310374526 0.5692983865737915 15
1653310385812 0.5531696081161499 16
1653310385832 0.5531696081161499 16
1653310396435 0.5450043678283691 17
1653310396455 0.5450043678283691 17
1653310405606 0.506658136844635 18
1653310405625 0.506658136844635 18
1653310415445 0.5446866750717163 19
1653310415463 0.5446866750717163 19
