1653310233161 0.4333373010158539 0
1653310233181 0.4333373010158539 0
1653310243810 0.3064371347427368 1
1653310243830 0.3064371347427368 1
1653310252894 0.29651179909706116 2
1653310252913 0.29651179909706116 2
1653310262846 0.2947919964790344 3
1653310262866 0.2947919964790344 3
1653310273304 0.2886754870414734 4
1653310273324 0.2886754870414734 4
1653310283147 0.2848528027534485 5
1653310283166 0.2848528027534485 5
1653310293646 0.28773000836372375 6
1653310293667 0.28773000836372375 6
1653310302358 0.27749231457710266 7
1653310302377 0.27749231457710266 7
1653310310894 0.27926090359687805 8
1653310310913 0.27926090359687805 8
1653310320087 0.2747032046318054 9
1653310320107 0.2747032046318054 9
1653310329287 0.2722829580307007 10
1653310329306 0.2722829580307007 10
1653310338555 0.25813230872154236 11
1653310338575 0.25813230872154236 11
1653310347708 0.25911498069763184 12
1653310347731 0.25911498069763184 12
1653310357095 0.24996793270111084 13
1653310357115 0.24996793270111084 13
1653310365611 0.2567703127861023 14
1653310365630 0.2567703127861023 14
1653310374507 0.25530076026916504 15
1653310374526 0.25530076026916504 15
1653310385812 0.24625900387763977 16
1653310385832 0.24625900387763977 16
1653310396435 0.2365345060825348 17
1653310396455 0.2365345060825348 17
1653310405606 0.22354240715503693 18
1653310405625 0.22354240715503693 18
1653310415445 0.23659586906433105 19
1653310415463 0.23659586906433105 19
