1653310233161 0.1488223671913147 0
1653310233181 0.1488223671913147 0
1653310243810 0.11733037233352661 1
1653310243830 0.11733037233352661 1
1653310252894 0.10222306847572327 2
1653310252913 0.10222306847572327 2
1653310262846 0.10529181361198425 3
1653310262866 0.10529181361198425 3
1653310273304 0.09156228601932526 4
1653310273324 0.09156228601932526 4
1653310283147 0.0986470952630043 5
1653310283166 0.0986470952630043 5
1653310293646 0.10204699635505676 6
1653310293667 0.10204699635505676 6
1653310302358 0.0900222510099411 7
1653310302377 0.0900222510099411 7
1653310310894 0.08300326019525528 8
1653310310913 0.08300326019525528 8
1653310320087 0.09342098981142044 9
1653310320107 0.09342098981142044 9
1653310329287 0.08392453193664551 10
1653310329306 0.08392453193664551 10
1653310338555 0.0748952329158783 11
1653310338575 0.0748952329158783 11
1653310347708 0.08159652352333069 12
1653310347731 0.08159652352333069 12
1653310357095 0.062090467661619186 13
1653310357115 0.062090467661619186 13
1653310365611 0.08589565008878708 14
1653310365630 0.08589565008878708 14
1653310374507 0.06618817150592804 15
1653310374526 0.06618817150592804 15
1653310385812 0.058280475437641144 16
1653310385832 0.058280475437641144 16
1653310396435 0.06437594443559647 17
1653310396455 0.06437594443559647 17
1653310405606 0.053906191140413284 18
1653310405625 0.053906191140413284 18
1653310415445 0.05743544176220894 19
1653310415463 0.05743544176220894 19
