1653310233161 1.4964866638183594 0
1653310233181 1.4964866638183594 0
1653310243810 0.7244235873222351 1
1653310243830 0.7244235873222351 1
1653310252894 0.6753842830657959 2
1653310252913 0.6753842830657959 2
1653310262846 0.6783591508865356 3
1653310262866 0.6783591508865356 3
1653310273304 0.6895635724067688 4
1653310273324 0.6895635724067688 4
1653310283147 0.6457407474517822 5
1653310283166 0.6457407474517822 5
1653310293646 0.6387908458709717 6
1653310293667 0.6387908458709717 6
1653310302358 0.6329342722892761 7
1653310302377 0.6329342722892761 7
1653310310894 0.6464687585830688 8
1653310310913 0.6464687585830688 8
1653310320087 0.6092585921287537 9
1653310320107 0.6092585921287537 9
1653310329287 0.5937685370445251 10
1653310329306 0.5937685370445251 10
1653310338555 0.566479504108429 11
1653310338575 0.566479504108429 11
1653310347708 0.5438383221626282 12
1653310347731 0.5438383221626282 12
1653310357095 0.5389173626899719 13
1653310357115 0.5389173626899719 13
1653310365611 0.5396970510482788 14
1653310365630 0.5396970510482788 14
1653310374507 0.5711976289749146 15
1653310374526 0.5711976289749146 15
1653310385812 0.5194772481918335 16
1653310385832 0.5194772481918335 16
1653310396435 0.5022658109664917 17
1653310396455 0.5022658109664917 17
1653310405606 0.4603049159049988 18
1653310405625 0.4603049159049988 18
1653310415445 0.505764901638031 19
1653310415463 0.505764901638031 19
