1653310233161 0.02934868261218071 0
1653310233181 0.02934868261218071 0
1653310243810 0.03634456917643547 1
1653310243830 0.03634456917643547 1
1653310252894 0.03167529031634331 2
1653310252913 0.03167529031634331 2
1653310262846 0.030836312100291252 3
1653310262866 0.030836312100291252 3
1653310273304 0.029891805723309517 4
1653310273324 0.029891805723309517 4
1653310283147 0.02543819509446621 5
1653310283166 0.02543819509446621 5
1653310293646 0.029475269839167595 6
1653310293667 0.029475269839167595 6
1653310302358 0.027533013373613358 7
1653310302377 0.027533013373613358 7
1653310310894 0.023836154490709305 8
1653310310913 0.023836154490709305 8
1653310320087 0.027388708665966988 9
1653310320107 0.027388708665966988 9
1653310329287 0.024715282022953033 10
1653310329306 0.024715282022953033 10
1653310338555 0.025133268907666206 11
1653310338575 0.025133268907666206 11
1653310347708 0.022341281175613403 12
1653310347731 0.022341281175613403 12
1653310357095 0.023439563810825348 13
1653310357115 0.023439563810825348 13
1653310365611 0.026770824566483498 14
1653310365630 0.026770824566483498 14
1653310374507 0.01851033605635166 15
1653310374526 0.01851033605635166 15
1653310385812 0.020938782021403313 16
1653310385832 0.020938782021403313 16
1653310396435 0.020088937133550644 17
1653310396455 0.020088937133550644 17
1653310405606 0.015126142650842667 18
1653310405625 0.015126142650842667 18
1653310415445 0.01701110042631626 19
1653310415463 0.01701110042631626 19
