1653310233161 0.31834012269973755 0
1653310233181 0.31834012269973755 0
1653310243810 0.2445928156375885 1
1653310243830 0.2445928156375885 1
1653310252894 0.2550484836101532 2
1653310252913 0.2550484836101532 2
1653310262846 0.24656692147254944 3
1653310262866 0.24656692147254944 3
1653310273304 0.22579465806484222 4
1653310273324 0.22579465806484222 4
1653310283147 0.23724929988384247 5
1653310283166 0.23724929988384247 5
1653310293646 0.24916748702526093 6
1653310293667 0.24916748702526093 6
1653310302358 0.22464777529239655 7
1653310302377 0.22464777529239655 7
1653310310894 0.22968241572380066 8
1653310310913 0.22968241572380066 8
1653310320087 0.22676290571689606 9
1653310320107 0.22676290571689606 9
1653310329287 0.24269576370716095 10
1653310329306 0.24269576370716095 10
1653310338555 0.20684587955474854 11
1653310338575 0.20684587955474854 11
1653310347708 0.22704388201236725 12
1653310347731 0.22704388201236725 12
1653310357095 0.20835481584072113 13
1653310357115 0.20835481584072113 13
1653310365611 0.20744876563549042 14
1653310365630 0.20744876563549042 14
1653310374507 0.21627947688102722 15
1653310374526 0.21627947688102722 15
1653310385812 0.21907386183738708 16
1653310385832 0.21907386183738708 16
1653310396435 0.18119868636131287 17
1653310396455 0.18119868636131287 17
1653310405606 0.18122458457946777 18
1653310405625 0.18122458457946777 18
1653310415445 0.19171364605426788 19
1653310415463 0.19171364605426788 19
