1653310233161 0.7389622330665588 0
1653310233181 0.7389622330665588 0
1653310243810 0.7013066411018372 1
1653310243830 0.7013066411018372 1
1653310252894 0.6970531344413757 2
1653310252913 0.6970531344413757 2
1653310262846 0.6934448480606079 3
1653310262866 0.6934448480606079 3
1653310273304 0.6920825242996216 4
1653310273324 0.6920825242996216 4
1653310283147 0.6902167201042175 5
1653310283166 0.6902167201042175 5
1653310293646 0.6913240551948547 6
1653310293667 0.6913240551948547 6
1653310302358 0.6874205470085144 7
1653310302377 0.6874205470085144 7
1653310310894 0.6909079551696777 8
1653310310913 0.6909079551696777 8
1653310320087 0.685551106929779 9
1653310320107 0.685551106929779 9
1653310329287 0.6824241876602173 10
1653310329306 0.6824241876602173 10
1653310338555 0.6816961765289307 11
1653310338575 0.6816961765289307 11
1653310347708 0.6814414262771606 12
1653310347731 0.6814414262771606 12
1653310357095 0.6822473406791687 13
1653310357115 0.6822473406791687 13
1653310365611 0.6818664073944092 14
1653310365630 0.6818664073944092 14
1653310374507 0.6789124011993408 15
1653310374526 0.6789124011993408 15
1653310385812 0.6782514452934265 16
1653310385832 0.6782514452934265 16
1653310396435 0.6737620234489441 17
1653310396455 0.6737620234489441 17
1653310405606 0.6715680360794067 18
1653310405625 0.6715680360794067 18
1653310415445 0.6731435060501099 19
1653310415463 0.6731435060501099 19
