1653294785833 0.6391676068305969 0
1653294785851 0.6391676068305969 0
1653294792771 0.6336222887039185 1
1653294792785 0.6336222887039185 1
1653294799385 0.6270478367805481 2
1653294799399 0.6270478367805481 2
1653294806174 0.6321722865104675 3
1653294806189 0.6321722865104675 3
1653294813783 0.6166589260101318 4
1653294813799 0.6166589260101318 4
1653294821232 0.6004025936126709 5
1653294821248 0.6004025936126709 5
1653294828665 0.615906298160553 6
1653294828680 0.615906298160553 6
1653294836385 0.5970458388328552 7
1653294836402 0.5970458388328552 7
1653294843663 0.5854788422584534 8
1653294843679 0.5854788422584534 8
1653294850554 0.5950683951377869 9
1653294850570 0.5950683951377869 9
1653294857123 0.5797547698020935 10
1653294857137 0.5797547698020935 10
1653294863895 0.5955135822296143 11
1653294863909 0.5955135822296143 11
1653294871247 0.5761765837669373 12
1653294871262 0.5761765837669373 12
1653294878800 0.5698745250701904 13
1653294878816 0.5698745250701904 13
1653294885369 0.5798279047012329 14
1653294885385 0.5798279047012329 14
1653294891897 0.5457843542098999 15
1653294891912 0.5457843542098999 15
1653294900100 0.5486035943031311 16
1653294900116 0.5486035943031311 16
1653294907480 0.5594031810760498 17
1653294907496 0.5594031810760498 17
1653294914914 0.5423030257225037 18
1653294914929 0.5423030257225037 18
1653294921389 0.545369565486908 19
1653294921403 0.545369565486908 19
