1653294785833 0.5197636485099792 0
1653294785851 0.5197636485099792 0
1653294792771 0.5346519947052002 1
1653294792785 0.5346519947052002 1
1653294799385 0.565183162689209 2
1653294799399 0.565183162689209 2
1653294806174 0.5717374682426453 3
1653294806189 0.5717374682426453 3
1653294813783 0.611858606338501 4
1653294813799 0.611858606338501 4
1653294821232 0.6438504457473755 5
1653294821248 0.6438504457473755 5
1653294828665 0.632093608379364 6
1653294828680 0.632093608379364 6
1653294836385 0.6570322513580322 7
1653294836402 0.6570322513580322 7
1653294843663 0.6850359439849854 8
1653294843679 0.6850359439849854 8
1653294850554 0.6743884086608887 9
1653294850570 0.6743884086608887 9
1653294857123 0.6965382099151611 10
1653294857137 0.6965382099151611 10
1653294863895 0.6711891889572144 11
1653294863909 0.6711891889572144 11
1653294871247 0.7047811150550842 12
1653294871262 0.7047811150550842 12
1653294878800 0.7127264738082886 13
1653294878816 0.7127264738082886 13
1653294885369 0.7018378376960754 14
1653294885385 0.7018378376960754 14
1653294891897 0.7464575171470642 15
1653294891912 0.7464575171470642 15
1653294900100 0.7457126975059509 16
1653294900116 0.7457126975059509 16
1653294907480 0.7301775217056274 17
1653294907496 0.7301775217056274 17
1653294914914 0.7504489421844482 18
1653294914929 0.7504489421844482 18
1653294921389 0.7455379962921143 19
1653294921403 0.7455379962921143 19
