1653294785833 0.33291706442832947 0
1653294785851 0.33291706442832947 0
1653294792771 0.34375983476638794 1
1653294792785 0.34375983476638794 1
1653294799385 0.3290962278842926 2
1653294799399 0.3290962278842926 2
1653294806174 0.3272171914577484 3
1653294806189 0.3272171914577484 3
1653294813783 0.33792349696159363 4
1653294813799 0.33792349696159363 4
1653294821232 0.30269527435302734 5
1653294821248 0.30269527435302734 5
1653294828665 0.33017656207084656 6
1653294828680 0.33017656207084656 6
1653294836385 0.3017556071281433 7
1653294836402 0.3017556071281433 7
1653294843663 0.30163583159446716 8
1653294843679 0.30163583159446716 8
1653294850554 0.32269418239593506 9
1653294850570 0.32269418239593506 9
1653294857123 0.26776114106178284 10
1653294857137 0.26776114106178284 10
1653294863895 0.3046347498893738 11
1653294863909 0.3046347498893738 11
1653294871247 0.3428206443786621 12
1653294871262 0.3428206443786621 12
1653294878800 0.2749784290790558 13
1653294878816 0.2749784290790558 13
1653294885369 0.287033349275589 14
1653294885385 0.287033349275589 14
1653294891897 0.27026623487472534 15
1653294891912 0.27026623487472534 15
1653294900100 0.31422990560531616 16
1653294900116 0.31422990560531616 16
1653294907480 0.2661910057067871 17
1653294907496 0.2661910057067871 17
1653294914914 0.2863571047782898 18
1653294914929 0.2863571047782898 18
1653294921389 0.2764834761619568 19
1653294921403 0.2764834761619568 19
