1653294785833 1.1246342658996582 0
1653294785851 1.1246342658996582 0
1653294792771 1.229831576347351 1
1653294792785 1.229831576347351 1
1653294799385 1.1294926404953003 2
1653294799399 1.1294926404953003 2
1653294806174 1.1327344179153442 3
1653294806189 1.1327344179153442 3
1653294813783 1.2224737405776978 4
1653294813799 1.2224737405776978 4
1653294821232 1.0037734508514404 5
1653294821248 1.0037734508514404 5
1653294828665 1.2604316473007202 6
1653294828680 1.2604316473007202 6
1653294836385 1.00575852394104 7
1653294836402 1.00575852394104 7
1653294843663 1.145959734916687 8
1653294843679 1.145959734916687 8
1653294850554 1.273313045501709 9
1653294850570 1.273313045501709 9
1653294857123 0.7957716584205627 10
1653294857137 0.7957716584205627 10
1653294863895 1.1439746618270874 11
1653294863909 1.1439746618270874 11
1653294871247 1.5696539878845215 12
1653294871262 1.5696539878845215 12
1653294878800 0.9204169511795044 13
1653294878816 0.9204169511795044 13
1653294885369 1.009184718132019 14
1653294885385 1.009184718132019 14
1653294891897 0.9627039432525635 15
1653294891912 0.9627039432525635 15
1653294900100 1.4598798751831055 16
1653294900116 1.4598798751831055 16
1653294907480 0.8888971209526062 17
1653294907496 0.8888971209526062 17
1653294914914 1.1898633241653442 18
1653294914929 1.1898633241653442 18
1653294921389 1.05696702003479 19
1653294921403 1.05696702003479 19
