1653294785833 0.10101515799760818 0
1653294785851 0.10101515799760818 0
1653294792771 0.099119633436203 1
1653294792785 0.099119633436203 1
1653294799385 0.09674740582704544 2
1653294799399 0.09674740582704544 2
1653294806174 0.10240045189857483 3
1653294806189 0.10240045189857483 3
1653294813783 0.0927896574139595 4
1653294813799 0.0927896574139595 4
1653294821232 0.0946667343378067 5
1653294821248 0.0946667343378067 5
1653294828665 0.08808927983045578 6
1653294828680 0.08808927983045578 6
1653294836385 0.09173740446567535 7
1653294836402 0.09173740446567535 7
1653294843663 0.0725812092423439 8
1653294843679 0.0725812092423439 8
1653294850554 0.08448949456214905 9
1653294850570 0.08448949456214905 9
1653294857123 0.0759812518954277 10
1653294857137 0.0759812518954277 10
1653294863895 0.08236153423786163 11
1653294863909 0.08236153423786163 11
1653294871247 0.07434222847223282 12
1653294871262 0.07434222847223282 12
1653294878800 0.06972891092300415 13
1653294878816 0.06972891092300415 13
1653294885369 0.07331452518701553 14
1653294885385 0.07331452518701553 14
1653294891897 0.06809230893850327 15
1653294891912 0.06809230893850327 15
1653294900100 0.06405339390039444 16
1653294900116 0.06405339390039444 16
1653294907480 0.0712275430560112 17
1653294907496 0.0712275430560112 17
1653294914914 0.06045021116733551 18
1653294914929 0.06045021116733551 18
1653294921389 0.06478673964738846 19
1653294921403 0.06478673964738846 19
