1653294785833 0.6750242114067078 0
1653294785851 0.6750242114067078 0
1653294792771 0.6742619872093201 1
1653294792785 0.6742619872093201 1
1653294799385 0.6695992946624756 2
1653294799399 0.6695992946624756 2
1653294806174 0.639733612537384 3
1653294806189 0.639733612537384 3
1653294813783 0.6529332399368286 4
1653294813799 0.6529332399368286 4
1653294821232 0.590178906917572 5
1653294821248 0.590178906917572 5
1653294828665 0.6166128516197205 6
1653294828680 0.6166128516197205 6
1653294836385 0.5852087736129761 7
1653294836402 0.5852087736129761 7
1653294843663 0.5427073836326599 8
1653294843679 0.5427073836326599 8
1653294850554 0.5702363848686218 9
1653294850570 0.5702363848686218 9
1653294857123 0.5373887419700623 10
1653294857137 0.5373887419700623 10
1653294863895 0.569868803024292 11
1653294863909 0.569868803024292 11
1653294871247 0.5567091107368469 12
1653294871262 0.5567091107368469 12
1653294878800 0.517352819442749 13
1653294878816 0.517352819442749 13
1653294885369 0.5423700213432312 14
1653294885385 0.5423700213432312 14
1653294891897 0.5067341327667236 15
1653294891912 0.5067341327667236 15
1653294900100 0.49093931913375854 16
1653294900116 0.49093931913375854 16
1653294907480 0.5258880257606506 17
1653294907496 0.5258880257606506 17
1653294914914 0.47861525416374207 18
1653294914929 0.47861525416374207 18
1653294921389 0.500102698802948 19
1653294921403 0.500102698802948 19
