1653294785833 0.028702685609459877 0
1653294785851 0.028702685609459877 0
1653294792771 0.030493538826704025 1
1653294792785 0.030493538826704025 1
1653294799385 0.027807150036096573 2
1653294799399 0.027807150036096573 2
1653294806174 0.02840581350028515 3
1653294806189 0.02840581350028515 3
1653294813783 0.02583865076303482 4
1653294813799 0.02583865076303482 4
1653294821232 0.027361951768398285 5
1653294821248 0.027361951768398285 5
1653294828665 0.02842823602259159 6
1653294828680 0.02842823602259159 6
1653294836385 0.027115847915410995 7
1653294836402 0.027115847915410995 7
1653294843663 0.0213184617459774 8
1653294843679 0.0213184617459774 8
1653294850554 0.03079422004520893 9
1653294850570 0.03079422004520893 9
1653294857123 0.02832132577896118 10
1653294857137 0.02832132577896118 10
1653294863895 0.022497812286019325 11
1653294863909 0.022497812286019325 11
1653294871247 0.02315511927008629 12
1653294871262 0.02315511927008629 12
1653294878800 0.024324780330061913 13
1653294878816 0.024324780330061913 13
1653294885369 0.027895603328943253 14
1653294885385 0.027895603328943253 14
1653294891897 0.0244890246540308 15
1653294891912 0.0244890246540308 15
1653294900100 0.017068691551685333 16
1653294900116 0.017068691551685333 16
1653294907480 0.02134379744529724 17
1653294907496 0.02134379744529724 17
1653294914914 0.02729896828532219 18
1653294914929 0.02729896828532219 18
1653294921389 0.023520927876234055 19
1653294921403 0.023520927876234055 19
