1653294785833 0.24024412035942078 0
1653294785851 0.24024412035942078 0
1653294792771 0.24804440140724182 1
1653294792785 0.24804440140724182 1
1653294799385 0.23414212465286255 2
1653294799399 0.23414212465286255 2
1653294806174 0.23299580812454224 3
1653294806189 0.23299580812454224 3
1653294813783 0.2575903832912445 4
1653294813799 0.2575903832912445 4
1653294821232 0.22888021171092987 5
1653294821248 0.22888021171092987 5
1653294828665 0.22699855268001556 6
1653294828680 0.22699855268001556 6
1653294836385 0.23184092342853546 7
1653294836402 0.23184092342853546 7
1653294843663 0.22795924544334412 8
1653294843679 0.22795924544334412 8
1653294850554 0.2249223291873932 9
1653294850570 0.2249223291873932 9
1653294857123 0.21703648567199707 10
1653294857137 0.21703648567199707 10
1653294863895 0.2082706242799759 11
1653294863909 0.2082706242799759 11
1653294871247 0.2249746173620224 12
1653294871262 0.2249746173620224 12
1653294878800 0.2244972288608551 13
1653294878816 0.2244972288608551 13
1653294885369 0.21308766305446625 14
1653294885385 0.21308766305446625 14
1653294891897 0.20074310898780823 15
1653294891912 0.20074310898780823 15
1653294900100 0.20924222469329834 16
1653294900116 0.20924222469329834 16
1653294907480 0.19641812145709991 17
1653294907496 0.19641812145709991 17
1653294914914 0.19955289363861084 18
1653294914929 0.19955289363861084 18
1653294921389 0.19694733619689941 19
1653294921403 0.19694733619689941 19
