1653299112593 0.5148773193359375 0
1653299112611 0.5148773193359375 0
1653299119838 0.5514407157897949 1
1653299119856 0.5514407157897949 1
1653299127661 0.5452641248703003 2
1653299127677 0.5452641248703003 2
1653299134261 0.5897605419158936 3
1653299134277 0.5897605419158936 3
1653299141599 0.6147867441177368 4
1653299141616 0.6147867441177368 4
1653299149072 0.6287326216697693 5
1653299149095 0.6287326216697693 5
1653299156930 0.6501642465591431 6
1653299156948 0.6501642465591431 6
1653299163561 0.6688966751098633 7
1653299163577 0.6688966751098633 7
1653299170159 0.668559193611145 8
1653299170176 0.668559193611145 8
1653299177800 0.6915773749351501 9
1653299177817 0.6915773749351501 9
1653299184914 0.6861590147018433 10
1653299184931 0.6861590147018433 10
1653299192420 0.6939806938171387 11
1653299192438 0.6939806938171387 11
1653299200075 0.7179744839668274 12
1653299200092 0.7179744839668274 12
1653299207684 0.7076499462127686 13
1653299207702 0.7076499462127686 13
1653299214876 0.7379544973373413 14
1653299214893 0.7379544973373413 14
1653299221750 0.7195792198181152 15
1653299221768 0.7195792198181152 15
1653299229368 0.7453487515449524 16
1653299229386 0.7453487515449524 16
1653299237112 0.7282251715660095 17
1653299237131 0.7282251715660095 17
1653299243904 0.7542359232902527 18
1653299243921 0.7542359232902527 18
1653299250627 0.7578303813934326 19
1653299250643 0.7578303813934326 19
