1653299112593 0.637843132019043 0
1653299112611 0.637843132019043 0
1653299119838 0.632003128528595 1
1653299119856 0.632003128528595 1
1653299127661 0.6348261833190918 2
1653299127677 0.6348261833190918 2
1653299134261 0.622748851776123 3
1653299134277 0.622748851776123 3
1653299141599 0.6163330674171448 4
1653299141616 0.6163330674171448 4
1653299149072 0.6111927032470703 5
1653299149095 0.6111927032470703 5
1653299156930 0.6031038761138916 6
1653299156948 0.6031038761138916 6
1653299163561 0.595375657081604 7
1653299163577 0.595375657081604 7
1653299170159 0.5970944762229919 8
1653299170176 0.5970944762229919 8
1653299177800 0.5813669562339783 9
1653299177817 0.5813669562339783 9
1653299184914 0.5854992866516113 10
1653299184931 0.5854992866516113 10
1653299192420 0.5832341909408569 11
1653299192438 0.5832341909408569 11
1653299200075 0.5708125829696655 12
1653299200092 0.5708125829696655 12
1653299207684 0.566912055015564 13
1653299207702 0.566912055015564 13
1653299214876 0.5542635917663574 14
1653299214893 0.5542635917663574 14
1653299221750 0.5654743313789368 15
1653299221768 0.5654743313789368 15
1653299229368 0.5451208353042603 16
1653299229386 0.5451208353042603 16
1653299237112 0.5624752640724182 17
1653299237131 0.5624752640724182 17
1653299243904 0.5370996594429016 18
1653299243921 0.5370996594429016 18
1653299250627 0.5307417511940002 19
1653299250643 0.5307417511940002 19
