1653299112593 0.3567572832107544 0
1653299112611 0.3567572832107544 0
1653299119838 0.3310694098472595 1
1653299119856 0.3310694098472595 1
1653299127661 0.27275922894477844 2
1653299127677 0.27275922894477844 2
1653299134261 0.2575114071369171 3
1653299134277 0.2575114071369171 3
1653299141599 0.23151107132434845 4
1653299141616 0.23151107132434845 4
1653299149072 0.22591613233089447 5
1653299149095 0.22591613233089447 5
1653299156930 0.21069210767745972 6
1653299156948 0.21069210767745972 6
1653299163561 0.21273383498191833 7
1653299163577 0.21273383498191833 7
1653299170159 0.1993931382894516 8
1653299170176 0.1993931382894516 8
1653299177800 0.1987747848033905 9
1653299177817 0.1987747848033905 9
1653299184914 0.19863198697566986 10
1653299184931 0.19863198697566986 10
1653299192420 0.18726196885108948 11
1653299192438 0.18726196885108948 11
1653299200075 0.18266133964061737 12
1653299200092 0.18266133964061737 12
1653299207684 0.17356914281845093 13
1653299207702 0.17356914281845093 13
1653299214876 0.16691116988658905 14
1653299214893 0.16691116988658905 14
1653299221750 0.16991235315799713 15
1653299221768 0.16991235315799713 15
1653299229368 0.16188426315784454 16
1653299229386 0.16188426315784454 16
1653299237112 0.16727721691131592 17
1653299237131 0.16727721691131592 17
1653299243904 0.1573679894208908 18
1653299243921 0.1573679894208908 18
1653299250627 0.15612846612930298 19
1653299250643 0.15612846612930298 19
