1653299112593 0.23059791326522827 0
1653299112611 0.23059791326522827 0
1653299119838 0.2063724547624588 1
1653299119856 0.2063724547624588 1
1653299127661 0.15224389731884003 2
1653299127677 0.15224389731884003 2
1653299134261 0.116613008081913 3
1653299134277 0.116613008081913 3
1653299141599 0.11898627877235413 4
1653299141616 0.11898627877235413 4
1653299149072 0.10112231224775314 5
1653299149095 0.10112231224775314 5
1653299156930 0.09759170562028885 6
1653299156948 0.09759170562028885 6
1653299163561 0.09093577414751053 7
1653299163577 0.09093577414751053 7
1653299170159 0.08697424083948135 8
1653299170176 0.08697424083948135 8
1653299177800 0.07852180302143097 9
1653299177817 0.07852180302143097 9
1653299184914 0.08043833076953888 10
1653299184931 0.08043833076953888 10
1653299192420 0.07796107232570648 11
1653299192438 0.07796107232570648 11
1653299200075 0.07376491278409958 12
1653299200092 0.07376491278409958 12
1653299207684 0.07789604365825653 13
1653299207702 0.07789604365825653 13
1653299214876 0.06836654990911484 14
1653299214893 0.06836654990911484 14
1653299221750 0.08081278949975967 15
1653299221768 0.08081278949975967 15
1653299229368 0.0589834600687027 16
1653299229386 0.0589834600687027 16
1653299237112 0.07570455968379974 17
1653299237131 0.07570455968379974 17
1653299243904 0.06310861557722092 18
1653299243921 0.06310861557722092 18
1653299250627 0.061634622514247894 19
1653299250643 0.061634622514247894 19
