1653299112593 0.878323495388031 0
1653299112611 0.878323495388031 0
1653299119838 0.8361542820930481 1
1653299119856 0.8361542820930481 1
1653299127661 0.7460471391677856 2
1653299127677 0.7460471391677856 2
1653299134261 0.7169768214225769 3
1653299134277 0.7169768214225769 3
1653299141599 0.659030020236969 4
1653299141616 0.659030020236969 4
1653299149072 0.6349188089370728 5
1653299149095 0.6349188089370728 5
1653299156930 0.5848771929740906 6
1653299156948 0.5848771929740906 6
1653299163561 0.6097614765167236 7
1653299163577 0.6097614765167236 7
1653299170159 0.5729976296424866 8
1653299170176 0.5729976296424866 8
1653299177800 0.547452986240387 9
1653299177817 0.547452986240387 9
1653299184914 0.5811065435409546 10
1653299184931 0.5811065435409546 10
1653299192420 0.5328782796859741 11
1653299192438 0.5328782796859741 11
1653299200075 0.5251767039299011 12
1653299200092 0.5251767039299011 12
1653299207684 0.5318131446838379 13
1653299207702 0.5318131446838379 13
1653299214876 0.5108290910720825 14
1653299214893 0.5108290910720825 14
1653299221750 0.5132015347480774 15
1653299221768 0.5132015347480774 15
1653299229368 0.4733474850654602 16
1653299229386 0.4733474850654602 16
1653299237112 0.514590859413147 17
1653299237131 0.514590859413147 17
1653299243904 0.4772062599658966 18
1653299243921 0.4772062599658966 18
1653299250627 0.4845702648162842 19
1653299250643 0.4845702648162842 19
