1653299112593 0.0710989385843277 0
1653299112611 0.0710989385843277 0
1653299119838 0.06417737901210785 1
1653299119856 0.06417737901210785 1
1653299127661 0.039568111300468445 2
1653299127677 0.039568111300468445 2
1653299134261 0.04174723103642464 3
1653299134277 0.04174723103642464 3
1653299141599 0.03163566440343857 4
1653299141616 0.03163566440343857 4
1653299149072 0.0331704318523407 5
1653299149095 0.0331704318523407 5
1653299156930 0.02891441062092781 6
1653299156948 0.02891441062092781 6
1653299163561 0.02614300698041916 7
1653299163577 0.02614300698041916 7
1653299170159 0.029758913442492485 8
1653299170176 0.029758913442492485 8
1653299177800 0.026121394708752632 9
1653299177817 0.026121394708752632 9
1653299184914 0.027048638090491295 10
1653299184931 0.027048638090491295 10
1653299192420 0.02391766756772995 11
1653299192438 0.02391766756772995 11
1653299200075 0.026004107668995857 12
1653299200092 0.026004107668995857 12
1653299207684 0.023216957226395607 13
1653299207702 0.023216957226395607 13
1653299214876 0.021028099581599236 14
1653299214893 0.021028099581599236 14
1653299221750 0.019562160596251488 15
1653299221768 0.019562160596251488 15
1653299229368 0.023154569789767265 16
1653299229386 0.023154569789767265 16
1653299237112 0.019438499584794044 17
1653299237131 0.019438499584794044 17
1653299243904 0.021566180512309074 18
1653299243921 0.021566180512309074 18
1653299250627 0.01932777464389801 19
1653299250643 0.01932777464389801 19
