1653299112593 0.4636005163192749 0
1653299112611 0.4636005163192749 0
1653299119838 0.4232262074947357 1
1653299119856 0.4232262074947357 1
1653299127661 0.3143347203731537 2
1653299127677 0.3143347203731537 2
1653299134261 0.3241579234600067 3
1653299134277 0.3241579234600067 3
1653299141599 0.2627120316028595 4
1653299141616 0.2627120316028595 4
1653299149072 0.250227153301239 5
1653299149095 0.250227153301239 5
1653299156930 0.24812637269496918 6
1653299156948 0.24812637269496918 6
1653299163561 0.2246716320514679 7
1653299163577 0.2246716320514679 7
1653299170159 0.23018841445446014 8
1653299170176 0.23018841445446014 8
1653299177800 0.2457355260848999 9
1653299177817 0.2457355260848999 9
1653299184914 0.22764508426189423 10
1653299184931 0.22764508426189423 10
1653299192420 0.21469655632972717 11
1653299192438 0.21469655632972717 11
1653299200075 0.2361047863960266 12
1653299200092 0.2361047863960266 12
1653299207684 0.20524467527866364 13
1653299207702 0.20524467527866364 13
1653299214876 0.21478897333145142 14
1653299214893 0.21478897333145142 14
1653299221750 0.205012708902359 15
1653299221768 0.205012708902359 15
1653299229368 0.22134150564670563 16
1653299229386 0.22134150564670563 16
1653299237112 0.19975824654102325 17
1653299237131 0.19975824654102325 17
1653299243904 0.20077349245548248 18
1653299243921 0.20077349245548248 18
1653299250627 0.1942557841539383 19
1653299250643 0.1942557841539383 19
