1653299112593 0.2900620698928833 0
1653299112611 0.2900620698928833 0
1653299119838 0.25635430216789246 1
1653299119856 0.25635430216789246 1
1653299127661 0.1937493532896042 2
1653299127677 0.1937493532896042 2
1653299134261 0.16520965099334717 3
1653299134277 0.16520965099334717 3
1653299141599 0.13377566635608673 4
1653299141616 0.13377566635608673 4
1653299149072 0.1493312418460846 5
1653299149095 0.1493312418460846 5
1653299156930 0.11582723259925842 6
1653299156948 0.11582723259925842 6
1653299163561 0.1450333148241043 7
1653299163577 0.1450333148241043 7
1653299170159 0.09446602314710617 8
1653299170176 0.09446602314710617 8
1653299177800 0.11168665438890457 9
1653299177817 0.11168665438890457 9
1653299184914 0.10266848653554916 10
1653299184931 0.10266848653554916 10
1653299192420 0.09194989502429962 11
1653299192438 0.09194989502429962 11
1653299200075 0.06211695820093155 12
1653299200092 0.06211695820093155 12
1653299207684 0.04030879586935043 13
1653299207702 0.04030879586935043 13
1653299214876 0.028362471610307693 14
1653299214893 0.028362471610307693 14
1653299221750 0.03462284058332443 15
1653299221768 0.03462284058332443 15
1653299229368 0.030257057398557663 16
1653299229386 0.030257057398557663 16
1653299237112 0.03188372775912285 17
1653299237131 0.03188372775912285 17
1653299243904 0.024254826828837395 18
1653299243921 0.024254826828837395 18
1653299250627 0.026097379624843597 19
1653299250643 0.026097379624843597 19
