1653302338542 0.6428486108779907 0
1653302338560 0.6428486108779907 0
1653302345411 0.6297619342803955 1
1653302345428 0.6297619342803955 1
1653302352128 0.6312406063079834 2
1653302352145 0.6312406063079834 2
1653302358737 0.621236264705658 3
1653302358753 0.621236264705658 3
1653302365428 0.6180337071418762 4
1653302365444 0.6180337071418762 4
1653302372544 0.605669379234314 5
1653302372560 0.605669379234314 5
1653302378830 0.5960572957992554 6
1653302378847 0.5960572957992554 6
1653302385790 0.5946821570396423 7
1653302385806 0.5946821570396423 7
1653302391968 0.5867083072662354 8
1653302391983 0.5867083072662354 8
1653302398715 0.5823135375976562 9
1653302398731 0.5823135375976562 9
1653302406315 0.5822586417198181 10
1653302406331 0.5822586417198181 10
1653302413219 0.5713058710098267 11
1653302413235 0.5713058710098267 11
1653302419236 0.5657914876937866 12
1653302419252 0.5657914876937866 12
1653302425312 0.5607988834381104 13
1653302425329 0.5607988834381104 13
1653302431316 0.5672938823699951 14
1653302431333 0.5672938823699951 14
1653302437278 0.5372652411460876 15
1653302437294 0.5372652411460876 15
1653302443289 0.5382165908813477 16
1653302443305 0.5382165908813477 16
1653302449442 0.5492139458656311 17
1653302449458 0.5492139458656311 17
1653302456169 0.5243514180183411 18
1653302456186 0.5243514180183411 18
1653302462448 0.5201098918914795 19
1653302462464 0.5201098918914795 19
