1653302338542 0.5051348805427551 0
1653302338560 0.5051348805427551 0
1653302345411 0.5625845193862915 1
1653302345428 0.5625845193862915 1
1653302352128 0.5675348043441772 2
1653302352145 0.5675348043441772 2
1653302358737 0.6028584241867065 3
1653302358753 0.6028584241867065 3
1653302365428 0.6196463108062744 4
1653302365444 0.6196463108062744 4
1653302372544 0.6346146464347839 5
1653302372560 0.6346146464347839 5
1653302378830 0.6730066537857056 6
1653302378847 0.6730066537857056 6
1653302385790 0.6780085563659668 7
1653302385806 0.6780085563659668 7
1653302391968 0.669852614402771 8
1653302391983 0.669852614402771 8
1653302398715 0.6934607625007629 9
1653302398731 0.6934607625007629 9
1653302406315 0.6969072818756104 10
1653302406331 0.6969072818756104 10
1653302413219 0.7110119462013245 11
1653302413235 0.7110119462013245 11
1653302419236 0.7169773578643799 12
1653302419252 0.7169773578643799 12
1653302425312 0.7273270487785339 13
1653302425329 0.7273270487785339 13
1653302431316 0.7210190296173096 14
1653302431333 0.7210190296173096 14
1653302437278 0.7505290508270264 15
1653302437294 0.7505290508270264 15
1653302443289 0.7568325996398926 16
1653302443305 0.7568325996398926 16
1653302449442 0.7487046122550964 17
1653302449458 0.7487046122550964 17
1653302456169 0.76950603723526 18
1653302456186 0.76950603723526 18
1653302462448 0.7731232643127441 19
1653302462464 0.7731232643127441 19
