1653302338542 0.3782437741756439 0
1653302338560 0.3782437741756439 0
1653302345411 0.3454703390598297 1
1653302345428 0.3454703390598297 1
1653302352128 0.30278143286705017 2
1653302352145 0.30278143286705017 2
1653302358737 0.27363821864128113 3
1653302358753 0.27363821864128113 3
1653302365428 0.2578084468841553 4
1653302365444 0.2578084468841553 4
1653302372544 0.24454155564308167 5
1653302372560 0.24454155564308167 5
1653302378830 0.23253962397575378 6
1653302378847 0.23253962397575378 6
1653302385790 0.2243647277355194 7
1653302385806 0.2243647277355194 7
1653302391968 0.22463740408420563 8
1653302391983 0.22463740408420563 8
1653302398715 0.21755757927894592 9
1653302398731 0.21755757927894592 9
1653302406315 0.2144576460123062 10
1653302406331 0.2144576460123062 10
1653302413219 0.2126232385635376 11
1653302413235 0.2126232385635376 11
1653302419236 0.21007239818572998 12
1653302419252 0.21007239818572998 12
1653302425312 0.20582245290279388 13
1653302425329 0.20582245290279388 13
1653302431316 0.20656627416610718 14
1653302431333 0.20656627416610718 14
1653302437278 0.1943330466747284 15
1653302437294 0.1943330466747284 15
1653302443289 0.1922575831413269 16
1653302443305 0.1922575831413269 16
1653302449442 0.20036205649375916 17
1653302449458 0.20036205649375916 17
1653302456169 0.18486014008522034 18
1653302456186 0.18486014008522034 18
1653302462448 0.18564802408218384 19
1653302462464 0.18564802408218384 19
