1653302338542 0.23966990411281586 0
1653302338560 0.23966990411281586 0
1653302345411 0.20548000931739807 1
1653302345428 0.20548000931739807 1
1653302352128 0.14490950107574463 2
1653302352145 0.14490950107574463 2
1653302358737 0.12608455121517181 3
1653302358753 0.12608455121517181 3
1653302365428 0.11165345460176468 4
1653302365444 0.11165345460176468 4
1653302372544 0.10009540617465973 5
1653302372560 0.10009540617465973 5
1653302378830 0.09473665058612823 6
1653302378847 0.09473665058612823 6
1653302385790 0.07596824318170547 7
1653302385806 0.07596824318170547 7
1653302391968 0.09089264273643494 8
1653302391983 0.09089264273643494 8
1653302398715 0.07098203152418137 9
1653302398731 0.07098203152418137 9
1653302406315 0.07873114198446274 10
1653302406331 0.07873114198446274 10
1653302413219 0.07530951499938965 11
1653302413235 0.07530951499938965 11
1653302419236 0.07618297636508942 12
1653302419252 0.07618297636508942 12
1653302425312 0.07193518429994583 13
1653302425329 0.07193518429994583 13
1653302431316 0.06251697987318039 14
1653302431333 0.06251697987318039 14
1653302437278 0.0714658573269844 15
1653302437294 0.0714658573269844 15
1653302443289 0.06475641578435898 16
1653302443305 0.06475641578435898 16
1653302449442 0.0683446153998375 17
1653302449458 0.0683446153998375 17
1653302456169 0.05904369428753853 18
1653302456186 0.05904369428753853 18
1653302462448 0.05737019330263138 19
1653302462464 0.05737019330263138 19
