1653302338542 0.8915366530418396 0
1653302338560 0.8915366530418396 0
1653302345411 0.8146097660064697 1
1653302345428 0.8146097660064697 1
1653302352128 0.7531965970993042 2
1653302352145 0.7531965970993042 2
1653302358737 0.6957433819770813 3
1653302358753 0.6957433819770813 3
1653302365428 0.6631481647491455 4
1653302365444 0.6631481647491455 4
1653302372544 0.6405786871910095 5
1653302372560 0.6405786871910095 5
1653302378830 0.5794033408164978 6
1653302378847 0.5794033408164978 6
1653302385790 0.5810582637786865 7
1653302385806 0.5810582637786865 7
1653302391968 0.571664571762085 8
1653302391983 0.571664571762085 8
1653302398715 0.5545691847801208 9
1653302398731 0.5545691847801208 9
1653302406315 0.5463175177574158 10
1653302406331 0.5463175177574158 10
1653302413219 0.5388594269752502 11
1653302413235 0.5388594269752502 11
1653302419236 0.5337287783622742 12
1653302419252 0.5337287783622742 12
1653302425312 0.5285358428955078 13
1653302425329 0.5285358428955078 13
1653302431316 0.5312193036079407 14
1653302431333 0.5312193036079407 14
1653302437278 0.4866299331188202 15
1653302437294 0.4866299331188202 15
1653302443289 0.4744102954864502 16
1653302443305 0.4744102954864502 16
1653302449442 0.5194875001907349 17
1653302449458 0.5194875001907349 17
1653302456169 0.4563579261302948 18
1653302456186 0.4563579261302948 18
1653302462448 0.47000181674957275 19
1653302462464 0.47000181674957275 19
