1653302338542 0.06179353594779968 0
1653302338560 0.06179353594779968 0
1653302345411 0.06451365351676941 1
1653302345428 0.06451365351676941 1
1653302352128 0.047215498983860016 2
1653302352145 0.047215498983860016 2
1653302358737 0.04262291267514229 3
1653302358753 0.04262291267514229 3
1653302365428 0.035838544368743896 4
1653302365444 0.035838544368743896 4
1653302372544 0.02699483186006546 5
1653302372560 0.02699483186006546 5
1653302378830 0.030574874952435493 6
1653302378847 0.030574874952435493 6
1653302385790 0.024408837780356407 7
1653302385806 0.024408837780356407 7
1653302391968 0.029261993244290352 8
1653302391983 0.029261993244290352 8
1653302398715 0.02277339994907379 9
1653302398731 0.02277339994907379 9
1653302406315 0.027251752093434334 10
1653302406331 0.027251752093434334 10
1653302413219 0.02567068114876747 11
1653302413235 0.02567068114876747 11
1653302419236 0.021640807390213013 12
1653302419252 0.021640807390213013 12
1653302425312 0.021621251478791237 13
1653302425329 0.021621251478791237 13
1653302431316 0.024624129757285118 14
1653302431333 0.024624129757285118 14
1653302437278 0.02185455523431301 15
1653302437294 0.02185455523431301 15
1653302443289 0.018450500443577766 16
1653302443305 0.018450500443577766 16
1653302449442 0.02037540078163147 17
1653302449458 0.02037540078163147 17
1653302456169 0.01904628984630108 18
1653302456186 0.01904628984630108 18
1653302462448 0.02213812619447708 19
1653302462464 0.02213812619447708 19
