1653302338542 0.47486862540245056 0
1653302338560 0.47486862540245056 0
1653302345411 0.4188549518585205 1
1653302345428 0.4188549518585205 1
1653302352128 0.35659193992614746 2
1653302352145 0.35659193992614746 2
1653302358737 0.29393213987350464 3
1653302358753 0.29393213987350464 3
1653302365428 0.2701241672039032 4
1653302365444 0.2701241672039032 4
1653302372544 0.2549913227558136 5
1653302372560 0.2549913227558136 5
1653302378830 0.24691282212734222 6
1653302378847 0.24691282212734222 6
1653302385790 0.23895806074142456 7
1653302385806 0.23895806074142456 7
1653302391968 0.22649459540843964 8
1653302391983 0.22649459540843964 8
1653302398715 0.23916053771972656 9
1653302398731 0.23916053771972656 9
1653302406315 0.21566085517406464 10
1653302406331 0.21566085517406464 10
1653302413219 0.22344952821731567 11
1653302413235 0.22344952821731567 11
1653302419236 0.22184298932552338 12
1653302419252 0.22184298932552338 12
1653302425312 0.2132348269224167 13
1653302425329 0.2132348269224167 13
1653302431316 0.21909692883491516 14
1653302431333 0.21909692883491516 14
1653302437278 0.19983524084091187 15
1653302437294 0.19983524084091187 15
1653302443289 0.21017521619796753 16
1653302443305 0.21017521619796753 16
1653302449442 0.20554859936237335 17
1653302449458 0.20554859936237335 17
1653302456169 0.200847327709198 18
1653302456186 0.200847327709198 18
1653302462448 0.19552287459373474 19
1653302462464 0.19552287459373474 19
