1653301389336 0.6436604857444763 0
1653301389354 0.6436604857444763 0
1653301396384 0.6318419575691223 1
1653301396401 0.6318419575691223 1
1653301404025 0.6314273476600647 2
1653301404043 0.6314273476600647 2
1653301411360 0.6288915276527405 3
1653301411376 0.6288915276527405 3
1653301417786 0.6162712574005127 4
1653301417803 0.6162712574005127 4
1653301425115 0.6127885580062866 5
1653301425133 0.6127885580062866 5
1653301432419 0.603684663772583 6
1653301432437 0.603684663772583 6
1653301438788 0.5916659832000732 7
1653301438805 0.5916659832000732 7
1653301446152 0.6024731993675232 8
1653301446170 0.6024731993675232 8
1653301453866 0.5844376087188721 9
1653301453885 0.5844376087188721 9
1653301461689 0.5880845189094543 10
1653301461707 0.5880845189094543 10
1653301468114 0.5650598406791687 11
1653301468131 0.5650598406791687 11
1653301475066 0.5832893252372742 12
1653301475082 0.5832893252372742 12
1653301481352 0.5736726522445679 13
1653301481369 0.5736726522445679 13
1653301488677 0.5657338500022888 14
1653301488695 0.5657338500022888 14
1653301495146 0.5591475367546082 15
1653301495163 0.5591475367546082 15
1653301501585 0.5610058903694153 16
1653301501603 0.5610058903694153 16
1653301508008 0.545963704586029 17
1653301508026 0.545963704586029 17
1653301515693 0.5404706597328186 18
1653301515716 0.5404706597328186 18
1653301523135 0.5281635522842407 19
1653301523153 0.5281635522842407 19
