1653301389336 0.5178388953208923 0
1653301389354 0.5178388953208923 0
1653301396384 0.5271742343902588 1
1653301396401 0.5271742343902588 1
1653301404025 0.5404559373855591 2
1653301404043 0.5404559373855591 2
1653301411360 0.5979462265968323 3
1653301411376 0.5979462265968323 3
1653301417786 0.6056888699531555 4
1653301417803 0.6056888699531555 4
1653301425115 0.6220696568489075 5
1653301425133 0.6220696568489075 5
1653301432419 0.6581820845603943 6
1653301432437 0.6581820845603943 6
1653301438788 0.6673009991645813 7
1653301438805 0.6673009991645813 7
1653301446152 0.6554105877876282 8
1653301446170 0.6554105877876282 8
1653301453866 0.6881569027900696 9
1653301453885 0.6881569027900696 9
1653301461689 0.6824811697006226 10
1653301461707 0.6824811697006226 10
1653301468114 0.7123283743858337 11
1653301468131 0.7123283743858337 11
1653301475066 0.6903238892555237 12
1653301475082 0.6903238892555237 12
1653301481352 0.7061126828193665 13
1653301481369 0.7061126828193665 13
1653301488677 0.7210600972175598 14
1653301488695 0.7210600972175598 14
1653301495146 0.7253380417823792 15
1653301495163 0.7253380417823792 15
1653301501585 0.7266815900802612 16
1653301501603 0.7266815900802612 16
1653301508008 0.7410644292831421 17
1653301508026 0.7410644292831421 17
1653301515693 0.7512696981430054 18
1653301515716 0.7512696981430054 18
1653301523135 0.7578240633010864 19
1653301523153 0.7578240633010864 19
