1653301389336 0.4558577835559845 0
1653301389354 0.4558577835559845 0
1653301396384 0.4210023283958435 1
1653301396401 0.4210023283958435 1
1653301404025 0.374068021774292 2
1653301404043 0.374068021774292 2
1653301411360 0.3608172535896301 3
1653301411376 0.3608172535896301 3
1653301417786 0.32296743988990784 4
1653301417803 0.32296743988990784 4
1653301425115 0.33525168895721436 5
1653301425133 0.33525168895721436 5
1653301432419 0.3304707109928131 6
1653301432437 0.3304707109928131 6
1653301438788 0.31012699007987976 7
1653301438805 0.31012699007987976 7
1653301446152 0.29694467782974243 8
1653301446170 0.29694467782974243 8
1653301453866 0.300671249628067 9
1653301453885 0.300671249628067 9
1653301461689 0.32619500160217285 10
1653301461707 0.32619500160217285 10
1653301468114 0.28975409269332886 11
1653301468131 0.28975409269332886 11
1653301475066 0.3067986071109772 12
1653301475082 0.3067986071109772 12
1653301481352 0.29330193996429443 13
1653301481369 0.29330193996429443 13
1653301488677 0.26942503452301025 14
1653301488695 0.26942503452301025 14
1653301495146 0.29955512285232544 15
1653301495163 0.29955512285232544 15
1653301501585 0.3048037886619568 16
1653301501603 0.3048037886619568 16
1653301508008 0.2665688097476959 17
1653301508026 0.2665688097476959 17
1653301515693 0.28207552433013916 18
1653301515716 0.28207552433013916 18
1653301523135 0.2641165554523468 19
1653301523153 0.2641165554523468 19
