1653301389336 1.1717040538787842 0
1653301389354 1.1717040538787842 0
1653301396384 1.1855193376541138 1
1653301396401 1.1855193376541138 1
1653301404025 1.0753458738327026 2
1653301404043 1.0753458738327026 2
1653301411360 1.210127592086792 3
1653301411376 1.210127592086792 3
1653301417786 0.9630066752433777 4
1653301417803 0.9630066752433777 4
1653301425115 1.2215074300765991 5
1653301425133 1.2215074300765991 5
1653301432419 1.2419209480285645 6
1653301432437 1.2419209480285645 6
1653301438788 1.0916584730148315 7
1653301438805 1.0916584730148315 7
1653301446152 0.9731339812278748 8
1653301446170 0.9731339812278748 8
1653301453866 1.114422082901001 9
1653301453885 1.114422082901001 9
1653301461689 1.2987453937530518 10
1653301461707 1.2987453937530518 10
1653301468114 1.0745137929916382 11
1653301468131 1.0745137929916382 11
1653301475066 1.2043566703796387 12
1653301475082 1.2043566703796387 12
1653301481352 1.1456431150436401 13
1653301481369 1.1456431150436401 13
1653301488677 0.903033435344696 14
1653301488695 0.903033435344696 14
1653301495146 1.185409665107727 15
1653301495163 1.185409665107727 15
1653301501585 1.292027235031128 16
1653301501603 1.292027235031128 16
1653301508008 0.9561338424682617 17
1653301508026 0.9561338424682617 17
1653301515693 1.1534334421157837 18
1653301515716 1.1534334421157837 18
1653301523135 1.0098810195922852 19
1653301523153 1.0098810195922852 19
