1653301389336 0.24875251948833466 0
1653301389354 0.24875251948833466 0
1653301396384 0.19419565796852112 1
1653301396401 0.19419565796852112 1
1653301404025 0.14769670367240906 2
1653301404043 0.14769670367240906 2
1653301411360 0.12361767143011093 3
1653301411376 0.12361767143011093 3
1653301417786 0.11483853310346603 4
1653301417803 0.11483853310346603 4
1653301425115 0.10109815746545792 5
1653301425133 0.10109815746545792 5
1653301432419 0.08807189017534256 6
1653301432437 0.08807189017534256 6
1653301438788 0.09043308347463608 7
1653301438805 0.09043308347463608 7
1653301446152 0.09335947781801224 8
1653301446170 0.09335947781801224 8
1653301453866 0.08336946368217468 9
1653301453885 0.08336946368217468 9
1653301461689 0.0791335254907608 10
1653301461707 0.0791335254907608 10
1653301468114 0.07457346469163895 11
1653301468131 0.07457346469163895 11
1653301475066 0.07789631932973862 12
1653301475082 0.07789631932973862 12
1653301481352 0.07084653526544571 13
1653301481369 0.07084653526544571 13
1653301488677 0.06783033162355423 14
1653301488695 0.06783033162355423 14
1653301495146 0.06820418685674667 15
1653301495163 0.06820418685674667 15
1653301501585 0.07116489112377167 16
1653301501603 0.07116489112377167 16
1653301508008 0.06545498222112656 17
1653301508026 0.06545498222112656 17
1653301515693 0.06364911794662476 18
1653301515716 0.06364911794662476 18
1653301523135 0.06103137508034706 19
1653301523153 0.06103137508034706 19
