1653301389336 0.8846652507781982 0
1653301389354 0.8846652507781982 0
1653301396384 0.8233733773231506 1
1653301396401 0.8233733773231506 1
1653301404025 0.7497525811195374 2
1653301404043 0.7497525811195374 2
1653301411360 0.7116413116455078 3
1653301411376 0.7116413116455078 3
1653301417786 0.6653658151626587 4
1653301417803 0.6653658151626587 4
1653301425115 0.6471576690673828 5
1653301425133 0.6471576690673828 5
1653301432419 0.5929622054100037 6
1653301432437 0.5929622054100037 6
1653301438788 0.5824547410011292 7
1653301438805 0.5824547410011292 7
1653301446152 0.5971898436546326 8
1653301446170 0.5971898436546326 8
1653301453866 0.552320122718811 9
1653301453885 0.552320122718811 9
1653301461689 0.5715715289115906 10
1653301461707 0.5715715289115906 10
1653301468114 0.5295066237449646 11
1653301468131 0.5295066237449646 11
1653301475066 0.5443180203437805 12
1653301475082 0.5443180203437805 12
1653301481352 0.5281885266304016 13
1653301481369 0.5281885266304016 13
1653301488677 0.5311061143875122 14
1653301488695 0.5311061143875122 14
1653301495146 0.5364614129066467 15
1653301495163 0.5364614129066467 15
1653301501585 0.513067364692688 16
1653301501603 0.513067364692688 16
1653301508008 0.4960739016532898 17
1653301508026 0.4960739016532898 17
1653301515693 0.4955098330974579 18
1653301515716 0.4955098330974579 18
1653301523135 0.4779895544052124 19
1653301523153 0.4779895544052124 19
