1653301389336 0.07129436731338501 0
1653301389354 0.07129436731338501 0
1653301396384 0.059223588556051254 1
1653301396401 0.059223588556051254 1
1653301404025 0.051669325679540634 2
1653301404043 0.051669325679540634 2
1653301411360 0.03271331638097763 3
1653301411376 0.03271331638097763 3
1653301417786 0.03215106204152107 4
1653301417803 0.03215106204152107 4
1653301425115 0.030565347522497177 5
1653301425133 0.030565347522497177 5
1653301432419 0.031217677518725395 6
1653301432437 0.031217677518725395 6
1653301438788 0.024189380928874016 7
1653301438805 0.024189380928874016 7
1653301446152 0.02026483230292797 8
1653301446170 0.02026483230292797 8
1653301453866 0.024875091388821602 9
1653301453885 0.024875091388821602 9
1653301461689 0.028438212350010872 10
1653301461707 0.028438212350010872 10
1653301468114 0.018546270206570625 11
1653301468131 0.018546270206570625 11
1653301475066 0.023213092237710953 12
1653301475082 0.023213092237710953 12
1653301481352 0.025707347318530083 13
1653301481369 0.025707347318530083 13
1653301488677 0.01854274608194828 14
1653301488695 0.01854274608194828 14
1653301495146 0.01821799948811531 15
1653301495163 0.01821799948811531 15
1653301501585 0.023661689832806587 16
1653301501603 0.023661689832806587 16
1653301508008 0.019326800480484962 17
1653301508026 0.019326800480484962 17
1653301515693 0.020278528332710266 18
1653301515716 0.020278528332710266 18
1653301523135 0.017774946987628937 19
1653301523153 0.017774946987628937 19
