1653301389336 0.4705129563808441 0
1653301389354 0.4705129563808441 0
1653301396384 0.4134853482246399 1
1653301396401 0.4134853482246399 1
1653301404025 0.3420122563838959 2
1653301404043 0.3420122563838959 2
1653301411360 0.2894976735115051 3
1653301411376 0.2894976735115051 3
1653301417786 0.2636462450027466 4
1653301417803 0.2636462450027466 4
1653301425115 0.2344387322664261 5
1653301425133 0.2344387322664261 5
1653301432419 0.25530359148979187 6
1653301432437 0.25530359148979187 6
1653301438788 0.242836132645607 7
1653301438805 0.242836132645607 7
1653301446152 0.21927207708358765 8
1653301446170 0.21927207708358765 8
1653301453866 0.21503089368343353 9
1653301453885 0.21503089368343353 9
1653301461689 0.24224017560482025 10
1653301461707 0.24224017560482025 10
1653301468114 0.2215593010187149 11
1653301468131 0.2215593010187149 11
1653301475066 0.2175358384847641 12
1653301475082 0.2175358384847641 12
1653301481352 0.19771623611450195 13
1653301481369 0.19771623611450195 13
1653301488677 0.20710238814353943 14
1653301488695 0.20710238814353943 14
1653301495146 0.2243925929069519 15
1653301495163 0.2243925929069519 15
1653301501585 0.20433761179447174 16
1653301501603 0.20433761179447174 16
1653301508008 0.20177309215068817 17
1653301508026 0.20177309215068817 17
1653301515693 0.190036803483963 18
1653301515716 0.190036803483963 18
1653301523135 0.19138161838054657 19
1653301523153 0.19138161838054657 19
