1653295283941 0.646876871585846 0
1653295283957 0.646876871585846 0
1653295289954 0.6291874647140503 1
1653295289968 0.6291874647140503 1
1653295297530 0.6256536245346069 2
1653295297543 0.6256536245346069 2
1653295304531 0.610066831111908 3
1653295304545 0.610066831111908 3
1653295310663 0.5702054500579834 4
1653295310676 0.5702054500579834 4
1653295316656 0.5378889441490173 5
1653295316670 0.5378889441490173 5
1653295323630 0.5234851837158203 6
1653295323645 0.5234851837158203 6
1653295330376 0.5054208040237427 7
1653295330389 0.5054208040237427 7
1653295337462 0.4952789843082428 8
1653295337475 0.4952789843082428 8
1653295343452 0.4908018410205841 9
1653295343466 0.4908018410205841 9
1653295350892 0.48787012696266174 10
1653295350905 0.48787012696266174 10
1653295358178 0.47748661041259766 11
1653295358192 0.47748661041259766 11
1653295363981 0.45866358280181885 12
1653295363996 0.45866358280181885 12
1653295369973 0.46469640731811523 13
1653295369986 0.46469640731811523 13
1653295376905 0.4731122851371765 14
1653295376919 0.4731122851371765 14
1653295382922 0.45305556058883667 15
1653295382935 0.45305556058883667 15
1653295389909 0.46547770500183105 16
1653295389923 0.46547770500183105 16
1653295395975 0.45259547233581543 17
1653295395989 0.45259547233581543 17
1653295403214 0.44565683603286743 18
1653295403228 0.44565683603286743 18
1653295409523 0.4358749985694885 19
1653295409535 0.4358749985694885 19
