1653295283941 0.5048438310623169 0
1653295283957 0.5048438310623169 0
1653295289954 0.5599898099899292 1
1653295289968 0.5599898099899292 1
1653295297530 0.5995191335678101 2
1653295297543 0.5995191335678101 2
1653295304531 0.6487524509429932 3
1653295304545 0.6487524509429932 3
1653295310663 0.7180755138397217 4
1653295310676 0.7180755138397217 4
1653295316656 0.7526138424873352 5
1653295316670 0.7526138424873352 5
1653295323630 0.7670214772224426 6
1653295323645 0.7670214772224426 6
1653295330376 0.7841891050338745 7
1653295330389 0.7841891050338745 7
1653295337462 0.7963778376579285 8
1653295337475 0.7963778376579285 8
1653295343452 0.7955599427223206 9
1653295343466 0.7955599427223206 9
1653295350892 0.8039615154266357 10
1653295350905 0.8039615154266357 10
1653295358178 0.8080771565437317 11
1653295358192 0.8080771565437317 11
1653295363981 0.8259719610214233 12
1653295363996 0.8259719610214233 12
1653295369973 0.8183565735816956 13
1653295369986 0.8183565735816956 13
1653295376905 0.8119983077049255 14
1653295376919 0.8119983077049255 14
1653295382922 0.8289006948471069 15
1653295382935 0.8289006948471069 15
1653295389909 0.8159405589103699 16
1653295389923 0.8159405589103699 16
1653295395975 0.8318464159965515 17
1653295395989 0.8318464159965515 17
1653295403214 0.8328160047531128 18
1653295403228 0.8328160047531128 18
1653295409523 0.8425630331039429 19
1653295409535 0.8425630331039429 19
