1653295283941 0.2520197927951813 0
1653295283957 0.2520197927951813 0
1653295289954 0.24815760552883148 1
1653295289968 0.24815760552883148 1
1653295297530 0.24604858458042145 2
1653295297543 0.24604858458042145 2
1653295304531 0.23516817390918732 3
1653295304545 0.23516817390918732 3
1653295310663 0.2157750427722931 4
1653295310676 0.2157750427722931 4
1653295316656 0.19815656542778015 5
1653295316670 0.19815656542778015 5
1653295323630 0.19125699996948242 6
1653295323645 0.19125699996948242 6
1653295330376 0.18925786018371582 7
1653295330389 0.18925786018371582 7
1653295337462 0.1760743260383606 8
1653295337475 0.1760743260383606 8
1653295343452 0.17606694996356964 9
1653295343466 0.17606694996356964 9
1653295350892 0.16959404945373535 10
1653295350905 0.16959404945373535 10
1653295358178 0.1637522131204605 11
1653295358192 0.1637522131204605 11
1653295363981 0.15731261670589447 12
1653295363996 0.15731261670589447 12
1653295369973 0.1602669060230255 13
1653295369986 0.1602669060230255 13
1653295376905 0.16023565828800201 14
1653295376919 0.16023565828800201 14
1653295382922 0.15584757924079895 15
1653295382935 0.15584757924079895 15
1653295389909 0.15747353434562683 16
1653295389923 0.15747353434562683 16
1653295395975 0.1461167335510254 17
1653295395989 0.1461167335510254 17
1653295403214 0.15056471526622772 18
1653295403228 0.15056471526622772 18
1653295409523 0.13989348709583282 19
1653295409535 0.13989348709583282 19
