1653295283941 0.09935358911752701 0
1653295283957 0.09935358911752701 0
1653295289954 0.09625466912984848 1
1653295289968 0.09625466912984848 1
1653295297530 0.09691361337900162 2
1653295297543 0.09691361337900162 2
1653295304531 0.0967569425702095 3
1653295304545 0.0967569425702095 3
1653295310663 0.08509552478790283 4
1653295310676 0.08509552478790283 4
1653295316656 0.06693997979164124 5
1653295316670 0.06693997979164124 5
1653295323630 0.06262288987636566 6
1653295323645 0.06262288987636566 6
1653295330376 0.05700467899441719 7
1653295330389 0.05700467899441719 7
1653295337462 0.05567215010523796 8
1653295337475 0.05567215010523796 8
1653295343452 0.05578576400876045 9
1653295343466 0.05578576400876045 9
1653295350892 0.047969456762075424 10
1653295350905 0.047969456762075424 10
1653295358178 0.04709810018539429 11
1653295358192 0.04709810018539429 11
1653295363981 0.04591749981045723 12
1653295363996 0.04591749981045723 12
1653295369973 0.03874867781996727 13
1653295369986 0.03874867781996727 13
1653295376905 0.0468498170375824 14
1653295376919 0.0468498170375824 14
1653295382922 0.04309532791376114 15
1653295382935 0.04309532791376114 15
1653295389909 0.0421433262526989 16
1653295389923 0.0421433262526989 16
1653295395975 0.0386049784719944 17
1653295395989 0.0386049784719944 17
1653295403214 0.04097319021821022 18
1653295403228 0.04097319021821022 18
1653295409523 0.03778233379125595 19
1653295409535 0.03778233379125595 19
