1653295283941 0.6717784404754639 0
1653295283957 0.6717784404754639 0
1653295289954 0.6715326905250549 1
1653295289968 0.6715326905250549 1
1653295297530 0.6445706486701965 2
1653295297543 0.6445706486701965 2
1653295304531 0.6073198914527893 3
1653295304545 0.6073198914527893 3
1653295310663 0.5246617794036865 4
1653295310676 0.5246617794036865 4
1653295316656 0.48700404167175293 5
1653295316670 0.48700404167175293 5
1653295323630 0.45937007665634155 6
1653295323645 0.45937007665634155 6
1653295330376 0.4691489636898041 7
1653295330389 0.4691489636898041 7
1653295337462 0.4219581186771393 8
1653295337475 0.4219581186771393 8
1653295343452 0.4482795298099518 9
1653295343466 0.4482795298099518 9
1653295350892 0.4161389172077179 10
1653295350905 0.4161389172077179 10
1653295358178 0.4134614169597626 11
1653295358192 0.4134614169597626 11
1653295363981 0.3910926878452301 12
1653295363996 0.3910926878452301 12
1653295369973 0.4000377357006073 13
1653295369986 0.4000377357006073 13
1653295376905 0.4160139262676239 14
1653295376919 0.4160139262676239 14
1653295382922 0.3884217441082001 15
1653295382935 0.3884217441082001 15
1653295389909 0.4133363366127014 16
1653295389923 0.4133363366127014 16
1653295395975 0.37652066349983215 17
1653295395989 0.37652066349983215 17
1653295403214 0.37831053137779236 18
1653295403228 0.37831053137779236 18
1653295409523 0.3755202293395996 19
1653295409535 0.3755202293395996 19
