1653295283941 0.029415881261229515 0
1653295283957 0.029415881261229515 0
1653295289954 0.028002919629216194 1
1653295289968 0.028002919629216194 1
1653295297530 0.027862435206770897 2
1653295297543 0.027862435206770897 2
1653295304531 0.026027143001556396 3
1653295304545 0.026027143001556396 3
1653295310663 0.02888413518667221 4
1653295310676 0.02888413518667221 4
1653295316656 0.02641179971396923 5
1653295316670 0.02641179971396923 5
1653295323630 0.0303760077804327 6
1653295323645 0.0303760077804327 6
1653295330376 0.023024337366223335 7
1653295330389 0.023024337366223335 7
1653295337462 0.021200865507125854 8
1653295337475 0.021200865507125854 8
1653295343452 0.019515523687005043 9
1653295343466 0.019515523687005043 9
1653295350892 0.02059165947139263 10
1653295350905 0.02059165947139263 10
1653295358178 0.01807386428117752 11
1653295358192 0.01807386428117752 11
1653295363981 0.01456710696220398 12
1653295363996 0.01456710696220398 12
1653295369973 0.017394699156284332 13
1653295369986 0.017394699156284332 13
1653295376905 0.015784669667482376 14
1653295376919 0.015784669667482376 14
1653295382922 0.014388923533260822 15
1653295382935 0.014388923533260822 15
1653295389909 0.017449622973799706 16
1653295389923 0.017449622973799706 16
1653295395975 0.014366745948791504 17
1653295395989 0.014366745948791504 17
1653295403214 0.01376789528876543 18
1653295403228 0.01376789528876543 18
1653295409523 0.012344310991466045 19
1653295409535 0.012344310991466045 19
