1653295283941 0.24676455557346344 0
1653295283957 0.24676455557346344 0
1653295289954 0.2431117296218872 1
1653295289968 0.2431117296218872 1
1653295297530 0.2523841857910156 2
1653295297543 0.2523841857910156 2
1653295304531 0.23714286088943481 3
1653295304545 0.23714286088943481 3
1653295310663 0.23220591247081757 4
1653295310676 0.23220591247081757 4
1653295316656 0.21639546751976013 5
1653295316670 0.21639546751976013 5
1653295323630 0.21005268394947052 6
1653295323645 0.21005268394947052 6
1653295330376 0.21893583238124847 7
1653295330389 0.21893583238124847 7
1653295337462 0.1985037624835968 8
1653295337475 0.1985037624835968 8
1653295343452 0.18517236411571503 9
1653295343466 0.18517236411571503 9
1653295350892 0.18606840074062347 10
1653295350905 0.18606840074062347 10
1653295358178 0.17024032771587372 11
1653295358192 0.17024032771587372 11
1653295363981 0.1703442484140396 12
1653295363996 0.1703442484140396 12
1653295369973 0.17997141182422638 13
1653295369986 0.17997141182422638 13
1653295376905 0.1577109694480896 14
1653295376919 0.1577109694480896 14
1653295382922 0.17163142561912537 15
1653295382935 0.17163142561912537 15
1653295389909 0.15392841398715973 16
1653295389923 0.15392841398715973 16
1653295395975 0.14049187302589417 17
1653295395989 0.14049187302589417 17
1653295403214 0.1609453558921814 18
1653295403228 0.1609453558921814 18
1653295409523 0.12414592504501343 19
1653295409535 0.12414592504501343 19
