1653308570107 0.6722705960273743 0
1653308570126 0.6722705960273743 0
1653308581637 0.6395421624183655 1
1653308581657 0.6395421624183655 1
1653308593393 0.6382291913032532 2
1653308593412 0.6382291913032532 2
1653308602224 0.6374832391738892 3
1653308602242 0.6374832391738892 3
1653308611639 0.6330631375312805 4
1653308611658 0.6330631375312805 4
1653308623258 0.6363603472709656 5
1653308623276 0.6363603472709656 5
1653308632652 0.6190726161003113 6
1653308632673 0.6190726161003113 6
1653308642124 0.6252397894859314 7
1653308642149 0.6252397894859314 7
1653308650923 0.6045193672180176 8
1653308650941 0.6045193672180176 8
1653308660024 0.613472580909729 9
1653308660043 0.613472580909729 9
1653308669198 0.5901088714599609 10
1653308669217 0.5901088714599609 10
1653308677687 0.5981204509735107 11
1653308677704 0.5981204509735107 11
1653308688851 0.5795746445655823 12
1653308688869 0.5795746445655823 12
1653308698133 0.5651721954345703 13
1653308698152 0.5651721954345703 13
1653308708771 0.5776616334915161 14
1653308708790 0.5776616334915161 14
1653308719970 0.5588678121566772 15
1653308719992 0.5588678121566772 15
1653308729213 0.5373658537864685 16
1653308729232 0.5373658537864685 16
1653308738402 0.5436471104621887 17
1653308738421 0.5436471104621887 17
1653308746938 0.5339283347129822 18
1653308746957 0.5339283347129822 18
1653308756065 0.5243199467658997 19
1653308756084 0.5243199467658997 19
