1653308570107 0.5030637979507446 0
1653308570126 0.5030637979507446 0
1653308581637 0.5174954533576965 1
1653308581657 0.5174954533576965 1
1653308593393 0.5193156599998474 2
1653308593412 0.5193156599998474 2
1653308602224 0.522944450378418 3
1653308602242 0.522944450378418 3
1653308611639 0.5247309803962708 4
1653308611658 0.5247309803962708 4
1653308623258 0.5570369958877563 5
1653308623276 0.5570369958877563 5
1653308632652 0.57806795835495 6
1653308632673 0.57806795835495 6
1653308642124 0.5990248322486877 7
1653308642149 0.5990248322486877 7
1653308650923 0.6422051191329956 8
1653308650941 0.6422051191329956 8
1653308660024 0.63668292760849 9
1653308660043 0.63668292760849 9
1653308669198 0.6800112724304199 10
1653308669217 0.6800112724304199 10
1653308677687 0.6631509065628052 11
1653308677704 0.6631509065628052 11
1653308688851 0.6984977722167969 12
1653308688869 0.6984977722167969 12
1653308698133 0.714870274066925 13
1653308698152 0.714870274066925 13
1653308708771 0.7061160802841187 14
1653308708790 0.7061160802841187 14
1653308719970 0.7203690409660339 15
1653308719992 0.7203690409660339 15
1653308729213 0.7473846673965454 16
1653308729232 0.7473846673965454 16
1653308738402 0.7395498752593994 17
1653308738421 0.7395498752593994 17
1653308746938 0.7581402659416199 18
1653308746957 0.7581402659416199 18
1653308756065 0.7652021050453186 19
1653308756084 0.7652021050453186 19
