1653308570107 0.3127310276031494 0
1653308570126 0.3127310276031494 0
1653308581637 0.23356354236602783 1
1653308581657 0.23356354236602783 1
1653308593393 0.22973471879959106 2
1653308593412 0.22973471879959106 2
1653308602224 0.21908539533615112 3
1653308602242 0.21908539533615112 3
1653308611639 0.2158137708902359 4
1653308611658 0.2158137708902359 4
1653308623258 0.21207910776138306 5
1653308623276 0.21207910776138306 5
1653308632652 0.20238590240478516 6
1653308632673 0.20238590240478516 6
1653308642124 0.20009776949882507 7
1653308642149 0.20009776949882507 7
1653308650923 0.1917991191148758 8
1653308650941 0.1917991191148758 8
1653308660024 0.18759390711784363 9
1653308660043 0.18759390711784363 9
1653308669198 0.1829853355884552 10
1653308669217 0.1829853355884552 10
1653308677687 0.18481303751468658 11
1653308677704 0.18481303751468658 11
1653308688851 0.17592959105968475 12
1653308688869 0.17592959105968475 12
1653308698133 0.17264552414417267 13
1653308698152 0.17264552414417267 13
1653308708771 0.1740100383758545 14
1653308708790 0.1740100383758545 14
1653308719970 0.1632702499628067 15
1653308719992 0.1632702499628067 15
1653308729213 0.15919378399848938 16
1653308729232 0.15919378399848938 16
1653308738402 0.15908050537109375 17
1653308738421 0.15908050537109375 17
1653308746938 0.15399006009101868 18
1653308746957 0.15399006009101868 18
1653308756065 0.1461077481508255 19
1653308756084 0.1461077481508255 19
