1653308570107 0.11799433082342148 0
1653308570126 0.11799433082342148 0
1653308581637 0.10280986875295639 1
1653308581657 0.10280986875295639 1
1653308593393 0.10163981467485428 2
1653308593412 0.10163981467485428 2
1653308602224 0.09493761509656906 3
1653308602242 0.09493761509656906 3
1653308611639 0.10045310109853745 4
1653308611658 0.10045310109853745 4
1653308623258 0.09463217109441757 5
1653308623276 0.09463217109441757 5
1653308632652 0.09742886573076248 6
1653308632673 0.09742886573076248 6
1653308642124 0.08419021219015121 7
1653308642149 0.08419021219015121 7
1653308650923 0.08617322891950607 8
1653308650941 0.08617322891950607 8
1653308660024 0.08409440517425537 9
1653308660043 0.08409440517425537 9
1653308669198 0.0636817142367363 10
1653308669217 0.0636817142367363 10
1653308677687 0.07163907587528229 11
1653308677704 0.07163907587528229 11
1653308688851 0.07350486516952515 12
1653308688869 0.07350486516952515 12
1653308698133 0.06141230836510658 13
1653308698152 0.06141230836510658 13
1653308708771 0.06398450583219528 14
1653308708790 0.06398450583219528 14
1653308719970 0.05438043549656868 15
1653308719992 0.05438043549656868 15
1653308729213 0.05622106045484543 16
1653308729232 0.05622106045484543 16
1653308738402 0.061691273003816605 17
1653308738421 0.061691273003816605 17
1653308746938 0.044874969869852066 18
1653308746957 0.044874969869852066 18
1653308756065 0.050904419273138046 19
1653308756084 0.050904419273138046 19
