1653308570107 0.9122411012649536 0
1653308570126 0.9122411012649536 0
1653308581637 0.6908037066459656 1
1653308581657 0.6908037066459656 1
1653308593393 0.6847903728485107 2
1653308593412 0.6847903728485107 2
1653308602224 0.6799530982971191 3
1653308602242 0.6799530982971191 3
1653308611639 0.6593691110610962 4
1653308611658 0.6593691110610962 4
1653308623258 0.6746333837509155 5
1653308623276 0.6746333837509155 5
1653308632652 0.6584421992301941 6
1653308632673 0.6584421992301941 6
1653308642124 0.634331464767456 7
1653308642149 0.634331464767456 7
1653308650923 0.6088851690292358 8
1653308650941 0.6088851690292358 8
1653308660024 0.6167882084846497 9
1653308660043 0.6167882084846497 9
1653308669198 0.5666767954826355 10
1653308669217 0.5666767954826355 10
1653308677687 0.6108818054199219 11
1653308677704 0.6108818054199219 11
1653308688851 0.550217866897583 12
1653308688869 0.550217866897583 12
1653308698133 0.5483909845352173 13
1653308698152 0.5483909845352173 13
1653308708771 0.5725579857826233 14
1653308708790 0.5725579857826233 14
1653308719970 0.5179789662361145 15
1653308719992 0.5179789662361145 15
1653308729213 0.4945998191833496 16
1653308729232 0.4945998191833496 16
1653308738402 0.4913005530834198 17
1653308738421 0.4913005530834198 17
1653308746938 0.49376338720321655 18
1653308746957 0.49376338720321655 18
1653308756065 0.4612259566783905 19
1653308756084 0.4612259566783905 19
