1653308570107 0.05123091861605644 0
1653308570126 0.05123091861605644 0
1653308581637 0.03020303137600422 1
1653308581657 0.03020303137600422 1
1653308593393 0.0316041074693203 2
1653308593412 0.0316041074693203 2
1653308602224 0.02778351493179798 3
1653308602242 0.02778351493179798 3
1653308611639 0.028522396460175514 4
1653308611658 0.028522396460175514 4
1653308623258 0.02616450935602188 5
1653308623276 0.02616450935602188 5
1653308632652 0.025367535650730133 6
1653308632673 0.025367535650730133 6
1653308642124 0.030503759160637856 7
1653308642149 0.030503759160637856 7
1653308650923 0.02326623536646366 8
1653308650941 0.02326623536646366 8
1653308660024 0.02271866612136364 9
1653308660043 0.02271866612136364 9
1653308669198 0.026826107874512672 10
1653308669217 0.026826107874512672 10
1653308677687 0.01935521699488163 11
1653308677704 0.01935521699488163 11
1653308688851 0.02612910605967045 12
1653308688869 0.02612910605967045 12
1653308698133 0.021306851878762245 13
1653308698152 0.021306851878762245 13
1653308708771 0.015226257964968681 14
1653308708790 0.015226257964968681 14
1653308719970 0.022690128535032272 15
1653308719992 0.022690128535032272 15
1653308729213 0.01929839700460434 16
1653308729232 0.01929839700460434 16
1653308738402 0.015483520925045013 17
1653308738421 0.015483520925045013 17
1653308746938 0.01628223806619644 18
1653308746957 0.01628223806619644 18
1653308756065 0.01599649339914322 19
1653308756084 0.01599649339914322 19
