1653308570107 0.4041334390640259 0
1653308570126 0.4041334390640259 0
1653308581637 0.24862998723983765 1
1653308581657 0.24862998723983765 1
1653308593393 0.2521754801273346 2
1653308593412 0.2521754801273346 2
1653308602224 0.24363045394420624 3
1653308602242 0.24363045394420624 3
1653308611639 0.23999346792697906 4
1653308611658 0.23999346792697906 4
1653308623258 0.24174489080905914 5
1653308623276 0.24174489080905914 5
1653308632652 0.23943565785884857 6
1653308632673 0.23943565785884857 6
1653308642124 0.23737157881259918 7
1653308642149 0.23737157881259918 7
1653308650923 0.23017476499080658 8
1653308650941 0.23017476499080658 8
1653308660024 0.21205657720565796 9
1653308660043 0.21205657720565796 9
1653308669198 0.25125300884246826 10
1653308669217 0.25125300884246826 10
1653308677687 0.2022007256746292 11
1653308677704 0.2022007256746292 11
1653308688851 0.2187395989894867 12
1653308688869 0.2187395989894867 12
1653308698133 0.22269310057163239 13
1653308698152 0.22269310057163239 13
1653308708771 0.21255968511104584 14
1653308708790 0.21255968511104584 14
1653308719970 0.19513070583343506 15
1653308719992 0.19513070583343506 15
1653308729213 0.20361356437206268 16
1653308729232 0.20361356437206268 16
1653308738402 0.21267105638980865 17
1653308738421 0.21267105638980865 17
1653308746938 0.1919965296983719 18
1653308746957 0.1919965296983719 18
1653308756065 0.17455419898033142 19
1653308756084 0.17455419898033142 19
