1653308570107 0.22603406012058258 0
1653308570126 0.22603406012058258 0
1653308581637 0.14646248519420624 1
1653308581657 0.14646248519420624 1
1653308593393 0.12803128361701965 2
1653308593412 0.12803128361701965 2
1653308602224 0.09664394706487656 3
1653308602242 0.09664394706487656 3
1653308611639 0.09072696417570114 4
1653308611658 0.09072696417570114 4
1653308623258 0.06907287240028381 5
1653308623276 0.06907287240028381 5
1653308632652 0.03736306354403496 6
1653308632673 0.03736306354403496 6
1653308642124 0.04698696732521057 7
1653308642149 0.04698696732521057 7
1653308650923 0.04102678969502449 8
1653308650941 0.04102678969502449 8
1653308660024 0.03032463975250721 9
1653308660043 0.03032463975250721 9
1653308669198 0.028253711760044098 10
1653308669217 0.028253711760044098 10
1653308677687 0.051180146634578705 11
1653308677704 0.051180146634578705 11
1653308688851 0.025872496888041496 12
1653308688869 0.025872496888041496 12
1653308698133 0.030761349946260452 13
1653308698152 0.030761349946260452 13
1653308708771 0.031310856342315674 14
1653308708790 0.031310856342315674 14
1653308719970 0.03378351032733917 15
1653308719992 0.03378351032733917 15
1653308729213 0.030298328027129173 16
1653308729232 0.030298328027129173 16
1653308738402 0.019764577969908714 17
1653308738421 0.019764577969908714 17
1653308746938 0.031304433941841125 18
1653308746957 0.031304433941841125 18
1653308756065 0.02403240092098713 19
1653308756084 0.02403240092098713 19
