1653308781644 0.6563940644264221 0
1653308781667 0.6563940644264221 0
1653308791549 0.6369924545288086 1
1653308791570 0.6369924545288086 1
1653308801435 0.6182714700698853 2
1653308801455 0.6182714700698853 2
1653308811358 0.5796940326690674 3
1653308811378 0.5796940326690674 3
1653308820603 0.5817496180534363 4
1653308820622 0.5817496180534363 4
1653308829931 0.5582334399223328 5
1653308829951 0.5582334399223328 5
1653308840439 0.524660050868988 6
1653308840458 0.524660050868988 6
1653308849169 0.5301915407180786 7
1653308849190 0.5301915407180786 7
1653308858154 0.5243747234344482 8
1653308858174 0.5243747234344482 8
1653308866700 0.504520833492279 9
1653308866718 0.504520833492279 9
1653308876932 0.49788787961006165 10
1653308876951 0.49788787961006165 10
1653308886170 0.5101548433303833 11
1653308886191 0.5101548433303833 11
1653308895247 0.4935816526412964 12
1653308895266 0.4935816526412964 12
1653308904304 0.4716475307941437 13
1653308904324 0.4716475307941437 13
1653308913350 0.49593570828437805 14
1653308913370 0.49593570828437805 14
1653308924535 0.47475895285606384 15
1653308924556 0.47475895285606384 15
1653308935992 0.47745558619499207 16
1653308936011 0.47745558619499207 16
1653308945380 0.4708575904369354 17
1653308945401 0.4708575904369354 17
1653308954474 0.46961522102355957 18
1653308954493 0.46961522102355957 18
1653308962994 0.44871094822883606 19
1653308963013 0.44871094822883606 19
