1653308781644 0.5083559155464172 0
1653308781667 0.5083559155464172 0
1653308791549 0.541740894317627 1
1653308791570 0.541740894317627 1
1653308801435 0.592020571231842 2
1653308801455 0.592020571231842 2
1653308811358 0.6956171989440918 3
1653308811378 0.6956171989440918 3
1653308820603 0.6955898404121399 4
1653308820622 0.6955898404121399 4
1653308829931 0.7214987874031067 5
1653308829951 0.7214987874031067 5
1653308840439 0.7588151097297668 6
1653308840458 0.7588151097297668 6
1653308849169 0.7525230646133423 7
1653308849190 0.7525230646133423 7
1653308858154 0.7549735903739929 8
1653308858174 0.7549735903739929 8
1653308866700 0.7765258550643921 9
1653308866718 0.7765258550643921 9
1653308876932 0.7916662693023682 10
1653308876951 0.7916662693023682 10
1653308886170 0.7736521363258362 11
1653308886191 0.7736521363258362 11
1653308895247 0.7996807098388672 12
1653308895266 0.7996807098388672 12
1653308904304 0.8046311140060425 13
1653308904324 0.8046311140060425 13
1653308913350 0.7894704937934875 14
1653308913370 0.7894704937934875 14
1653308924535 0.8060651421546936 15
1653308924556 0.8060651421546936 15
1653308935992 0.8075501918792725 16
1653308936011 0.8075501918792725 16
1653308945380 0.8151737451553345 17
1653308945401 0.8151737451553345 17
1653308954474 0.8154460787773132 18
1653308954493 0.8154460787773132 18
1653308962994 0.8323997259140015 19
1653308963013 0.8323997259140015 19
