1653308781644 0.3226177394390106 0
1653308781667 0.3226177394390106 0
1653308791549 0.2251369208097458 1
1653308791570 0.2251369208097458 1
1653308801435 0.21185636520385742 2
1653308801455 0.21185636520385742 2
1653308811358 0.1924610584974289 3
1653308811378 0.1924610584974289 3
1653308820603 0.18733245134353638 4
1653308820622 0.18733245134353638 4
1653308829931 0.18021413683891296 5
1653308829951 0.18021413683891296 5
1653308840439 0.16770462691783905 6
1653308840458 0.16770462691783905 6
1653308849169 0.1639852076768875 7
1653308849190 0.1639852076768875 7
1653308858154 0.15978549420833588 8
1653308858174 0.15978549420833588 8
1653308866700 0.15152907371520996 9
1653308866718 0.15152907371520996 9
1653308876932 0.14780372381210327 10
1653308876951 0.14780372381210327 10
1653308886170 0.155549556016922 11
1653308886191 0.155549556016922 11
1653308895247 0.13860003650188446 12
1653308895266 0.13860003650188446 12
1653308904304 0.14421874284744263 13
1653308904324 0.14421874284744263 13
1653308913350 0.13879519701004028 14
1653308913370 0.13879519701004028 14
1653308924535 0.13298630714416504 15
1653308924556 0.13298630714416504 15
1653308935992 0.1372525990009308 16
1653308936011 0.1372525990009308 16
1653308945380 0.1343655288219452 17
1653308945401 0.1343655288219452 17
1653308954474 0.1292812079191208 18
1653308954493 0.1292812079191208 18
1653308962994 0.12632718682289124 19
1653308963013 0.12632718682289124 19
