1653308781644 0.12563736736774445 0
1653308781667 0.12563736736774445 0
1653308791549 0.10640545934438705 1
1653308791570 0.10640545934438705 1
1653308801435 0.09438831359148026 2
1653308801455 0.09438831359148026 2
1653308811358 0.08125056326389313 3
1653308811378 0.08125056326389313 3
1653308820603 0.07632621377706528 4
1653308820622 0.07632621377706528 4
1653308829931 0.0702223852276802 5
1653308829951 0.0702223852276802 5
1653308840439 0.058773573487997055 6
1653308840458 0.058773573487997055 6
1653308849169 0.05356309190392494 7
1653308849190 0.05356309190392494 7
1653308858154 0.05317023769021034 8
1653308858174 0.05317023769021034 8
1653308866700 0.05207694321870804 9
1653308866718 0.05207694321870804 9
1653308876932 0.049935370683670044 10
1653308876951 0.049935370683670044 10
1653308886170 0.05445929244160652 11
1653308886191 0.05445929244160652 11
1653308895247 0.04828571900725365 12
1653308895266 0.04828571900725365 12
1653308904304 0.0432930588722229 13
1653308904324 0.0432930588722229 13
1653308913350 0.04509661719202995 14
1653308913370 0.04509661719202995 14
1653308924535 0.04537173733115196 15
1653308924556 0.04537173733115196 15
1653308935992 0.041131723672151566 16
1653308936011 0.041131723672151566 16
1653308945380 0.045396238565444946 17
1653308945401 0.045396238565444946 17
1653308954474 0.040495555847883224 18
1653308954493 0.040495555847883224 18
1653308962994 0.03773798421025276 19
1653308963013 0.03773798421025276 19
