1653308781644 1.2598870992660522 0
1653308781667 1.2598870992660522 0
1653308791549 0.667337954044342 1
1653308791570 0.667337954044342 1
1653308801435 0.6427451968193054 2
1653308801455 0.6427451968193054 2
1653308811358 0.5711773037910461 3
1653308811378 0.5711773037910461 3
1653308820603 0.5286213755607605 4
1653308820622 0.5286213755607605 4
1653308829931 0.5177621245384216 5
1653308829951 0.5177621245384216 5
1653308840439 0.46552181243896484 6
1653308840458 0.46552181243896484 6
1653308849169 0.5035893321037292 7
1653308849190 0.5035893321037292 7
1653308858154 0.4641336500644684 8
1653308858174 0.4641336500644684 8
1653308866700 0.45515763759613037 9
1653308866718 0.45515763759613037 9
1653308876932 0.436164915561676 10
1653308876951 0.436164915561676 10
1653308886170 0.4576813876628876 11
1653308886191 0.4576813876628876 11
1653308895247 0.4018841087818146 12
1653308895266 0.4018841087818146 12
1653308904304 0.43643513321876526 13
1653308904324 0.43643513321876526 13
1653308913350 0.4242250621318817 14
1653308913370 0.4242250621318817 14
1653308924535 0.40217024087905884 15
1653308924556 0.40217024087905884 15
1653308935992 0.41231098771095276 16
1653308936011 0.41231098771095276 16
1653308945380 0.39178183674812317 17
1653308945401 0.39178183674812317 17
1653308954474 0.40232864022254944 18
1653308954493 0.40232864022254944 18
1653308962994 0.38036563992500305 19
1653308963013 0.38036563992500305 19
