1653308781644 0.0398455411195755 0
1653308781667 0.0398455411195755 0
1653308791549 0.03113383986055851 1
1653308791570 0.03113383986055851 1
1653308801435 0.025554759427905083 2
1653308801455 0.025554759427905083 2
1653308811358 0.031964339315891266 3
1653308811378 0.031964339315891266 3
1653308820603 0.021568426862359047 4
1653308820622 0.021568426862359047 4
1653308829931 0.030161645263433456 5
1653308829951 0.030161645263433456 5
1653308840439 0.023015057668089867 6
1653308840458 0.023015057668089867 6
1653308849169 0.018003977835178375 7
1653308849190 0.018003977835178375 7
1653308858154 0.014816617593169212 8
1653308858174 0.014816617593169212 8
1653308866700 0.011517622508108616 9
1653308866718 0.011517622508108616 9
1653308876932 0.010009502060711384 10
1653308876951 0.010009502060711384 10
1653308886170 0.01167120598256588 11
1653308886191 0.01167120598256588 11
1653308895247 0.011460058391094208 12
1653308895266 0.011460058391094208 12
1653308904304 0.00628387276083231 13
1653308904324 0.00628387276083231 13
1653308913350 0.010069268755614758 14
1653308913370 0.010069268755614758 14
1653308924535 0.010118779726326466 15
1653308924556 0.010118779726326466 15
1653308935992 0.007441651076078415 16
1653308936011 0.007441651076078415 16
1653308945380 0.006799135822802782 17
1653308945401 0.006799135822802782 17
1653308954474 0.00915040634572506 18
1653308954493 0.00915040634572506 18
1653308962994 0.006156058516353369 19
1653308963013 0.006156058516353369 19
