1653308781644 0.30958491563796997 0
1653308781667 0.30958491563796997 0
1653308791549 0.2501696050167084 1
1653308791570 0.2501696050167084 1
1653308801435 0.24513031542301178 2
1653308801455 0.24513031542301178 2
1653308811358 0.21040868759155273 3
1653308811378 0.21040868759155273 3
1653308820603 0.23513250052928925 4
1653308820622 0.23513250052928925 4
1653308829931 0.22390423715114594 5
1653308829951 0.22390423715114594 5
1653308840439 0.22546419501304626 6
1653308840458 0.22546419501304626 6
1653308849169 0.1961755007505417 7
1653308849190 0.1961755007505417 7
1653308858154 0.21564707159996033 8
1653308858174 0.21564707159996033 8
1653308866700 0.18199366331100464 9
1653308866718 0.18199366331100464 9
1653308876932 0.1973271369934082 10
1653308876951 0.1973271369934082 10
1653308886170 0.19710756838321686 11
1653308886191 0.19710756838321686 11
1653308895247 0.16669990122318268 12
1653308895266 0.16669990122318268 12
1653308904304 0.19596169888973236 13
1653308904324 0.19596169888973236 13
1653308913350 0.15806080400943756 14
1653308913370 0.15806080400943756 14
1653308924535 0.16160105168819427 15
1653308924556 0.16160105168819427 15
1653308935992 0.18223562836647034 16
1653308936011 0.18223562836647034 16
1653308945380 0.18157000839710236 17
1653308945401 0.18157000839710236 17
1653308954474 0.14814862608909607 18
1653308954493 0.14814862608909607 18
1653308962994 0.15891455113887787 19
1653308963013 0.15891455113887787 19
