1653308781644 0.17152689397335052 0
1653308781667 0.17152689397335052 0
1653308791549 0.11503556370735168 1
1653308791570 0.11503556370735168 1
1653308801435 0.09378856420516968 2
1653308801455 0.09378856420516968 2
1653308811358 0.0906340479850769 3
1653308811378 0.0906340479850769 3
1653308820603 0.0837230533361435 4
1653308820622 0.0837230533361435 4
1653308829931 0.07098260521888733 5
1653308829951 0.07098260521888733 5
1653308840439 0.0706128478050232 6
1653308840458 0.0706128478050232 6
1653308849169 0.06423741579055786 7
1653308849190 0.06423741579055786 7
1653308858154 0.05550476536154747 8
1653308858174 0.05550476536154747 8
1653308866700 0.06145559996366501 9
1653308866718 0.06145559996366501 9
1653308876932 0.047323714941740036 10
1653308876951 0.047323714941740036 10
1653308886170 0.062020447105169296 11
1653308886191 0.062020447105169296 11
1653308895247 0.04946938902139664 12
1653308895266 0.04946938902139664 12
1653308904304 0.05209336057305336 13
1653308904324 0.05209336057305336 13
1653308913350 0.048929933458566666 14
1653308913370 0.048929933458566666 14
1653308924535 0.03815612941980362 15
1653308924556 0.03815612941980362 15
1653308935992 0.04181775823235512 16
1653308936011 0.04181775823235512 16
1653308945380 0.03889347240328789 17
1653308945401 0.03889347240328789 17
1653308954474 0.03939172253012657 18
1653308954493 0.03939172253012657 18
1653308962994 0.042603157460689545 19
1653308963013 0.042603157460689545 19
