1653296085736 0.5011693835258484 0
1653296085757 0.5011693835258484 0
1653296092442 0.5511823296546936 1
1653296092457 0.5511823296546936 1
1653296098860 0.5604572296142578 2
1653296098876 0.5604572296142578 2
1653296105395 0.5995317697525024 3
1653296105410 0.5995317697525024 3
1653296112151 0.61319500207901 4
1653296112166 0.61319500207901 4
1653296119040 0.6367382407188416 5
1653296119056 0.6367382407188416 5
1653296126458 0.6604200601577759 6
1653296126474 0.6604200601577759 6
1653296133797 0.6400933861732483 7
1653296133814 0.6400933861732483 7
1653296140521 0.6846759915351868 8
1653296140540 0.6846759915351868 8
1653296147044 0.6848605871200562 9
1653296147060 0.6848605871200562 9
1653296154178 0.6904457807540894 10
1653296154193 0.6904457807540894 10
1653296160613 0.707660436630249 11
1653296160628 0.707660436630249 11
1653296167970 0.7252997159957886 12
1653296167986 0.7252997159957886 12
1653296175486 0.7124614119529724 13
1653296175502 0.7124614119529724 13
1653296183211 0.728941023349762 14
1653296183227 0.728941023349762 14
1653296190784 0.7370221018791199 15
1653296190801 0.7370221018791199 15
1653296198110 0.7572054862976074 16
1653296198128 0.7572054862976074 16
1653296206109 0.7486670017242432 17
1653296206125 0.7486670017242432 17
1653296212581 0.7576543092727661 18
1653296212596 0.7576543092727661 18
1653296219884 0.7412130236625671 19
1653296219901 0.7412130236625671 19
