1653296085736 0.64082270860672 0
1653296085757 0.64082270860672 0
1653296092442 0.6313600540161133 1
1653296092457 0.6313600540161133 1
1653296098860 0.6305433511734009 2
1653296098876 0.6305433511734009 2
1653296105395 0.6204527616500854 3
1653296105410 0.6204527616500854 3
1653296112151 0.618449330329895 4
1653296112166 0.618449330329895 4
1653296119040 0.6109771728515625 5
1653296119056 0.6109771728515625 5
1653296126458 0.5962054133415222 6
1653296126474 0.5962054133415222 6
1653296133797 0.6088839769363403 7
1653296133814 0.6088839769363403 7
1653296140521 0.586604654788971 8
1653296140540 0.586604654788971 8
1653296147044 0.5926740765571594 9
1653296147060 0.5926740765571594 9
1653296154178 0.5799020528793335 10
1653296154193 0.5799020528793335 10
1653296160613 0.5746386647224426 11
1653296160628 0.5746386647224426 11
1653296167970 0.5618662238121033 12
1653296167986 0.5618662238121033 12
1653296175486 0.5715905427932739 13
1653296175502 0.5715905427932739 13
1653296183211 0.563075065612793 14
1653296183227 0.563075065612793 14
1653296190784 0.5514975190162659 15
1653296190801 0.5514975190162659 15
1653296198110 0.5398320555686951 16
1653296198128 0.5398320555686951 16
1653296206109 0.5444233417510986 17
1653296206125 0.5444233417510986 17
1653296212581 0.5456010103225708 18
1653296212596 0.5456010103225708 18
1653296219884 0.5492867827415466 19
1653296219901 0.5492867827415466 19
