1653296085736 0.22761406004428864 0
1653296085757 0.22761406004428864 0
1653296092442 0.2246313989162445 1
1653296092457 0.2246313989162445 1
1653296098860 0.22304412722587585 2
1653296098876 0.22304412722587585 2
1653296105395 0.2236907184123993 3
1653296105410 0.2236907184123993 3
1653296112151 0.2110438048839569 4
1653296112166 0.2110438048839569 4
1653296119040 0.21509043872356415 5
1653296119056 0.21509043872356415 5
1653296126458 0.213321715593338 6
1653296126474 0.213321715593338 6
1653296133797 0.20527173578739166 7
1653296133814 0.20527173578739166 7
1653296140521 0.19618476927280426 8
1653296140540 0.19618476927280426 8
1653296147044 0.19767659902572632 9
1653296147060 0.19767659902572632 9
1653296154178 0.1931733638048172 10
1653296154193 0.1931733638048172 10
1653296160613 0.18489408493041992 11
1653296160628 0.18489408493041992 11
1653296167970 0.17909470200538635 12
1653296167986 0.17909470200538635 12
1653296175486 0.17759214341640472 13
1653296175502 0.17759214341640472 13
1653296183211 0.17623145878314972 14
1653296183227 0.17623145878314972 14
1653296190784 0.16581666469573975 15
1653296190801 0.16581666469573975 15
1653296198110 0.15898656845092773 16
1653296198128 0.15898656845092773 16
1653296206109 0.16152533888816833 17
1653296206125 0.16152533888816833 17
1653296212581 0.1619216948747635 18
1653296212596 0.1619216948747635 18
1653296219884 0.168418288230896 19
1653296219901 0.168418288230896 19
