1653296085736 0.09862452000379562 0
1653296085757 0.09862452000379562 0
1653296092442 0.09849116951227188 1
1653296092457 0.09849116951227188 1
1653296098860 0.09616868197917938 2
1653296098876 0.09616868197917938 2
1653296105395 0.10033170133829117 3
1653296105410 0.10033170133829117 3
1653296112151 0.09220574051141739 4
1653296112166 0.09220574051141739 4
1653296119040 0.09357892721891403 5
1653296119056 0.09357892721891403 5
1653296126458 0.08892000466585159 6
1653296126474 0.08892000466585159 6
1653296133797 0.09028352797031403 7
1653296133814 0.09028352797031403 7
1653296140521 0.0738762766122818 8
1653296140540 0.0738762766122818 8
1653296147044 0.07485774904489517 9
1653296147060 0.07485774904489517 9
1653296154178 0.08729647099971771 10
1653296154193 0.08729647099971771 10
1653296160613 0.07741528749465942 11
1653296160628 0.07741528749465942 11
1653296167970 0.06495802849531174 12
1653296167986 0.06495802849531174 12
1653296175486 0.07329384982585907 13
1653296175502 0.07329384982585907 13
1653296183211 0.07424101233482361 14
1653296183227 0.07424101233482361 14
1653296190784 0.06387482583522797 15
1653296190801 0.06387482583522797 15
1653296198110 0.06165916472673416 16
1653296198128 0.06165916472673416 16
1653296206109 0.06214841827750206 17
1653296206125 0.06214841827750206 17
1653296212581 0.06519400328397751 18
1653296212596 0.06519400328397751 18
1653296219884 0.057712409645318985 19
1653296219901 0.057712409645318985 19
