1653296085736 0.67947918176651 0
1653296085757 0.67947918176651 0
1653296092442 0.6551871299743652 1
1653296092457 0.6551871299743652 1
1653296098860 0.676019549369812 2
1653296098876 0.676019549369812 2
1653296105395 0.6535633206367493 3
1653296105410 0.6535633206367493 3
1653296112151 0.625119149684906 4
1653296112166 0.625119149684906 4
1653296119040 0.5992612838745117 5
1653296119056 0.5992612838745117 5
1653296126458 0.5880682468414307 6
1653296126474 0.5880682468414307 6
1653296133797 0.5944981575012207 7
1653296133814 0.5944981575012207 7
1653296140521 0.5618041157722473 8
1653296140540 0.5618041157722473 8
1653296147044 0.5645126104354858 9
1653296147060 0.5645126104354858 9
1653296154178 0.5530692338943481 10
1653296154193 0.5530692338943481 10
1653296160613 0.5352952480316162 11
1653296160628 0.5352952480316162 11
1653296167970 0.5281602144241333 12
1653296167986 0.5281602144241333 12
1653296175486 0.5400258898735046 13
1653296175502 0.5400258898735046 13
1653296183211 0.5324832201004028 14
1653296183227 0.5324832201004028 14
1653296190784 0.5206815004348755 15
1653296190801 0.5206815004348755 15
1653296198110 0.469331830739975 16
1653296198128 0.469331830739975 16
1653296206109 0.5122625231742859 17
1653296206125 0.5122625231742859 17
1653296212581 0.4815790355205536 18
1653296212596 0.4815790355205536 18
1653296219884 0.539657473564148 19
1653296219901 0.539657473564148 19
