1653296085736 0.027949126437306404 0
1653296085757 0.027949126437306404 0
1653296092442 0.03119540773332119 1
1653296092457 0.03119540773332119 1
1653296098860 0.027465712279081345 2
1653296098876 0.027465712279081345 2
1653296105395 0.028358863666653633 3
1653296105410 0.028358863666653633 3
1653296112151 0.024884473532438278 4
1653296112166 0.024884473532438278 4
1653296119040 0.028180409222841263 5
1653296119056 0.028180409222841263 5
1653296126458 0.026817919686436653 6
1653296126474 0.026817919686436653 6
1653296133797 0.029806554317474365 7
1653296133814 0.029806554317474365 7
1653296140521 0.02426585555076599 8
1653296140540 0.02426585555076599 8
1653296147044 0.026545003056526184 9
1653296147060 0.026545003056526184 9
1653296154178 0.023822516202926636 10
1653296154193 0.023822516202926636 10
1653296160613 0.02649393118917942 11
1653296160628 0.02649393118917942 11
1653296167970 0.026460563763976097 12
1653296167986 0.026460563763976097 12
1653296175486 0.02417423017323017 13
1653296175502 0.02417423017323017 13
1653296183211 0.02135968580842018 14
1653296183227 0.02135968580842018 14
1653296190784 0.020865436643362045 15
1653296190801 0.020865436643362045 15
1653296198110 0.02242080308496952 16
1653296198128 0.02242080308496952 16
1653296206109 0.02004195936024189 17
1653296206125 0.02004195936024189 17
1653296212581 0.02243351936340332 18
1653296212596 0.02243351936340332 18
1653296219884 0.020359160378575325 19
1653296219901 0.020359160378575325 19
