1653296085736 0.2452995777130127 0
1653296085757 0.2452995777130127 0
1653296092442 0.25011754035949707 1
1653296092457 0.25011754035949707 1
1653296098860 0.2422538548707962 2
1653296098876 0.2422538548707962 2
1653296105395 0.25580480694770813 3
1653296105410 0.25580480694770813 3
1653296112151 0.22597737610340118 4
1653296112166 0.22597737610340118 4
1653296119040 0.24836255609989166 5
1653296119056 0.24836255609989166 5
1653296126458 0.2378973364830017 6
1653296126474 0.2378973364830017 6
1653296133797 0.22717829048633575 7
1653296133814 0.22717829048633575 7
1653296140521 0.23214520514011383 8
1653296140540 0.23214520514011383 8
1653296147044 0.2307674139738083 9
1653296147060 0.2307674139738083 9
1653296154178 0.2266424000263214 10
1653296154193 0.2266424000263214 10
1653296160613 0.21860259771347046 11
1653296160628 0.21860259771347046 11
1653296167970 0.22523333132266998 12
1653296167986 0.22523333132266998 12
1653296175486 0.226287841796875 13
1653296175502 0.226287841796875 13
1653296183211 0.2254430651664734 14
1653296183227 0.2254430651664734 14
1653296190784 0.20859520137310028 15
1653296190801 0.20859520137310028 15
1653296198110 0.20509006083011627 16
1653296198128 0.20509006083011627 16
1653296206109 0.20217764377593994 17
1653296206125 0.20217764377593994 17
1653296212581 0.20529982447624207 18
1653296212596 0.20529982447624207 18
1653296219884 0.22254382073879242 19
1653296219901 0.22254382073879242 19
