1653296085736 0.13249684870243073 0
1653296085757 0.13249684870243073 0
1653296092442 0.12793530523777008 1
1653296092457 0.12793530523777008 1
1653296098860 0.12170328944921494 2
1653296098876 0.12170328944921494 2
1653296105395 0.12498850375413895 3
1653296105410 0.12498850375413895 3
1653296112151 0.11724673956632614 4
1653296112166 0.11724673956632614 4
1653296119040 0.13086426258087158 5
1653296119056 0.13086426258087158 5
1653296126458 0.1499129980802536 6
1653296126474 0.1499129980802536 6
1653296133797 0.10563314706087112 7
1653296133814 0.10563314706087112 7
1653296140521 0.10696578770875931 8
1653296140540 0.10696578770875931 8
1653296147044 0.10801731050014496 9
1653296147060 0.10801731050014496 9
1653296154178 0.09131680428981781 10
1653296154193 0.09131680428981781 10
1653296160613 0.07670576870441437 11
1653296160628 0.07670576870441437 11
1653296167970 0.06429271399974823 12
1653296167986 0.06429271399974823 12
1653296175486 0.039072681218385696 13
1653296175502 0.039072681218385696 13
1653296183211 0.04299309104681015 14
1653296183227 0.04299309104681015 14
1653296190784 0.028541354462504387 15
1653296190801 0.028541354462504387 15
1653296198110 0.0324789322912693 16
1653296198128 0.0324789322912693 16
1653296206109 0.02319813333451748 17
1653296206125 0.02319813333451748 17
1653296212581 0.033843982964754105 18
1653296212596 0.033843982964754105 18
1653296219884 0.026265650987625122 19
1653296219901 0.026265650987625122 19
