1653298755304 0.5107882022857666 0
1653298755320 0.5107882022857666 0
1653298762037 0.5454816818237305 1
1653298762052 0.5454816818237305 1
1653298768053 0.5746784210205078 2
1653298768068 0.5746784210205078 2
1653298774201 0.6040855646133423 3
1653298774217 0.6040855646133423 3
1653298780939 0.6140895485877991 4
1653298780953 0.6140895485877991 4
1653298787671 0.6426763534545898 5
1653298787685 0.6426763534545898 5
1653298794826 0.648944079875946 6
1653298794841 0.648944079875946 6
1653298801493 0.671787440776825 7
1653298801507 0.671787440776825 7
1653298807799 0.6593411564826965 8
1653298807814 0.6593411564826965 8
1653298814083 0.6860458850860596 9
1653298814097 0.6860458850860596 9
1653298821325 0.6952837705612183 10
1653298821340 0.6952837705612183 10
1653298827517 0.7090722918510437 11
1653298827533 0.7090722918510437 11
1653298834165 0.7143121957778931 12
1653298834179 0.7143121957778931 12
1653298841125 0.7097615599632263 13
1653298841141 0.7097615599632263 13
1653298848009 0.7116764783859253 14
1653298848024 0.7116764783859253 14
1653298855414 0.7354231476783752 15
1653298855429 0.7354231476783752 15
1653298862433 0.7469468712806702 16
1653298862448 0.7469468712806702 16
1653298868495 0.7471742033958435 17
1653298868509 0.7471742033958435 17
1653298874841 0.7638444900512695 18
1653298874855 0.7638444900512695 18
1653298881020 0.7549887299537659 19
1653298881034 0.7549887299537659 19
