1653298755304 0.642822802066803 0
1653298755320 0.642822802066803 0
1653298762037 0.632770299911499 1
1653298762052 0.632770299911499 1
1653298768053 0.6282458901405334 2
1653298768068 0.6282458901405334 2
1653298774201 0.6221581697463989 3
1653298774217 0.6221581697463989 3
1653298780939 0.6200165748596191 4
1653298780953 0.6200165748596191 4
1653298787671 0.6072530746459961 5
1653298787685 0.6072530746459961 5
1653298794826 0.6041719317436218 6
1653298794841 0.6041719317436218 6
1653298801493 0.5918838381767273 7
1653298801507 0.5918838381767273 7
1653298807799 0.6002740859985352 8
1653298807814 0.6002740859985352 8
1653298814083 0.5871644020080566 9
1653298814097 0.5871644020080566 9
1653298821325 0.5828942656517029 10
1653298821340 0.5828942656517029 10
1653298827517 0.5723565220832825 11
1653298827533 0.5723565220832825 11
1653298834165 0.5712234973907471 12
1653298834179 0.5712234973907471 12
1653298841125 0.5707734227180481 13
1653298841141 0.5707734227180481 13
1653298848009 0.5722426176071167 14
1653298848024 0.5722426176071167 14
1653298855414 0.5548884868621826 15
1653298855429 0.5548884868621826 15
1653298862433 0.5451587438583374 16
1653298862448 0.5451587438583374 16
1653298868495 0.5458972454071045 17
1653298868509 0.5458972454071045 17
1653298874841 0.5298959612846375 18
1653298874855 0.5298959612846375 18
1653298881020 0.5377035737037659 19
1653298881034 0.5377035737037659 19
