1653298755304 0.3762983977794647 0
1653298755320 0.3762983977794647 0
1653298762037 0.34491854906082153 1
1653298762052 0.34491854906082153 1
1653298768053 0.2924482822418213 2
1653298768068 0.2924482822418213 2
1653298774201 0.27078595757484436 3
1653298774217 0.27078595757484436 3
1653298780939 0.26010382175445557 4
1653298780953 0.26010382175445557 4
1653298787671 0.24101585149765015 5
1653298787685 0.24101585149765015 5
1653298794826 0.23344101011753082 6
1653298794841 0.23344101011753082 6
1653298801493 0.2264402210712433 7
1653298801507 0.2264402210712433 7
1653298807799 0.22926107048988342 8
1653298807814 0.22926107048988342 8
1653298814083 0.22027184069156647 9
1653298814097 0.22027184069156647 9
1653298821325 0.21697689592838287 10
1653298821340 0.21697689592838287 10
1653298827517 0.21648584306240082 11
1653298827533 0.21648584306240082 11
1653298834165 0.20266644656658173 12
1653298834179 0.20266644656658173 12
1653298841125 0.21256600320339203 13
1653298841141 0.21256600320339203 13
1653298848009 0.2132485955953598 14
1653298848024 0.2132485955953598 14
1653298855414 0.19439205527305603 15
1653298855429 0.19439205527305603 15
1653298862433 0.1967819482088089 16
1653298862448 0.1967819482088089 16
1653298868495 0.19427381455898285 17
1653298868509 0.19427381455898285 17
1653298874841 0.18658755719661713 18
1653298874855 0.18658755719661713 18
1653298881020 0.19313740730285645 19
1653298881034 0.19313740730285645 19
