1653298755304 0.2252299040555954 0
1653298755320 0.2252299040555954 0
1653298762037 0.20253774523735046 1
1653298762052 0.20253774523735046 1
1653298768053 0.14247138798236847 2
1653298768068 0.14247138798236847 2
1653298774201 0.12165672332048416 3
1653298774217 0.12165672332048416 3
1653298780939 0.10899075865745544 4
1653298780953 0.10899075865745544 4
1653298787671 0.09676729142665863 5
1653298787685 0.09676729142665863 5
1653298794826 0.0938243716955185 6
1653298794841 0.0938243716955185 6
1653298801493 0.07913254201412201 7
1653298801507 0.07913254201412201 7
1653298807799 0.09059542417526245 8
1653298807814 0.09059542417526245 8
1653298814083 0.08171319961547852 9
1653298814097 0.08171319961547852 9
1653298821325 0.08456701040267944 10
1653298821340 0.08456701040267944 10
1653298827517 0.06768571585416794 11
1653298827533 0.06768571585416794 11
1653298834165 0.07187368720769882 12
1653298834179 0.07187368720769882 12
1653298841125 0.07362993061542511 13
1653298841141 0.07362993061542511 13
1653298848009 0.07246708869934082 14
1653298848024 0.07246708869934082 14
1653298855414 0.0663505345582962 15
1653298855429 0.0663505345582962 15
1653298862433 0.056056614965200424 16
1653298862448 0.056056614965200424 16
1653298868495 0.06749087572097778 17
1653298868509 0.06749087572097778 17
1653298874841 0.05004211515188217 18
1653298874855 0.05004211515188217 18
1653298881020 0.06258990615606308 19
1653298881034 0.06258990615606308 19
