1653298755304 0.8820600509643555 0
1653298755320 0.8820600509643555 0
1653298762037 0.8175752758979797 1
1653298762052 0.8175752758979797 1
1653298768053 0.7565811276435852 2
1653298768068 0.7565811276435852 2
1653298774201 0.6991783380508423 3
1653298774217 0.6991783380508423 3
1653298780939 0.6705260276794434 4
1653298780953 0.6705260276794434 4
1653298787671 0.6350971460342407 5
1653298787685 0.6350971460342407 5
1653298794826 0.5942218899726868 6
1653298794841 0.5942218899726868 6
1653298801493 0.5808705687522888 7
1653298801507 0.5808705687522888 7
1653298807799 0.5852363705635071 8
1653298807814 0.5852363705635071 8
1653298814083 0.5572417974472046 9
1653298814097 0.5572417974472046 9
1653298821325 0.5586085319519043 10
1653298821340 0.5586085319519043 10
1653298827517 0.5386189222335815 11
1653298827533 0.5386189222335815 11
1653298834165 0.5346629619598389 12
1653298834179 0.5346629619598389 12
1653298841125 0.551272451877594 13
1653298841141 0.551272451877594 13
1653298848009 0.5209296345710754 14
1653298848024 0.5209296345710754 14
1653298855414 0.5011870861053467 15
1653298855429 0.5011870861053467 15
1653298862433 0.49580347537994385 16
1653298862448 0.49580347537994385 16
1653298868495 0.472433477640152 17
1653298868509 0.472433477640152 17
1653298874841 0.49128758907318115 18
1653298874855 0.49128758907318115 18
1653298881020 0.4736730456352234 19
1653298881034 0.4736730456352234 19
