1653298755304 0.06952755153179169 0
1653298755320 0.06952755153179169 0
1653298762037 0.06952152401208878 1
1653298762052 0.06952152401208878 1
1653298768053 0.04038866236805916 2
1653298768068 0.04038866236805916 2
1653298774201 0.037684116512537 3
1653298774217 0.037684116512537 3
1653298780939 0.03573817014694214 4
1653298780953 0.03573817014694214 4
1653298787671 0.0260580163449049 5
1653298787685 0.0260580163449049 5
1653298794826 0.029999742284417152 6
1653298794841 0.029999742284417152 6
1653298801493 0.029896017163991928 7
1653298801507 0.029896017163991928 7
1653298807799 0.025097250938415527 8
1653298807814 0.025097250938415527 8
1653298814083 0.024679014459252357 9
1653298814097 0.024679014459252357 9
1653298821325 0.02626916952431202 10
1653298821340 0.02626916952431202 10
1653298827517 0.02635248750448227 11
1653298827533 0.02635248750448227 11
1653298834165 0.01715175062417984 12
1653298834179 0.01715175062417984 12
1653298841125 0.026507887989282608 13
1653298841141 0.026507887989282608 13
1653298848009 0.021549401804804802 14
1653298848024 0.021549401804804802 14
1653298855414 0.023297986015677452 15
1653298855429 0.023297986015677452 15
1653298862433 0.020302539691329002 16
1653298862448 0.020302539691329002 16
1653298868495 0.02384256012737751 17
1653298868509 0.02384256012737751 17
1653298874841 0.019221751019358635 18
1653298874855 0.019221751019358635 18
1653298881020 0.01975279487669468 19
1653298881034 0.01975279487669468 19
