1653298755304 0.4795648157596588 0
1653298755320 0.4795648157596588 0
1653298762037 0.4101085364818573 1
1653298762052 0.4101085364818573 1
1653298768053 0.31995058059692383 2
1653298768068 0.31995058059692383 2
1653298774201 0.28961482644081116 3
1653298774217 0.28961482644081116 3
1653298780939 0.2780816853046417 4
1653298780953 0.2780816853046417 4
1653298787671 0.24682866036891937 5
1653298787685 0.24682866036891937 5
1653298794826 0.23916682600975037 6
1653298794841 0.23916682600975037 6
1653298801493 0.23927243053913116 7
1653298801507 0.23927243053913116 7
1653298807799 0.23782312870025635 8
1653298807814 0.23782312870025635 8
1653298814083 0.23244628310203552 9
1653298814097 0.23244628310203552 9
1653298821325 0.21311010420322418 10
1653298821340 0.21311010420322418 10
1653298827517 0.24894411861896515 11
1653298827533 0.24894411861896515 11
1653298834165 0.19546186923980713 12
1653298834179 0.19546186923980713 12
1653298841125 0.21615222096443176 13
1653298841141 0.21615222096443176 13
1653298848009 0.2462957799434662 14
1653298848024 0.2462957799434662 14
1653298855414 0.18628227710723877 15
1653298855429 0.18628227710723877 15
1653298862433 0.2213636040687561 16
1653298862448 0.2213636040687561 16
1653298868495 0.2070339024066925 17
1653298868509 0.2070339024066925 17
1653298874841 0.19339770078659058 18
1653298874855 0.19339770078659058 18
1653298881020 0.21585850417613983 19
1653298881034 0.21585850417613983 19
