1653297664266 0.6406355500221252 0
1653297664283 0.6406355500221252 0
1653297670840 0.6296476721763611 1
1653297670856 0.6296476721763611 1
1653297677633 0.6244592666625977 2
1653297677649 0.6244592666625977 2
1653297685074 0.6083059906959534 3
1653297685089 0.6083059906959534 3
1653297691844 0.5712431073188782 4
1653297691860 0.5712431073188782 4
1653297699318 0.5458122491836548 5
1653297699334 0.5458122491836548 5
1653297705632 0.5125820636749268 6
1653297705647 0.5125820636749268 6
1653297712120 0.5103089809417725 7
1653297712135 0.5103089809417725 7
1653297718638 0.49560800194740295 8
1653297718654 0.49560800194740295 8
1653297725378 0.48633646965026855 9
1653297725393 0.48633646965026855 9
1653297732976 0.4931133985519409 10
1653297732994 0.4931133985519409 10
1653297739370 0.48521876335144043 11
1653297739386 0.48521876335144043 11
1653297746774 0.47755223512649536 12
1653297746790 0.47755223512649536 12
1653297753073 0.47113677859306335 13
1653297753089 0.47113677859306335 13
1653297759641 0.47892603278160095 14
1653297759656 0.47892603278160095 14
1653297767329 0.4643348753452301 15
1653297767345 0.4643348753452301 15
1653297773683 0.44218164682388306 16
1653297773699 0.44218164682388306 16
1653297780117 0.47574102878570557 17
1653297780133 0.47574102878570557 17
1653297787466 0.45071160793304443 18
1653297787483 0.45071160793304443 18
1653297794795 0.45342665910720825 19
1653297794810 0.45342665910720825 19
