1653297664266 0.5240950584411621 0
1653297664283 0.5240950584411621 0
1653297670840 0.550952672958374 1
1653297670856 0.550952672958374 1
1653297677633 0.5993666052818298 2
1653297677649 0.5993666052818298 2
1653297685074 0.6589978933334351 3
1653297685089 0.6589978933334351 3
1653297691844 0.7106328010559082 4
1653297691860 0.7106328010559082 4
1653297699318 0.7444546818733215 5
1653297699334 0.7444546818733215 5
1653297705632 0.785464346408844 6
1653297705647 0.785464346408844 6
1653297712120 0.7760227918624878 7
1653297712135 0.7760227918624878 7
1653297718638 0.7936457395553589 8
1653297718654 0.7936457395553589 8
1653297725378 0.7997080087661743 9
1653297725393 0.7997080087661743 9
1653297732976 0.7824349999427795 10
1653297732994 0.7824349999427795 10
1653297739370 0.7986785769462585 11
1653297739386 0.7986785769462585 11
1653297746774 0.8097514510154724 12
1653297746790 0.8097514510154724 12
1653297753073 0.8083200454711914 13
1653297753089 0.8083200454711914 13
1653297759641 0.8073108792304993 14
1653297759656 0.8073108792304993 14
1653297767329 0.813318133354187 15
1653297767345 0.813318133354187 15
1653297773683 0.8328489661216736 16
1653297773699 0.8328489661216736 16
1653297780117 0.8094273805618286 17
1653297780133 0.8094273805618286 17
1653297787466 0.827248752117157 18
1653297787483 0.827248752117157 18
1653297794795 0.8300665616989136 19
1653297794810 0.8300665616989136 19
