1653297664266 0.3388742208480835 0
1653297664283 0.3388742208480835 0
1653297670840 0.3279513418674469 1
1653297670856 0.3279513418674469 1
1653297677633 0.3293507397174835 2
1653297677649 0.3293507397174835 2
1653297685074 0.31814393401145935 3
1653297685089 0.31814393401145935 3
1653297691844 0.3092087507247925 4
1653297691860 0.3092087507247925 4
1653297699318 0.2912733852863312 5
1653297699334 0.2912733852863312 5
1653297705632 0.27134940028190613 6
1653297705647 0.27134940028190613 6
1653297712120 0.2649690806865692 7
1653297712135 0.2649690806865692 7
1653297718638 0.2595917880535126 8
1653297718654 0.2595917880535126 8
1653297725378 0.24886584281921387 9
1653297725393 0.24886584281921387 9
1653297732976 0.24964310228824615 10
1653297732994 0.24964310228824615 10
1653297739370 0.21478180587291718 11
1653297739386 0.21478180587291718 11
1653297746774 0.23608185350894928 12
1653297746790 0.23608185350894928 12
1653297753073 0.19878192245960236 13
1653297753089 0.19878192245960236 13
1653297759641 0.21726730465888977 14
1653297759656 0.21726730465888977 14
1653297767329 0.2159019410610199 15
1653297767345 0.2159019410610199 15
1653297773683 0.18396921455860138 16
1653297773699 0.18396921455860138 16
1653297780117 0.18593154847621918 17
1653297780133 0.18593154847621918 17
1653297787466 0.17846956849098206 18
1653297787483 0.17846956849098206 18
1653297794795 0.17253975570201874 19
1653297794810 0.17253975570201874 19
