1653297664266 1.1843063831329346 0
1653297664283 1.1843063831329346 0
1653297670840 1.1071091890335083 1
1653297670856 1.1071091890335083 1
1653297677633 1.1163923740386963 2
1653297677649 1.1163923740386963 2
1653297685074 1.1221061944961548 3
1653297685089 1.1221061944961548 3
1653297691844 1.1968512535095215 4
1653297691860 1.1968512535095215 4
1653297699318 1.1715534925460815 5
1653297699334 1.1715534925460815 5
1653297705632 1.1227282285690308 6
1653297705647 1.1227282285690308 6
1653297712120 1.0098693370819092 7
1653297712135 1.0098693370819092 7
1653297718638 1.0362427234649658 8
1653297718654 1.0362427234649658 8
1653297725378 0.972490131855011 9
1653297725393 0.972490131855011 9
1653297732976 0.9699649214744568 10
1653297732994 0.9699649214744568 10
1653297739370 0.6136274337768555 11
1653297739386 0.6136274337768555 11
1653297746774 0.8991555571556091 12
1653297746790 0.8991555571556091 12
1653297753073 0.5395057797431946 13
1653297753089 0.5395057797431946 13
1653297759641 0.7037127614021301 14
1653297759656 0.7037127614021301 14
1653297767329 0.7300873398780823 15
1653297767345 0.7300873398780823 15
1653297773683 0.5049214959144592 16
1653297773699 0.5049214959144592 16
1653297780117 0.4348941147327423 17
1653297780133 0.4348941147327423 17
1653297787466 0.40248775482177734 18
1653297787483 0.40248775482177734 18
1653297794795 0.3839379847049713 19
1653297794810 0.3839379847049713 19
