1653297664266 0.09845659881830215 0
1653297664283 0.09845659881830215 0
1653297670840 0.09727374464273453 1
1653297670856 0.09727374464273453 1
1653297677633 0.09827148169279099 2
1653297677649 0.09827148169279099 2
1653297685074 0.09243980050086975 3
1653297685089 0.09243980050086975 3
1653297691844 0.08486304432153702 4
1653297691860 0.08486304432153702 4
1653297699318 0.07640935480594635 5
1653297699334 0.07640935480594635 5
1653297705632 0.05775061249732971 6
1653297705647 0.05775061249732971 6
1653297712120 0.058647722005844116 7
1653297712135 0.058647722005844116 7
1653297718638 0.05512652173638344 8
1653297718654 0.05512652173638344 8
1653297725378 0.050980664789676666 9
1653297725393 0.050980664789676666 9
1653297732976 0.05551321804523468 10
1653297732994 0.05551321804523468 10
1653297739370 0.049853768199682236 11
1653297739386 0.049853768199682236 11
1653297746774 0.044796209782361984 12
1653297746790 0.044796209782361984 12
1653297753073 0.050495851784944534 13
1653297753089 0.050495851784944534 13
1653297759641 0.04758959636092186 14
1653297759656 0.04758959636092186 14
1653297767329 0.04490269720554352 15
1653297767345 0.04490269720554352 15
1653297773683 0.042140647768974304 16
1653297773699 0.042140647768974304 16
1653297780117 0.04705517739057541 17
1653297780133 0.04705517739057541 17
1653297787466 0.040064673870801926 18
1653297787483 0.040064673870801926 18
1653297794795 0.04327496141195297 19
1653297794810 0.04327496141195297 19
