1653297664266 0.669562578201294 0
1653297664283 0.669562578201294 0
1653297670840 0.6698259711265564 1
1653297670856 0.6698259711265564 1
1653297677633 0.6462584137916565 2
1653297677649 0.6462584137916565 2
1653297685074 0.6048588156700134 3
1653297685089 0.6048588156700134 3
1653297691844 0.5417993664741516 4
1653297691860 0.5417993664741516 4
1653297699318 0.4773373305797577 5
1653297699334 0.4773373305797577 5
1653297705632 0.4378662705421448 6
1653297705647 0.4378662705421448 6
1653297712120 0.46527165174484253 7
1653297712135 0.46527165174484253 7
1653297718638 0.43532100319862366 8
1653297718654 0.43532100319862366 8
1653297725378 0.4306546449661255 9
1653297725393 0.4306546449661255 9
1653297732976 0.42762547731399536 10
1653297732994 0.42762547731399536 10
1653297739370 0.42449313402175903 11
1653297739386 0.42449313402175903 11
1653297746774 0.4299803078174591 12
1653297746790 0.4299803078174591 12
1653297753073 0.40219664573669434 13
1653297753089 0.40219664573669434 13
1653297759641 0.42195937037467957 14
1653297759656 0.42195937037467957 14
1653297767329 0.4120100736618042 15
1653297767345 0.4120100736618042 15
1653297773683 0.38808852434158325 16
1653297773699 0.38808852434158325 16
1653297780117 0.41828322410583496 17
1653297780133 0.41828322410583496 17
1653297787466 0.4085965156555176 18
1653297787483 0.4085965156555176 18
1653297794795 0.38258638978004456 19
1653297794810 0.38258638978004456 19
