1653297664266 0.028149956837296486 0
1653297664283 0.028149956837296486 0
1653297670840 0.02923888899385929 1
1653297670856 0.02923888899385929 1
1653297677633 0.027453826740384102 2
1653297677649 0.027453826740384102 2
1653297685074 0.02808823250234127 3
1653297685089 0.02808823250234127 3
1653297691844 0.02776792272925377 4
1653297691860 0.02776792272925377 4
1653297699318 0.025611484423279762 5
1653297699334 0.025611484423279762 5
1653297705632 0.02384682185947895 6
1653297705647 0.02384682185947895 6
1653297712120 0.025250252336263657 7
1653297712135 0.025250252336263657 7
1653297718638 0.021985189989209175 8
1653297718654 0.021985189989209175 8
1653297725378 0.02017960138618946 9
1653297725393 0.02017960138618946 9
1653297732976 0.019406575709581375 10
1653297732994 0.019406575709581375 10
1653297739370 0.02029210329055786 11
1653297739386 0.02029210329055786 11
1653297746774 0.011256232857704163 12
1653297746790 0.011256232857704163 12
1653297753073 0.019939156249165535 13
1653297753089 0.019939156249165535 13
1653297759641 0.014568605460226536 14
1653297759656 0.014568605460226536 14
1653297767329 0.012761053629219532 15
1653297767345 0.012761053629219532 15
1653297773683 0.012351389043033123 16
1653297773699 0.012351389043033123 16
1653297780117 0.016191067174077034 17
1653297780133 0.016191067174077034 17
1653297787466 0.012749153189361095 18
1653297787483 0.012749153189361095 18
1653297794795 0.011427643708884716 19
1653297794810 0.011427643708884716 19
