1653297664266 0.24857772886753082 0
1653297664283 0.24857772886753082 0
1653297670840 0.23523668944835663 1
1653297670856 0.23523668944835663 1
1653297677633 0.25703391432762146 2
1653297677649 0.25703391432762146 2
1653297685074 0.23883061110973358 3
1653297685089 0.23883061110973358 3
1653297691844 0.22677288949489594 4
1653297691860 0.22677288949489594 4
1653297699318 0.21563321352005005 5
1653297699334 0.21563321352005005 5
1653297705632 0.20438042283058167 6
1653297705647 0.20438042283058167 6
1653297712120 0.20603753626346588 7
1653297712135 0.20603753626346588 7
1653297718638 0.20138061046600342 8
1653297718654 0.20138061046600342 8
1653297725378 0.19221732020378113 9
1653297725393 0.19221732020378113 9
1653297732976 0.19175153970718384 10
1653297732994 0.19175153970718384 10
1653297739370 0.19675695896148682 11
1653297739386 0.19675695896148682 11
1653297746774 0.1857215315103531 12
1653297746790 0.1857215315103531 12
1653297753073 0.17235121130943298 13
1653297753089 0.17235121130943298 13
1653297759641 0.1809435784816742 14
1653297759656 0.1809435784816742 14
1653297767329 0.1804579347372055 15
1653297767345 0.1804579347372055 15
1653297773683 0.15650996565818787 16
1653297773699 0.15650996565818787 16
1653297780117 0.15319004654884338 17
1653297780133 0.15319004654884338 17
1653297787466 0.16184210777282715 18
1653297787483 0.16184210777282715 18
1653297794795 0.15450263023376465 19
1653297794810 0.15450263023376465 19
