1653301898782 0.502106785774231 0
1653301898799 0.502106785774231 0
1653301905804 0.5577660799026489 1
1653301905820 0.5577660799026489 1
1653301912820 0.5986449718475342 2
1653301912835 0.5986449718475342 2
1653301919738 0.6691800355911255 3
1653301919754 0.6691800355911255 3
1653301925882 0.7136341333389282 4
1653301925897 0.7136341333389282 4
1653301932917 0.7442823052406311 5
1653301932935 0.7442823052406311 5
1653301939251 0.7643967866897583 6
1653301939266 0.7643967866897583 6
1653301945564 0.7908795475959778 7
1653301945579 0.7908795475959778 7
1653301952577 0.7915449738502502 8
1653301952594 0.7915449738502502 8
1653301958718 0.7953991293907166 9
1653301958733 0.7953991293907166 9
1653301965773 0.7967913746833801 10
1653301965788 0.7967913746833801 10
1653301972646 0.8195921182632446 11
1653301972662 0.8195921182632446 11
1653301980425 0.7944342494010925 12
1653301980442 0.7944342494010925 12
1653301987527 0.8212131261825562 13
1653301987543 0.8212131261825562 13
1653301994451 0.8109740018844604 14
1653301994467 0.8109740018844604 14
1653302000831 0.8293871283531189 15
1653302000846 0.8293871283531189 15
1653302006759 0.8100411891937256 16
1653302006774 0.8100411891937256 16
1653302013047 0.8252682685852051 17
1653302013063 0.8252682685852051 17
1653302019400 0.838172435760498 18
1653302019415 0.838172435760498 18
1653302026497 0.8276331424713135 19
1653302026513 0.8276331424713135 19
