1653301898782 0.6434921026229858 0
1653301898799 0.6434921026229858 0
1653301905804 0.6289942860603333 1
1653301905820 0.6289942860603333 1
1653301912820 0.6271032094955444 2
1653301912835 0.6271032094955444 2
1653301919738 0.6023107767105103 3
1653301919754 0.6023107767105103 3
1653301925882 0.5700958967208862 4
1653301925897 0.5700958967208862 4
1653301932917 0.548697292804718 5
1653301932935 0.548697292804718 5
1653301939251 0.5222998261451721 6
1653301939266 0.5222998261451721 6
1653301945564 0.4996788501739502 7
1653301945579 0.4996788501739502 7
1653301952577 0.5030325055122375 8
1653301952594 0.5030325055122375 8
1653301958718 0.49723735451698303 9
1653301958733 0.49723735451698303 9
1653301965773 0.49117133021354675 10
1653301965788 0.49117133021354675 10
1653301972646 0.4646194577217102 11
1653301972662 0.4646194577217102 11
1653301980425 0.4901813268661499 12
1653301980442 0.4901813268661499 12
1653301987527 0.46313202381134033 13
1653301987543 0.46313202381134033 13
1653301994451 0.47423574328422546 14
1653301994467 0.47423574328422546 14
1653302000831 0.45329171419143677 15
1653302000846 0.45329171419143677 15
1653302006759 0.4722650647163391 16
1653302006774 0.4722650647163391 16
1653302013047 0.45785126090049744 17
1653302013063 0.45785126090049744 17
1653302019400 0.4345549941062927 18
1653302019415 0.4345549941062927 18
1653302026497 0.454276442527771 19
1653302026513 0.454276442527771 19
