1653301898782 0.3783169984817505 0
1653301898799 0.3783169984817505 0
1653301905804 0.3455427289009094 1
1653301905820 0.3455427289009094 1
1653301912820 0.2976173162460327 2
1653301912835 0.2976173162460327 2
1653301919738 0.25772157311439514 3
1653301919754 0.25772157311439514 3
1653301925882 0.22886115312576294 4
1653301925897 0.22886115312576294 4
1653301932917 0.21207019686698914 5
1653301932935 0.21207019686698914 5
1653301939251 0.19642983376979828 6
1653301939266 0.19642983376979828 6
1653301945564 0.18428035080432892 7
1653301945579 0.18428035080432892 7
1653301952577 0.18036504089832306 8
1653301952594 0.18036504089832306 8
1653301958718 0.18091310560703278 9
1653301958733 0.18091310560703278 9
1653301965773 0.17491397261619568 10
1653301965788 0.17491397261619568 10
1653301972646 0.16208788752555847 11
1653301972662 0.16208788752555847 11
1653301980425 0.1719113290309906 12
1653301980442 0.1719113290309906 12
1653301987527 0.15755821764469147 13
1653301987543 0.15755821764469147 13
1653301994451 0.16588138043880463 14
1653301994467 0.16588138043880463 14
1653302000831 0.15386326611042023 15
1653302000846 0.15386326611042023 15
1653302006759 0.16425590217113495 16
1653302006774 0.16425590217113495 16
1653302013047 0.15326827764511108 17
1653302013063 0.15326827764511108 17
1653302019400 0.1437332034111023 18
1653302019415 0.1437332034111023 18
1653302026497 0.14781077206134796 19
1653302026513 0.14781077206134796 19
