1653301898782 0.21850737929344177 0
1653301898799 0.21850737929344177 0
1653301905804 0.21538861095905304 1
1653301905820 0.21538861095905304 1
1653301912820 0.14761291444301605 2
1653301912835 0.14761291444301605 2
1653301919738 0.11722587794065475 3
1653301919754 0.11722587794065475 3
1653301925882 0.09985522925853729 4
1653301925897 0.09985522925853729 4
1653301932917 0.08209323137998581 5
1653301932935 0.08209323137998581 5
1653301939251 0.06737356632947922 6
1653301939266 0.06737356632947922 6
1653301945564 0.054142069071531296 7
1653301945579 0.054142069071531296 7
1653301952577 0.05730857327580452 8
1653301952594 0.05730857327580452 8
1653301958718 0.05873063579201698 9
1653301958733 0.05873063579201698 9
1653301965773 0.04863285645842552 10
1653301965788 0.04863285645842552 10
1653301972646 0.05016959831118584 11
1653301972662 0.05016959831118584 11
1653301980425 0.050909530371427536 12
1653301980442 0.050909530371427536 12
1653301987527 0.04447618126869202 13
1653301987543 0.04447618126869202 13
1653301994451 0.0497235506772995 14
1653301994467 0.0497235506772995 14
1653302000831 0.04343773424625397 15
1653302000846 0.04343773424625397 15
1653302006759 0.04992623254656792 16
1653302006774 0.04992623254656792 16
1653302013047 0.04214886575937271 17
1653302013063 0.04214886575937271 17
1653302019400 0.03858620300889015 18
1653302019415 0.03858620300889015 18
1653302026497 0.03895297646522522 19
1653302026513 0.03895297646522522 19
