1653301898782 0.8766267895698547 0
1653301898799 0.8766267895698547 0
1653301905804 0.8157597184181213 1
1653301905820 0.8157597184181213 1
1653301912820 0.7316312789916992 2
1653301912835 0.7316312789916992 2
1653301919738 0.6397823691368103 3
1653301919754 0.6397823691368103 3
1653301925882 0.5597073435783386 4
1653301925897 0.5597073435783386 4
1653301932917 0.49867427349090576 5
1653301932935 0.49867427349090576 5
1653301939251 0.47396355867385864 6
1653301939266 0.47396355867385864 6
1653301945564 0.4622810482978821 7
1653301945579 0.4622810482978821 7
1653301952577 0.4305706322193146 8
1653301952594 0.4305706322193146 8
1653301958718 0.4535723924636841 9
1653301958733 0.4535723924636841 9
1653301965773 0.44021713733673096 10
1653301965788 0.44021713733673096 10
1653301972646 0.3847406506538391 11
1653301972662 0.3847406506538391 11
1653301980425 0.4370240271091461 12
1653301980442 0.4370240271091461 12
1653301987527 0.408142626285553 13
1653301987543 0.408142626285553 13
1653301994451 0.41751614212989807 14
1653301994467 0.41751614212989807 14
1653302000831 0.38296791911125183 15
1653302000846 0.38296791911125183 15
1653302006759 0.4176888167858124 16
1653302006774 0.4176888167858124 16
1653302013047 0.40451058745384216 17
1653302013063 0.40451058745384216 17
1653302019400 0.36285096406936646 18
1653302019415 0.36285096406936646 18
1653302026497 0.38412797451019287 19
1653302026513 0.38412797451019287 19
