1653301898782 0.07929673045873642 0
1653301898799 0.07929673045873642 0
1653301905804 0.06001044437289238 1
1653301905820 0.06001044437289238 1
1653301912820 0.04904235899448395 2
1653301912835 0.04904235899448395 2
1653301919738 0.03352081775665283 3
1653301919754 0.03352081775665283 3
1653301925882 0.032436735928058624 4
1653301925897 0.032436735928058624 4
1653301932917 0.035125210881233215 5
1653301932935 0.035125210881233215 5
1653301939251 0.027054868638515472 6
1653301939266 0.027054868638515472 6
1653301945564 0.02144153043627739 7
1653301945579 0.02144153043627739 7
1653301952577 0.026638003066182137 8
1653301952594 0.026638003066182137 8
1653301958718 0.020886989310383797 9
1653301958733 0.020886989310383797 9
1653301965773 0.020604247227311134 10
1653301965788 0.020604247227311134 10
1653301972646 0.01820860616862774 11
1653301972662 0.01820860616862774 11
1653301980425 0.023412855342030525 12
1653301980442 0.023412855342030525 12
1653301987527 0.012514481320977211 13
1653301987543 0.012514481320977211 13
1653301994451 0.01619121991097927 14
1653301994467 0.01619121991097927 14
1653302000831 0.016731247305870056 15
1653302000846 0.016731247305870056 15
1653302006759 0.010917146690189838 16
1653302006774 0.010917146690189838 16
1653302013047 0.012661122716963291 17
1653302013063 0.012661122716963291 17
1653302019400 0.013364548794925213 18
1653302019415 0.013364548794925213 18
1653302026497 0.013279533013701439 19
1653302026513 0.013279533013701439 19
