1653301898782 0.4876711070537567 0
1653301898799 0.4876711070537567 0
1653301905804 0.41277647018432617 1
1653301905820 0.41277647018432617 1
1653301912820 0.3436955511569977 2
1653301912835 0.3436955511569977 2
1653301919738 0.28903499245643616 3
1653301919754 0.28903499245643616 3
1653301925882 0.24709273874759674 4
1653301925897 0.24709273874759674 4
1653301932917 0.23836830258369446 5
1653301932935 0.23836830258369446 5
1653301939251 0.2232288122177124 6
1653301939266 0.2232288122177124 6
1653301945564 0.20879806578159332 7
1653301945579 0.20879806578159332 7
1653301952577 0.1999698132276535 8
1653301952594 0.1999698132276535 8
1653301958718 0.19559001922607422 9
1653301958733 0.19559001922607422 9
1653301965773 0.19212111830711365 10
1653301965788 0.19212111830711365 10
1653301972646 0.18396909534931183 11
1653301972662 0.18396909534931183 11
1653301980425 0.17472773790359497 12
1653301980442 0.17472773790359497 12
1653301987527 0.1623418778181076 13
1653301987543 0.1623418778181076 13
1653301994451 0.17813235521316528 14
1653301994467 0.17813235521316528 14
1653302000831 0.16268397867679596 15
1653302000846 0.16268397867679596 15
1653302006759 0.1779242753982544 16
1653302006774 0.1779242753982544 16
1653302013047 0.1501787304878235 17
1653302013063 0.1501787304878235 17
1653302019400 0.14851070940494537 18
1653302019415 0.14851070940494537 18
1653302026497 0.14337323606014252 19
1653302026513 0.14337323606014252 19
