1653307341304 0.5048653483390808 0
1653307341321 0.5048653483390808 0
1653307352012 0.5177833437919617 1
1653307352028 0.5177833437919617 1
1653307362391 0.5122338533401489 2
1653307362407 0.5122338533401489 2
1653307371199 0.5114280581474304 3
1653307371215 0.5114280581474304 3
1653307380397 0.5600024461746216 4
1653307380414 0.5600024461746216 4
1653307389630 0.5607063174247742 5
1653307389648 0.5607063174247742 5
1653307398685 0.5868657231330872 6
1653307398704 0.5868657231330872 6
1653307407471 0.6170870661735535 7
1653307407488 0.6170870661735535 7
1653307415665 0.6274148225784302 8
1653307415681 0.6274148225784302 8
1653307426281 0.6405079364776611 9
1653307426299 0.6405079364776611 9
1653307435174 0.6731345057487488 10
1653307435192 0.6731345057487488 10
1653307444865 0.6729668974876404 11
1653307444883 0.6729668974876404 11
1653307454683 0.7106073498725891 12
1653307454700 0.7106073498725891 12
1653307465027 0.7071114182472229 13
1653307465044 0.7071114182472229 13
1653307473118 0.7074482440948486 14
1653307473134 0.7074482440948486 14
1653307481192 0.7161752581596375 15
1653307481208 0.7161752581596375 15
1653307490000 0.7476868629455566 16
1653307490017 0.7476868629455566 16
1653307498888 0.7452378273010254 17
1653307498906 0.7452378273010254 17
1653307510321 0.7725306153297424 18
1653307510339 0.7725306153297424 18
1653307519863 0.7735787630081177 19
1653307519880 0.7735787630081177 19
