1653307341304 0.6686877012252808 0
1653307341321 0.6686877012252808 0
1653307352012 0.6470060348510742 1
1653307352028 0.6470060348510742 1
1653307362391 0.6402467489242554 2
1653307362407 0.6402467489242554 2
1653307371199 0.637859046459198 3
1653307371215 0.637859046459198 3
1653307380397 0.6319111585617065 4
1653307380414 0.6319111585617065 4
1653307389630 0.6270153522491455 5
1653307389648 0.6270153522491455 5
1653307398685 0.6237828731536865 6
1653307398704 0.6237828731536865 6
1653307407471 0.6188036203384399 7
1653307407488 0.6188036203384399 7
1653307415665 0.6130078434944153 8
1653307415681 0.6130078434944153 8
1653307426281 0.607759416103363 9
1653307426299 0.607759416103363 9
1653307435174 0.5896681547164917 10
1653307435192 0.5896681547164917 10
1653307444865 0.5916274785995483 11
1653307444883 0.5916274785995483 11
1653307454683 0.5666766166687012 12
1653307454700 0.5666766166687012 12
1653307465027 0.5788221955299377 13
1653307465044 0.5788221955299377 13
1653307473118 0.5714802145957947 14
1653307473134 0.5714802145957947 14
1653307481192 0.5584729909896851 15
1653307481208 0.5584729909896851 15
1653307490000 0.5443581938743591 16
1653307490017 0.5443581938743591 16
1653307498888 0.5402392148971558 17
1653307498906 0.5402392148971558 17
1653307510321 0.5177215933799744 18
1653307510339 0.5177215933799744 18
1653307519863 0.5217251777648926 19
1653307519880 0.5217251777648926 19
