1653307341304 0.3855683505535126 0
1653307341321 0.3855683505535126 0
1653307352012 0.26657170057296753 1
1653307352028 0.26657170057296753 1
1653307362391 0.2554979920387268 2
1653307362407 0.2554979920387268 2
1653307371199 0.2493615746498108 3
1653307371215 0.2493615746498108 3
1653307380397 0.25071054697036743 4
1653307380414 0.25071054697036743 4
1653307389630 0.24673977494239807 5
1653307389648 0.24673977494239807 5
1653307398685 0.24390581250190735 6
1653307398704 0.24390581250190735 6
1653307407471 0.23514269292354584 7
1653307407488 0.23514269292354584 7
1653307415665 0.23299817740917206 8
1653307415681 0.23299817740917206 8
1653307426281 0.22822092473506927 9
1653307426299 0.22822092473506927 9
1653307435174 0.22171059250831604 10
1653307435192 0.22171059250831604 10
1653307444865 0.21550269424915314 11
1653307444883 0.21550269424915314 11
1653307454683 0.20577454566955566 12
1653307454700 0.20577454566955566 12
1653307465027 0.21560345590114594 13
1653307465044 0.21560345590114594 13
1653307473118 0.2090061604976654 14
1653307473134 0.2090061604976654 14
1653307481192 0.20124630630016327 15
1653307481208 0.20124630630016327 15
1653307490000 0.19770359992980957 16
1653307490017 0.19770359992980957 16
1653307498888 0.18693913519382477 17
1653307498906 0.18693913519382477 17
1653307510321 0.18272151052951813 18
1653307510339 0.18272151052951813 18
1653307519863 0.1788562834262848 19
1653307519880 0.1788562834262848 19
