1653307341304 0.13697299361228943 0
1653307341321 0.13697299361228943 0
1653307352012 0.10862093418836594 1
1653307352028 0.10862093418836594 1
1653307362391 0.10471200942993164 2
1653307362407 0.10471200942993164 2
1653307371199 0.09382414072751999 3
1653307371215 0.09382414072751999 3
1653307380397 0.10207483917474747 4
1653307380414 0.10207483917474747 4
1653307389630 0.09455178678035736 5
1653307389648 0.09455178678035736 5
1653307398685 0.08765722066164017 6
1653307398704 0.08765722066164017 6
1653307407471 0.09300524741411209 7
1653307407488 0.09300524741411209 7
1653307415665 0.09173281490802765 8
1653307415681 0.09173281490802765 8
1653307426281 0.08090835809707642 9
1653307426299 0.08090835809707642 9
1653307435174 0.07943857461214066 10
1653307435192 0.07943857461214066 10
1653307444865 0.07300179451704025 11
1653307444883 0.07300179451704025 11
1653307454683 0.060088373720645905 12
1653307454700 0.060088373720645905 12
1653307465027 0.07857893407344818 13
1653307465044 0.07857893407344818 13
1653307473118 0.05842903256416321 14
1653307473134 0.05842903256416321 14
1653307481192 0.06313348561525345 15
1653307481208 0.06313348561525345 15
1653307490000 0.061077237129211426 16
1653307490017 0.061077237129211426 16
1653307498888 0.053469207137823105 17
1653307498906 0.053469207137823105 17
1653307510321 0.04865046963095665 18
1653307510339 0.04865046963095665 18
1653307519863 0.05217520147562027 19
1653307519880 0.05217520147562027 19
