1653307341304 1.4236507415771484 0
1653307341321 1.4236507415771484 0
1653307352012 0.7059187889099121 1
1653307352028 0.7059187889099121 1
1653307362391 0.6881847977638245 2
1653307362407 0.6881847977638245 2
1653307371199 0.675674557685852 3
1653307371215 0.675674557685852 3
1653307380397 0.6683036088943481 4
1653307380414 0.6683036088943481 4
1653307389630 0.6680644750595093 5
1653307389648 0.6680644750595093 5
1653307398685 0.6536069512367249 6
1653307398704 0.6536069512367249 6
1653307407471 0.6115207076072693 7
1653307407488 0.6115207076072693 7
1653307415665 0.6222838163375854 8
1653307415681 0.6222838163375854 8
1653307426281 0.6164535284042358 9
1653307426299 0.6164535284042358 9
1653307435174 0.5515360832214355 10
1653307435192 0.5515360832214355 10
1653307444865 0.5775980353355408 11
1653307444883 0.5775980353355408 11
1653307454683 0.5195397734642029 12
1653307454700 0.5195397734642029 12
1653307465027 0.5787296295166016 13
1653307465044 0.5787296295166016 13
1653307473118 0.5504672527313232 14
1653307473134 0.5504672527313232 14
1653307481192 0.5320270657539368 15
1653307481208 0.5320270657539368 15
1653307490000 0.5104381442070007 16
1653307490017 0.5104381442070007 16
1653307498888 0.5013225078582764 17
1653307498906 0.5013225078582764 17
1653307510321 0.46957075595855713 18
1653307510339 0.46957075595855713 18
1653307519863 0.4640348255634308 19
1653307519880 0.4640348255634308 19
