1653307341304 0.03765181824564934 0
1653307341321 0.03765181824564934 0
1653307352012 0.03163060173392296 1
1653307352028 0.03163060173392296 1
1653307362391 0.03102380782365799 2
1653307362407 0.03102380782365799 2
1653307371199 0.0324135385453701 3
1653307371215 0.0324135385453701 3
1653307380397 0.025501854717731476 4
1653307380414 0.025501854717731476 4
1653307389630 0.0293564535677433 5
1653307389648 0.0293564535677433 5
1653307398685 0.029042689129710197 6
1653307398704 0.029042689129710197 6
1653307407471 0.029048195108771324 7
1653307407488 0.029048195108771324 7
1653307415665 0.022845551371574402 8
1653307415681 0.022845551371574402 8
1653307426281 0.02562984637916088 9
1653307426299 0.02562984637916088 9
1653307435174 0.023871248587965965 10
1653307435192 0.023871248587965965 10
1653307444865 0.024209503084421158 11
1653307444883 0.024209503084421158 11
1653307454683 0.024581575766205788 12
1653307454700 0.024581575766205788 12
1653307465027 0.01902567781507969 13
1653307465044 0.01902567781507969 13
1653307473118 0.018928561359643936 14
1653307473134 0.018928561359643936 14
1653307481192 0.01989562250673771 15
1653307481208 0.01989562250673771 15
1653307490000 0.019072677940130234 16
1653307490017 0.019072677940130234 16
1653307498888 0.021132413297891617 17
1653307498906 0.021132413297891617 17
1653307510321 0.015241557732224464 18
1653307510339 0.015241557732224464 18
1653307519863 0.012326089665293694 19
1653307519880 0.012326089665293694 19
