1653307341304 0.2954787313938141 0
1653307341321 0.2954787313938141 0
1653307352012 0.2770213186740875 1
1653307352028 0.2770213186740875 1
1653307362391 0.24664098024368286 2
1653307362407 0.24664098024368286 2
1653307371199 0.23905375599861145 3
1653307371215 0.23905375599861145 3
1653307380397 0.25192755460739136 4
1653307380414 0.25192755460739136 4
1653307389630 0.24025072157382965 5
1653307389648 0.24025072157382965 5
1653307398685 0.2469179779291153 6
1653307398704 0.2469179779291153 6
1653307407471 0.23069734871387482 7
1653307407488 0.23069734871387482 7
1653307415665 0.22583630681037903 8
1653307415681 0.22583630681037903 8
1653307426281 0.21958257257938385 9
1653307426299 0.21958257257938385 9
1653307435174 0.24532447755336761 10
1653307435192 0.24532447755336761 10
1653307444865 0.20586910843849182 11
1653307444883 0.20586910843849182 11
1653307454683 0.22642207145690918 12
1653307454700 0.22642207145690918 12
1653307465027 0.2116425335407257 13
1653307465044 0.2116425335407257 13
1653307473118 0.22754506766796112 14
1653307473134 0.22754506766796112 14
1653307481192 0.20363910496234894 15
1653307481208 0.20363910496234894 15
1653307490000 0.21190184354782104 16
1653307490017 0.21190184354782104 16
1653307498888 0.17697589099407196 17
1653307498906 0.17697589099407196 17
1653307510321 0.20253616571426392 18
1653307510339 0.20253616571426392 18
1653307519863 0.18610328435897827 19
1653307519880 0.18610328435897827 19
