1653303278451 0.6402318477630615 0
1653303278469 0.6402318477630615 0
1653303285780 0.6294248700141907 1
1653303285798 0.6294248700141907 1
1653303292695 0.6274620890617371 2
1653303292713 0.6274620890617371 2
1653303299237 0.6290788650512695 3
1653303299254 0.6290788650512695 3
1653303306815 0.6199131608009338 4
1653303306834 0.6199131608009338 4
1653303314450 0.6090558171272278 5
1653303314469 0.6090558171272278 5
1653303320917 0.6051963567733765 6
1653303320935 0.6051963567733765 6
1653303328315 0.5906422138214111 7
1653303328333 0.5906422138214111 7
1653303334771 0.5926151275634766 8
1653303334789 0.5926151275634766 8
1653303342839 0.5831547379493713 9
1653303342858 0.5831547379493713 9
1653303349627 0.5832372307777405 10
1653303349645 0.5832372307777405 10
1653303356043 0.5830588340759277 11
1653303356061 0.5830588340759277 11
1653303363732 0.5716712474822998 12
1653303363752 0.5716712474822998 12
1653303371042 0.5611287355422974 13
1653303371060 0.5611287355422974 13
1653303377810 0.5667418241500854 14
1653303377828 0.5667418241500854 14
1653303385128 0.5676061511039734 15
1653303385147 0.5676061511039734 15
1653303391551 0.5468551516532898 16
1653303391569 0.5468551516532898 16
1653303398031 0.5501260161399841 17
1653303398048 0.5501260161399841 17
1653303404755 0.5249767303466797 18
1653303404773 0.5249767303466797 18
1653303412404 0.5356557369232178 19
1653303412423 0.5356557369232178 19
