1653303278451 0.5256955623626709 0
1653303278469 0.5256955623626709 0
1653303285780 0.5493876934051514 1
1653303285798 0.5493876934051514 1
1653303292695 0.5701049566268921 2
1653303292713 0.5701049566268921 2
1653303299237 0.5877560973167419 3
1653303299254 0.5877560973167419 3
1653303306815 0.617575466632843 4
1653303306834 0.617575466632843 4
1653303314450 0.641494870185852 5
1653303314469 0.641494870185852 5
1653303320917 0.6505277752876282 6
1653303320935 0.6505277752876282 6
1653303328315 0.6676722168922424 7
1653303328333 0.6676722168922424 7
1653303334771 0.6710144281387329 8
1653303334789 0.6710144281387329 8
1653303342839 0.693165123462677 9
1653303342858 0.693165123462677 9
1653303349627 0.6977845430374146 10
1653303349645 0.6977845430374146 10
1653303356043 0.6882580518722534 11
1653303356061 0.6882580518722534 11
1653303363732 0.709328830242157 12
1653303363752 0.709328830242157 12
1653303371042 0.725103497505188 13
1653303371060 0.725103497505188 13
1653303377810 0.7208192348480225 14
1653303377828 0.7208192348480225 14
1653303385128 0.7159374356269836 15
1653303385147 0.7159374356269836 15
1653303391551 0.7481702566146851 16
1653303391569 0.7481702566146851 16
1653303398031 0.7311248779296875 17
1653303398048 0.7311248779296875 17
1653303404755 0.7714935541152954 18
1653303404773 0.7714935541152954 18
1653303412404 0.7592853307723999 19
1653303412423 0.7592853307723999 19
