1653303278451 0.3462142050266266 0
1653303278469 0.3462142050266266 0
1653303285780 0.32764431834220886 1
1653303285798 0.32764431834220886 1
1653303292695 0.2738245725631714 2
1653303292713 0.2738245725631714 2
1653303299237 0.2414240539073944 3
1653303299254 0.2414240539073944 3
1653303306815 0.22569109499454498 4
1653303306834 0.22569109499454498 4
1653303314450 0.22017551958560944 5
1653303314469 0.22017551958560944 5
1653303320917 0.21307986974716187 6
1653303320935 0.21307986974716187 6
1653303328315 0.19921424984931946 7
1653303328333 0.19921424984931946 7
1653303334771 0.20037484169006348 8
1653303334789 0.20037484169006348 8
1653303342839 0.19861459732055664 9
1653303342858 0.19861459732055664 9
1653303349627 0.1914149522781372 10
1653303349645 0.1914149522781372 10
1653303356043 0.19432632625102997 11
1653303356061 0.19432632625102997 11
1653303363732 0.18708129227161407 12
1653303363752 0.18708129227161407 12
1653303371042 0.18330970406532288 13
1653303371060 0.18330970406532288 13
1653303377810 0.18205508589744568 14
1653303377828 0.18205508589744568 14
1653303385128 0.1859274059534073 15
1653303385147 0.1859274059534073 15
1653303391551 0.1798960268497467 16
1653303391569 0.1798960268497467 16
1653303398031 0.18000425398349762 17
1653303398048 0.18000425398349762 17
1653303404755 0.16496355831623077 18
1653303404773 0.16496355831623077 18
1653303412404 0.16873672604560852 19
1653303412423 0.16873672604560852 19
