1653303278451 0.2172400951385498 0
1653303278469 0.2172400951385498 0
1653303285780 0.2032826542854309 1
1653303285798 0.2032826542854309 1
1653303292695 0.16025087237358093 2
1653303292713 0.16025087237358093 2
1653303299237 0.11589494347572327 3
1653303299254 0.11589494347572327 3
1653303306815 0.1112368106842041 4
1653303306834 0.1112368106842041 4
1653303314450 0.10018198937177658 5
1653303314469 0.10018198937177658 5
1653303320917 0.09195180237293243 6
1653303320935 0.09195180237293243 6
1653303328315 0.0814739540219307 7
1653303328333 0.0814739540219307 7
1653303334771 0.08563170582056046 8
1653303334789 0.08563170582056046 8
1653303342839 0.08515802025794983 9
1653303342858 0.08515802025794983 9
1653303349627 0.07388517260551453 10
1653303349645 0.07388517260551453 10
1653303356043 0.08122757822275162 11
1653303356061 0.08122757822275162 11
1653303363732 0.07170244306325912 12
1653303363752 0.07170244306325912 12
1653303371042 0.06703460961580276 13
1653303371060 0.06703460961580276 13
1653303377810 0.0647592768073082 14
1653303377828 0.0647592768073082 14
1653303385128 0.07204985618591309 15
1653303385147 0.07204985618591309 15
1653303391551 0.07274625450372696 16
1653303391569 0.07274625450372696 16
1653303398031 0.06968097388744354 17
1653303398048 0.06968097388744354 17
1653303404755 0.06082703173160553 18
1653303404773 0.06082703173160553 18
1653303412404 0.0624510832130909 19
1653303412423 0.0624510832130909 19
