1653303278451 0.8768126368522644 0
1653303278469 0.8768126368522644 0
1653303285780 0.8158848881721497 1
1653303285798 0.8158848881721497 1
1653303292695 0.7651873230934143 2
1653303292713 0.7651873230934143 2
1653303299237 0.7148617506027222 3
1653303299254 0.7148617506027222 3
1653303306815 0.6534306406974792 4
1653303306834 0.6534306406974792 4
1653303314450 0.6345331072807312 5
1653303314469 0.6345331072807312 5
1653303320917 0.6021640300750732 6
1653303320935 0.6021640300750732 6
1653303328315 0.5796180367469788 7
1653303328333 0.5796180367469788 7
1653303334771 0.5840815305709839 8
1653303334789 0.5840815305709839 8
1653303342839 0.5537497997283936 9
1653303342858 0.5537497997283936 9
1653303349627 0.5498502850532532 10
1653303349645 0.5498502850532532 10
1653303356043 0.5566146969795227 11
1653303356061 0.5566146969795227 11
1653303363732 0.5412593483924866 12
1653303363752 0.5412593483924866 12
1653303371042 0.5379800200462341 13
1653303371060 0.5379800200462341 13
1653303377810 0.5090344548225403 14
1653303377828 0.5090344548225403 14
1653303385128 0.5204620957374573 15
1653303385147 0.5204620957374573 15
1653303391551 0.5064374208450317 16
1653303391569 0.5064374208450317 16
1653303398031 0.5355045795440674 17
1653303398048 0.5355045795440674 17
1653303404755 0.44812747836112976 18
1653303404773 0.44812747836112976 18
1653303412404 0.4856386184692383 19
1653303412423 0.4856386184692383 19
