1653303278451 0.0635204091668129 0
1653303278469 0.0635204091668129 0
1653303285780 0.06906522810459137 1
1653303285798 0.06906522810459137 1
1653303292695 0.04306303709745407 2
1653303292713 0.04306303709745407 2
1653303299237 0.034519292414188385 3
1653303299254 0.034519292414188385 3
1653303306815 0.03153420239686966 4
1653303306834 0.03153420239686966 4
1653303314450 0.030843153595924377 5
1653303314469 0.030843153595924377 5
1653303320917 0.03051619790494442 6
1653303320935 0.03051619790494442 6
1653303328315 0.029247194528579712 7
1653303328333 0.029247194528579712 7
1653303334771 0.025766797363758087 8
1653303334789 0.025766797363758087 8
1653303342839 0.02433200739324093 9
1653303342858 0.02433200739324093 9
1653303349627 0.02395346388220787 10
1653303349645 0.02395346388220787 10
1653303356043 0.023375673219561577 11
1653303356061 0.023375673219561577 11
1653303363732 0.021604295819997787 12
1653303363752 0.021604295819997787 12
1653303371042 0.02287469059228897 13
1653303371060 0.02287469059228897 13
1653303377810 0.018142934888601303 14
1653303377828 0.018142934888601303 14
1653303385128 0.023609338328242302 15
1653303385147 0.023609338328242302 15
1653303391551 0.018892662599682808 16
1653303391569 0.018892662599682808 16
1653303398031 0.01857987977564335 17
1653303398048 0.01857987977564335 17
1653303404755 0.019006626680493355 18
1653303404773 0.019006626680493355 18
1653303412404 0.017754599452018738 19
1653303412423 0.017754599452018738 19
