1653303278451 0.49316278100013733 0
1653303278469 0.49316278100013733 0
1653303285780 0.4332035183906555 1
1653303285798 0.4332035183906555 1
1653303292695 0.33141064643859863 2
1653303292713 0.33141064643859863 2
1653303299237 0.2843248248100281 3
1653303299254 0.2843248248100281 3
1653303306815 0.26759690046310425 4
1653303306834 0.26759690046310425 4
1653303314450 0.26829054951667786 5
1653303314469 0.26829054951667786 5
1653303320917 0.2619394361972809 6
1653303320935 0.2619394361972809 6
1653303328315 0.225608691573143 7
1653303328333 0.225608691573143 7
1653303334771 0.23395508527755737 8
1653303334789 0.23395508527755737 8
1653303342839 0.24513964354991913 9
1653303342858 0.24513964354991913 9
1653303349627 0.22377492487430573 10
1653303349645 0.22377492487430573 10
1653303356043 0.22856464982032776 11
1653303356061 0.22856464982032776 11
1653303363732 0.22607648372650146 12
1653303363752 0.22607648372650146 12
1653303371042 0.2049255073070526 13
1653303371060 0.2049255073070526 13
1653303377810 0.21655330061912537 14
1653303377828 0.21655330061912537 14
1653303385128 0.23657669126987457 15
1653303385147 0.23657669126987457 15
1653303391551 0.2104714810848236 16
1653303391569 0.2104714810848236 16
1653303398031 0.20470069348812103 17
1653303398048 0.20470069348812103 17
1653303404755 0.19905175268650055 18
1653303404773 0.19905175268650055 18
1653303412404 0.196363627910614 19
1653303412423 0.196363627910614 19
