1653303278451 0.2358195036649704 0
1653303278469 0.2358195036649704 0
1653303285780 0.24268189072608948 1
1653303285798 0.24268189072608948 1
1653303292695 0.1662023365497589 2
1653303292713 0.1662023365497589 2
1653303299237 0.1290026307106018 3
1653303299254 0.1290026307106018 3
1653303306815 0.11239299923181534 4
1653303306834 0.11239299923181534 4
1653303314450 0.11168595403432846 5
1653303314469 0.11168595403432846 5
1653303320917 0.110758475959301 6
1653303320935 0.110758475959301 6
1653303328315 0.10426293313503265 7
1653303328333 0.10426293313503265 7
1653303334771 0.09908674657344818 8
1653303334789 0.09908674657344818 8
1653303342839 0.10388892889022827 9
1653303342858 0.10388892889022827 9
1653303349627 0.10070298612117767 10
1653303349645 0.10070298612117767 10
1653303356043 0.10039205849170685 11
1653303356061 0.10039205849170685 11
1653303363732 0.09176453202962875 12
1653303363752 0.09176453202962875 12
1653303371042 0.1007455512881279 13
1653303371060 0.1007455512881279 13
1653303377810 0.10609756410121918 14
1653303377828 0.10609756410121918 14
1653303385128 0.08804120868444443 15
1653303385147 0.08804120868444443 15
1653303391551 0.10140454024076462 16
1653303391569 0.10140454024076462 16
1653303398031 0.09255679696798325 17
1653303398048 0.09255679696798325 17
1653303404755 0.09156568348407745 18
1653303404773 0.09156568348407745 18
1653303412404 0.08657928556203842 19
1653303412423 0.08657928556203842 19
