1653309195195 0.5112960934638977 0
1653309195214 0.5112960934638977 0
1653309205362 0.5404994487762451 1
1653309205380 0.5404994487762451 1
1653309217465 0.6240979433059692 2
1653309217486 0.6240979433059692 2
1653309226751 0.6665269136428833 3
1653309226769 0.6665269136428833 3
1653309237554 0.7319762110710144 4
1653309237575 0.7319762110710144 4
1653309247182 0.7371918559074402 5
1653309247201 0.7371918559074402 5
1653309256168 0.7476680874824524 6
1653309256186 0.7476680874824524 6
1653309266828 0.7748672962188721 7
1653309266848 0.7748672962188721 7
1653309275633 0.7674232721328735 8
1653309275653 0.7674232721328735 8
1653309286233 0.7726737260818481 9
1653309286252 0.7726737260818481 9
1653309296103 0.7831375598907471 10
1653309296121 0.7831375598907471 10
1653309305217 0.7891415953636169 11
1653309305236 0.7891415953636169 11
1653309314421 0.7940714955329895 12
1653309314440 0.7940714955329895 12
1653309325377 0.8122876882553101 13
1653309325396 0.8122876882553101 13
1653309333934 0.7931462526321411 14
1653309333952 0.7931462526321411 14
1653309343098 0.8038824796676636 15
1653309343118 0.8038824796676636 15
1653309352318 0.8110272288322449 16
1653309352338 0.8110272288322449 16
1653309362011 0.8169119358062744 17
1653309362029 0.8169119358062744 17
1653309371161 0.8297982811927795 18
1653309371182 0.8297982811927795 18
1653309379726 0.8272433876991272 19
1653309379745 0.8272433876991272 19
