1653309195195 0.6592281460762024 0
1653309195214 0.6592281460762024 0
1653309205362 0.6349104046821594 1
1653309205380 0.6349104046821594 1
1653309217465 0.6126655340194702 2
1653309217486 0.6126655340194702 2
1653309226751 0.5993480682373047 3
1653309226769 0.5993480682373047 3
1653309237554 0.5531260371208191 4
1653309237575 0.5531260371208191 4
1653309247182 0.552594780921936 5
1653309247201 0.552594780921936 5
1653309256168 0.5388266444206238 6
1653309256186 0.5388266444206238 6
1653309266828 0.5113471746444702 7
1653309266848 0.5113471746444702 7
1653309275633 0.5170191526412964 8
1653309275653 0.5170191526412964 8
1653309286233 0.5185062885284424 9
1653309286252 0.5185062885284424 9
1653309296103 0.5020685195922852 10
1653309296121 0.5020685195922852 10
1653309305217 0.4934903085231781 11
1653309305236 0.4934903085231781 11
1653309314421 0.49461984634399414 12
1653309314440 0.49461984634399414 12
1653309325377 0.47366097569465637 13
1653309325396 0.47366097569465637 13
1653309333934 0.4884573221206665 14
1653309333952 0.4884573221206665 14
1653309343098 0.48609405755996704 15
1653309343118 0.48609405755996704 15
1653309352318 0.47242018580436707 16
1653309352338 0.47242018580436707 16
1653309362011 0.4736119508743286 17
1653309362029 0.4736119508743286 17
1653309371161 0.44796398282051086 18
1653309371182 0.44796398282051086 18
1653309379726 0.45664647221565247 19
1653309379745 0.45664647221565247 19
