1653309195195 0.28036439418792725 0
1653309195214 0.28036439418792725 0
1653309205362 0.22244669497013092 1
1653309205380 0.22244669497013092 1
1653309217465 0.20486915111541748 2
1653309217486 0.20486915111541748 2
1653309226751 0.20716236531734467 3
1653309226769 0.20716236531734467 3
1653309237554 0.17997238039970398 4
1653309237575 0.17997238039970398 4
1653309247182 0.18003511428833008 5
1653309247201 0.18003511428833008 5
1653309256168 0.16918383538722992 6
1653309256186 0.16918383538722992 6
1653309266828 0.16605839133262634 7
1653309266848 0.16605839133262634 7
1653309275633 0.1528526246547699 8
1653309275653 0.1528526246547699 8
1653309286233 0.15875110030174255 9
1653309286252 0.15875110030174255 9
1653309296103 0.1466771513223648 10
1653309296121 0.1466771513223648 10
1653309305217 0.14951936900615692 11
1653309305236 0.14951936900615692 11
1653309314421 0.14345812797546387 12
1653309314440 0.14345812797546387 12
1653309325377 0.13492994010448456 13
1653309325396 0.13492994010448456 13
1653309333934 0.14089572429656982 14
1653309333952 0.14089572429656982 14
1653309343098 0.13972383737564087 15
1653309343118 0.13972383737564087 15
1653309352318 0.13001291453838348 16
1653309352338 0.13001291453838348 16
1653309362011 0.13284055888652802 17
1653309362029 0.13284055888652802 17
1653309371161 0.12409161776304245 18
1653309371182 0.12409161776304245 18
1653309379726 0.12486110627651215 19
1653309379745 0.12486110627651215 19
