1653309195195 0.1236359179019928 0
1653309195214 0.1236359179019928 0
1653309205362 0.09950769692659378 1
1653309205380 0.09950769692659378 1
1653309217465 0.09526082128286362 2
1653309217486 0.09526082128286362 2
1653309226751 0.0826605036854744 3
1653309226769 0.0826605036854744 3
1653309237554 0.06646101176738739 4
1653309237575 0.06646101176738739 4
1653309247182 0.07013976573944092 5
1653309247201 0.07013976573944092 5
1653309256168 0.05686363950371742 6
1653309256186 0.05686363950371742 6
1653309266828 0.0567854680120945 7
1653309266848 0.0567854680120945 7
1653309275633 0.05385143309831619 8
1653309275653 0.05385143309831619 8
1653309286233 0.050865642726421356 9
1653309286252 0.050865642726421356 9
1653309296103 0.048605456948280334 10
1653309296121 0.048605456948280334 10
1653309305217 0.0503808818757534 11
1653309305236 0.0503808818757534 11
1653309314421 0.03959853947162628 12
1653309314440 0.03959853947162628 12
1653309325377 0.04099760577082634 13
1653309325396 0.04099760577082634 13
1653309333934 0.049386166036129 14
1653309333952 0.049386166036129 14
1653309343098 0.04131027311086655 15
1653309343118 0.04131027311086655 15
1653309352318 0.0392071008682251 16
1653309352338 0.0392071008682251 16
1653309362011 0.044821079820394516 17
1653309362029 0.044821079820394516 17
1653309371161 0.03307507187128067 18
1653309371182 0.03307507187128067 18
1653309379726 0.03583308681845665 19
1653309379745 0.03583308681845665 19
