1653309195195 0.8930293917655945 0
1653309195214 0.8930293917655945 0
1653309205362 0.6632285118103027 1
1653309205380 0.6632285118103027 1
1653309217465 0.6217575669288635 2
1653309217486 0.6217575669288635 2
1653309226751 0.6012299060821533 3
1653309226769 0.6012299060821533 3
1653309237554 0.52428138256073 4
1653309237575 0.52428138256073 4
1653309247182 0.53033846616745 5
1653309247201 0.53033846616745 5
1653309256168 0.47955992817878723 6
1653309256186 0.47955992817878723 6
1653309266828 0.47719013690948486 7
1653309266848 0.47719013690948486 7
1653309275633 0.4553951025009155 8
1653309275653 0.4553951025009155 8
1653309286233 0.48655715584754944 9
1653309286252 0.48655715584754944 9
1653309296103 0.43234381079673767 10
1653309296121 0.43234381079673767 10
1653309305217 0.4422279894351959 11
1653309305236 0.4422279894351959 11
1653309314421 0.43990081548690796 12
1653309314440 0.43990081548690796 12
1653309325377 0.42171961069107056 13
1653309325396 0.42171961069107056 13
1653309333934 0.41794824600219727 14
1653309333952 0.41794824600219727 14
1653309343098 0.4242260456085205 15
1653309343118 0.4242260456085205 15
1653309352318 0.41035112738609314 16
1653309352338 0.41035112738609314 16
1653309362011 0.39825037121772766 17
1653309362029 0.39825037121772766 17
1653309371161 0.38459768891334534 18
1653309371182 0.38459768891334534 18
1653309379726 0.38709771633148193 19
1653309379745 0.38709771633148193 19
