1653309195195 0.03825077414512634 0
1653309195214 0.03825077414512634 0
1653309205362 0.027114471420645714 1
1653309205380 0.027114471420645714 1
1653309217465 0.030027732253074646 2
1653309217486 0.030027732253074646 2
1653309226751 0.029141515493392944 3
1653309226769 0.029141515493392944 3
1653309237554 0.02848575823009014 4
1653309237575 0.02848575823009014 4
1653309247182 0.026038261130452156 5
1653309247201 0.026038261130452156 5
1653309256168 0.019386958330869675 6
1653309256186 0.019386958330869675 6
1653309266828 0.01917395368218422 7
1653309266848 0.01917395368218422 7
1653309275633 0.0193556547164917 8
1653309275653 0.0193556547164917 8
1653309286233 0.012341435998678207 9
1653309286252 0.012341435998678207 9
1653309296103 0.012630200013518333 10
1653309296121 0.012630200013518333 10
1653309305217 0.009240278042852879 11
1653309305236 0.009240278042852879 11
1653309314421 0.009904874488711357 12
1653309314440 0.009904874488711357 12
1653309325377 0.008289170451462269 13
1653309325396 0.008289170451462269 13
1653309333934 0.010227502323687077 14
1653309333952 0.010227502323687077 14
1653309343098 0.008377577178180218 15
1653309343118 0.008377577178180218 15
1653309352318 0.005722806788980961 16
1653309352338 0.005722806788980961 16
1653309362011 0.006526848301291466 17
1653309362029 0.006526848301291466 17
1653309371161 0.007082032971084118 18
1653309371182 0.007082032971084118 18
1653309379726 0.007265090011060238 19
1653309379745 0.007265090011060238 19
