1653309195195 0.34289786219596863 0
1653309195214 0.34289786219596863 0
1653309205362 0.25651004910469055 1
1653309205380 0.25651004910469055 1
1653309217465 0.21356625854969025 2
1653309217486 0.21356625854969025 2
1653309226751 0.25684261322021484 3
1653309226769 0.25684261322021484 3
1653309237554 0.2130429595708847 4
1653309237575 0.2130429595708847 4
1653309247182 0.21890762448310852 5
1653309247201 0.21890762448310852 5
1653309256168 0.22390170395374298 6
1653309256186 0.22390170395374298 6
1653309266828 0.20512966811656952 7
1653309266848 0.20512966811656952 7
1653309275633 0.16101832687854767 8
1653309275653 0.16101832687854767 8
1653309286233 0.19977371394634247 9
1653309286252 0.19977371394634247 9
1653309296103 0.1855296790599823 10
1653309296121 0.1855296790599823 10
1653309305217 0.20260053873062134 11
1653309305236 0.20260053873062134 11
1653309314421 0.1765933483839035 12
1653309314440 0.1765933483839035 12
1653309325377 0.15692013502120972 13
1653309325396 0.15692013502120972 13
1653309333934 0.17798255383968353 14
1653309333952 0.17798255383968353 14
1653309343098 0.17989999055862427 15
1653309343118 0.17989999055862427 15
1653309352318 0.14862561225891113 16
1653309352338 0.14862561225891113 16
1653309362011 0.16054807603359222 17
1653309362029 0.16054807603359222 17
1653309371161 0.14748819172382355 18
1653309371182 0.14748819172382355 18
1653309379726 0.1533879190683365 19
1653309379745 0.1533879190683365 19
