1653309195195 0.1454973816871643 0
1653309195214 0.1454973816871643 0
1653309205362 0.11086636781692505 1
1653309205380 0.11086636781692505 1
1653309217465 0.09484787285327911 2
1653309217486 0.09484787285327911 2
1653309226751 0.09983242303133011 3
1653309226769 0.09983242303133011 3
1653309237554 0.08301723003387451 4
1653309237575 0.08301723003387451 4
1653309247182 0.07406830042600632 5
1653309247201 0.07406830042600632 5
1653309256168 0.07134167850017548 6
1653309256186 0.07134167850017548 6
1653309266828 0.08480080962181091 7
1653309266848 0.08480080962181091 7
1653309275633 0.07038695365190506 8
1653309275653 0.07038695365190506 8
1653309286233 0.058664582669734955 9
1653309286252 0.058664582669734955 9
1653309296103 0.05082447826862335 10
1653309296121 0.05082447826862335 10
1653309305217 0.049985744059085846 11
1653309305236 0.049985744059085846 11
1653309314421 0.05339944735169411 12
1653309314440 0.05339944735169411 12
1653309325377 0.047447431832551956 13
1653309325396 0.047447431832551956 13
1653309333934 0.044358350336551666 14
1653309333952 0.044358350336551666 14
1653309343098 0.044506561011075974 15
1653309343118 0.044506561011075974 15
1653309352318 0.04188430309295654 16
1653309352338 0.04188430309295654 16
1653309362011 0.04542066901922226 17
1653309362029 0.04542066901922226 17
1653309371161 0.042985595762729645 18
1653309371182 0.042985595762729645 18
1653309379726 0.03383510932326317 19
1653309379745 0.03383510932326317 19
