1653310026553 0.4916032552719116 0
1653310026573 0.4916032552719116 0
1653310037587 0.5132916569709778 1
1653310037607 0.5132916569709778 1
1653310046775 0.5995193719863892 2
1653310046796 0.5995193719863892 2
1653310056302 0.6721140146255493 3
1653310056323 0.6721140146255493 3
1653310065991 0.6975190043449402 4
1653310066011 0.6975190043449402 4
1653310076283 0.7491174340248108 5
1653310076302 0.7491174340248108 5
1653310084940 0.7568255662918091 6
1653310084959 0.7568255662918091 6
1653310094203 0.7462760210037231 7
1653310094223 0.7462760210037231 7
1653310102821 0.7655743360519409 8
1653310102841 0.7655743360519409 8
1653310113261 0.7796897292137146 9
1653310113281 0.7796897292137146 9
1653310121745 0.7813449501991272 10
1653310121764 0.7813449501991272 10
1653310130432 0.7937252521514893 11
1653310130452 0.7937252521514893 11
1653310142168 0.785641610622406 12
1653310142190 0.785641610622406 12
1653310150881 0.8029388785362244 13
1653310150900 0.8029388785362244 13
1653310159796 0.7968353033065796 14
1653310159815 0.7968353033065796 14
1653310168994 0.813014030456543 15
1653310169015 0.813014030456543 15
1653310179041 0.8178645968437195 16
1653310179062 0.8178645968437195 16
1653310188140 0.8095445036888123 17
1653310188160 0.8095445036888123 17
1653310198640 0.8121063113212585 18
1653310198660 0.8121063113212585 18
1653310207128 0.8237465023994446 19
1653310207147 0.8237465023994446 19
