1653310026553 0.6774025559425354 0
1653310026573 0.6774025559425354 0
1653310037587 0.644952654838562 1
1653310037607 0.644952654838562 1
1653310046775 0.6188009977340698 2
1653310046796 0.6188009977340698 2
1653310056302 0.5903058648109436 3
1653310056323 0.5903058648109436 3
1653310065991 0.5762931108474731 4
1653310066011 0.5762931108474731 4
1653310076283 0.540869951248169 5
1653310076302 0.540869951248169 5
1653310084940 0.5283679962158203 6
1653310084959 0.5283679962158203 6
1653310094203 0.5396491885185242 7
1653310094223 0.5396491885185242 7
1653310102821 0.5193509459495544 8
1653310102841 0.5193509459495544 8
1653310113261 0.5113977789878845 9
1653310113281 0.5113977789878845 9
1653310121745 0.5020543932914734 10
1653310121764 0.5020543932914734 10
1653310130432 0.4907898008823395 11
1653310130452 0.4907898008823395 11
1653310142168 0.5009294748306274 12
1653310142190 0.5009294748306274 12
1653310150881 0.482389897108078 13
1653310150900 0.482389897108078 13
1653310159796 0.4951842129230499 14
1653310159815 0.4951842129230499 14
1653310168994 0.47197696566581726 15
1653310169015 0.47197696566581726 15
1653310179041 0.46173396706581116 16
1653310179062 0.46173396706581116 16
1653310188140 0.4728317856788635 17
1653310188160 0.4728317856788635 17
1653310198640 0.4737689197063446 18
1653310198660 0.4737689197063446 18
1653310207128 0.4580799341201782 19
1653310207147 0.4580799341201782 19
