1653310026553 0.44981908798217773 0
1653310026573 0.44981908798217773 0
1653310037587 0.2983804941177368 1
1653310037607 0.2983804941177368 1
1653310046775 0.2877510190010071 2
1653310046796 0.2877510190010071 2
1653310056302 0.26856791973114014 3
1653310056323 0.26856791973114014 3
1653310065991 0.2578340172767639 4
1653310066011 0.2578340172767639 4
1653310076283 0.2483188956975937 5
1653310076302 0.2483188956975937 5
1653310084940 0.23478583991527557 6
1653310084959 0.23478583991527557 6
1653310094203 0.24109940230846405 7
1653310094223 0.24109940230846405 7
1653310102821 0.23002395033836365 8
1653310102841 0.23002395033836365 8
1653310113261 0.2258431315422058 9
1653310113281 0.2258431315422058 9
1653310121745 0.2216334044933319 10
1653310121764 0.2216334044933319 10
1653310130432 0.212648406624794 11
1653310130452 0.212648406624794 11
1653310142168 0.22252792119979858 12
1653310142190 0.22252792119979858 12
1653310150881 0.2073979377746582 13
1653310150900 0.2073979377746582 13
1653310159796 0.21771946549415588 14
1653310159815 0.21771946549415588 14
1653310168994 0.2017524093389511 15
1653310169015 0.2017524093389511 15
1653310179041 0.2023962289094925 16
1653310179062 0.2023962289094925 16
1653310188140 0.204603910446167 17
1653310188160 0.204603910446167 17
1653310198640 0.20172400772571564 18
1653310198660 0.20172400772571564 18
1653310207128 0.1999930888414383 19
1653310207147 0.1999930888414383 19
