1653310026553 0.1280599981546402 0
1653310026573 0.1280599981546402 0
1653310037587 0.11279703676700592 1
1653310037607 0.11279703676700592 1
1653310046775 0.0968577116727829 2
1653310046796 0.0968577116727829 2
1653310056302 0.08412085473537445 3
1653310056323 0.08412085473537445 3
1653310065991 0.07399973273277283 4
1653310066011 0.07399973273277283 4
1653310076283 0.06542951613664627 5
1653310076302 0.06542951613664627 5
1653310084940 0.046731505542993546 6
1653310084959 0.046731505542993546 6
1653310094203 0.06324692815542221 7
1653310094223 0.06324692815542221 7
1653310102821 0.053781166672706604 8
1653310102841 0.053781166672706604 8
1653310113261 0.05212051421403885 9
1653310113281 0.05212051421403885 9
1653310121745 0.05104725807905197 10
1653310121764 0.05104725807905197 10
1653310130432 0.04879740998148918 11
1653310130452 0.04879740998148918 11
1653310142168 0.04560594633221626 12
1653310142190 0.04560594633221626 12
1653310150881 0.04122588410973549 13
1653310150900 0.04122588410973549 13
1653310159796 0.05843881145119667 14
1653310159815 0.05843881145119667 14
1653310168994 0.04187822714447975 15
1653310169015 0.04187822714447975 15
1653310179041 0.04278973117470741 16
1653310179062 0.04278973117470741 16
1653310188140 0.04012349247932434 17
1653310188160 0.04012349247932434 17
1653310198640 0.041061367839574814 18
1653310198660 0.041061367839574814 18
1653310207128 0.04518567770719528 19
1653310207147 0.04518567770719528 19
