1653310026553 1.5250892639160156 0
1653310026573 1.5250892639160156 0
1653310037587 0.6803939938545227 1
1653310037607 0.6803939938545227 1
1653310046775 0.628976047039032 2
1653310046796 0.628976047039032 2
1653310056302 0.5560086965560913 3
1653310056323 0.5560086965560913 3
1653310065991 0.529991090297699 4
1653310066011 0.529991090297699 4
1653310076283 0.5062505006790161 5
1653310076302 0.5062505006790161 5
1653310084940 0.47490525245666504 6
1653310084959 0.47490525245666504 6
1653310094203 0.48470285534858704 7
1653310094223 0.48470285534858704 7
1653310102821 0.4812106192111969 8
1653310102841 0.4812106192111969 8
1653310113261 0.45097076892852783 9
1653310113281 0.45097076892852783 9
1653310121745 0.43747127056121826 10
1653310121764 0.43747127056121826 10
1653310130432 0.4214014410972595 11
1653310130452 0.4214014410972595 11
1653310142168 0.45220738649368286 12
1653310142190 0.45220738649368286 12
1653310150881 0.4084346294403076 13
1653310150900 0.4084346294403076 13
1653310159796 0.427680104970932 14
1653310159815 0.427680104970932 14
1653310168994 0.39834609627723694 15
1653310169015 0.39834609627723694 15
1653310179041 0.39021968841552734 16
1653310179062 0.39021968841552734 16
1653310188140 0.4058476686477661 17
1653310188160 0.4058476686477661 17
1653310198640 0.3934883177280426 18
1653310198660 0.3934883177280426 18
1653310207128 0.3854297995567322 19
1653310207147 0.3854297995567322 19
