1653310026553 0.04276823252439499 0
1653310026573 0.04276823252439499 0
1653310037587 0.030676405876874924 1
1653310037607 0.030676405876874924 1
1653310046775 0.033807575702667236 2
1653310046796 0.033807575702667236 2
1653310056302 0.03373376280069351 3
1653310056323 0.03373376280069351 3
1653310065991 0.026049625128507614 4
1653310066011 0.026049625128507614 4
1653310076283 0.026556475088000298 5
1653310076302 0.026556475088000298 5
1653310084940 0.02060888521373272 6
1653310084959 0.02060888521373272 6
1653310094203 0.019962266087532043 7
1653310094223 0.019962266087532043 7
1653310102821 0.01942656934261322 8
1653310102841 0.01942656934261322 8
1653310113261 0.014576315879821777 9
1653310113281 0.014576315879821777 9
1653310121745 0.012900120578706264 10
1653310121764 0.012900120578706264 10
1653310130432 0.009976059198379517 11
1653310130452 0.009976059198379517 11
1653310142168 0.01408500224351883 12
1653310142190 0.01408500224351883 12
1653310150881 0.01062112208455801 13
1653310150900 0.01062112208455801 13
1653310159796 0.009258647449314594 14
1653310159815 0.009258647449314594 14
1653310168994 0.008592713624238968 15
1653310169015 0.008592713624238968 15
1653310179041 0.007212819065898657 16
1653310179062 0.007212819065898657 16
1653310188140 0.007233241572976112 17
1653310188160 0.007233241572976112 17
1653310198640 0.00722040981054306 18
1653310198660 0.00722040981054306 18
1653310207128 0.0069330851547420025 19
1653310207147 0.0069330851547420025 19
