1653310026553 0.37678685784339905 0
1653310026573 0.37678685784339905 0
1653310037587 0.2399117350578308 1
1653310037607 0.2399117350578308 1
1653310046775 0.2532171607017517 2
1653310046796 0.2532171607017517 2
1653310056302 0.2346699982881546 3
1653310056323 0.2346699982881546 3
1653310065991 0.2279878705739975 4
1653310066011 0.2279878705739975 4
1653310076283 0.22152414917945862 5
1653310076302 0.22152414917945862 5
1653310084940 0.21073059737682343 6
1653310084959 0.21073059737682343 6
1653310094203 0.2140922099351883 7
1653310094223 0.2140922099351883 7
1653310102821 0.1825665533542633 8
1653310102841 0.1825665533542633 8
1653310113261 0.19488734006881714 9
1653310113281 0.19488734006881714 9
1653310121745 0.1919562667608261 10
1653310121764 0.1919562667608261 10
1653310130432 0.17035067081451416 11
1653310130452 0.17035067081451416 11
1653310142168 0.19355639815330505 12
1653310142190 0.19355639815330505 12
1653310150881 0.16718584299087524 13
1653310150900 0.16718584299087524 13
1653310159796 0.18225349485874176 14
1653310159815 0.18225349485874176 14
1653310168994 0.15381358563899994 15
1653310169015 0.15381358563899994 15
1653310179041 0.1693623661994934 16
1653310179062 0.1693623661994934 16
1653310188140 0.16730889678001404 17
1653310188160 0.16730889678001404 17
1653310198640 0.15902021527290344 18
1653310198660 0.15902021527290344 18
1653310207128 0.16046267747879028 19
1653310207147 0.16046267747879028 19
