1653310026553 0.7554602026939392 0
1653310026573 0.7554602026939392 0
1653310037587 0.7114226222038269 1
1653310037607 0.7114226222038269 1
1653310046775 0.6995077133178711 2
1653310046796 0.6995077133178711 2
1653310056302 0.6964828968048096 3
1653310056323 0.6964828968048096 3
1653310065991 0.6921696066856384 4
1653310066011 0.6921696066856384 4
1653310076283 0.6930699348449707 5
1653310076302 0.6930699348449707 5
1653310084940 0.690216064453125 6
1653310084959 0.690216064453125 6
1653310094203 0.6860693693161011 7
1653310094223 0.6860693693161011 7
1653310102821 0.6847108602523804 8
1653310102841 0.6847108602523804 8
1653310113261 0.6814132928848267 9
1653310113281 0.6814132928848267 9
1653310121745 0.6780896186828613 10
1653310121764 0.6780896186828613 10
1653310130432 0.6749842166900635 11
1653310130452 0.6749842166900635 11
1653310142168 0.6752213835716248 12
1653310142190 0.6752213835716248 12
1653310150881 0.66937655210495 13
1653310150900 0.66937655210495 13
1653310159796 0.6687254905700684 14
1653310159815 0.6687254905700684 14
1653310168994 0.665713906288147 15
1653310169015 0.665713906288147 15
1653310179041 0.662855863571167 16
1653310179062 0.662855863571167 16
1653310188140 0.6643249988555908 17
1653310188160 0.6643249988555908 17
1653310198640 0.6650987267494202 18
1653310198660 0.6650987267494202 18
1653310207128 0.6611451506614685 19
1653310207147 0.6611451506614685 19
