1653296886830 0.5129552483558655 0
1653296886846 0.5129552483558655 0
1653296893057 0.5490350723266602 1
1653296893072 0.5490350723266602 1
1653296900419 0.5973448753356934 2
1653296900434 0.5973448753356934 2
1653296908434 0.663589596748352 3
1653296908451 0.663589596748352 3
1653296916168 0.7179426550865173 4
1653296916185 0.7179426550865173 4
1653296923423 0.7411327958106995 5
1653296923439 0.7411327958106995 5
1653296930554 0.7738233208656311 6
1653296930569 0.7738233208656311 6
1653296937617 0.7780975699424744 7
1653296937636 0.7780975699424744 7
1653296944382 0.783505916595459 8
1653296944398 0.783505916595459 8
1653296951651 0.8005515336990356 9
1653296951667 0.8005515336990356 9
1653296958922 0.8066118955612183 10
1653296958939 0.8066118955612183 10
1653296965434 0.81271892786026 11
1653296965450 0.81271892786026 11
1653296971945 0.798541784286499 12
1653296971962 0.798541784286499 12
1653296978804 0.814229428768158 13
1653296978820 0.814229428768158 13
1653296985490 0.8209332227706909 14
1653296985505 0.8209332227706909 14
1653296991816 0.8145253658294678 15
1653296991832 0.8145253658294678 15
1653296999467 0.8331432938575745 16
1653296999483 0.8331432938575745 16
1653297005911 0.8197948932647705 17
1653297005927 0.8197948932647705 17
1653297012292 0.8264302611351013 18
1653297012308 0.8264302611351013 18
1653297019539 0.8268932104110718 19
1653297019554 0.8268932104110718 19
