1653296886830 0.6403475999832153 0
1653296886846 0.6403475999832153 0
1653296893057 0.6299386620521545 1
1653296893072 0.6299386620521545 1
1653296900419 0.6231653094291687 2
1653296900434 0.6231653094291687 2
1653296908434 0.6047731637954712 3
1653296908451 0.6047731637954712 3
1653296916168 0.5754500031471252 4
1653296916185 0.5754500031471252 4
1653296923423 0.5465887188911438 5
1653296923439 0.5465887188911438 5
1653296930554 0.5234013199806213 6
1653296930569 0.5234013199806213 6
1653296937617 0.5196688771247864 7
1653296937636 0.5196688771247864 7
1653296944382 0.5050880908966064 8
1653296944398 0.5050880908966064 8
1653296951651 0.4876483678817749 9
1653296951667 0.4876483678817749 9
1653296958922 0.48218390345573425 10
1653296958939 0.48218390345573425 10
1653296965434 0.4690321385860443 11
1653296965450 0.4690321385860443 11
1653296971945 0.4873344302177429 12
1653296971962 0.4873344302177429 12
1653296978804 0.4686264991760254 13
1653296978820 0.4686264991760254 13
1653296985490 0.46068236231803894 14
1653296985505 0.46068236231803894 14
1653296991816 0.4721854627132416 15
1653296991832 0.4721854627132416 15
1653296999467 0.4495234787464142 16
1653296999483 0.4495234787464142 16
1653297005911 0.4578513205051422 17
1653297005927 0.4578513205051422 17
1653297012292 0.45653125643730164 18
1653297012308 0.45653125643730164 18
1653297019539 0.4567990005016327 19
1653297019554 0.4567990005016327 19
