1653296886830 0.2954626977443695 0
1653296886846 0.2954626977443695 0
1653296893057 0.2886826992034912 1
1653296893072 0.2886826992034912 1
1653296900419 0.28718075156211853 2
1653296900434 0.28718075156211853 2
1653296908434 0.27519237995147705 3
1653296908451 0.27519237995147705 3
1653296916168 0.2631261944770813 4
1653296916185 0.2631261944770813 4
1653296923423 0.24873624742031097 5
1653296923439 0.24873624742031097 5
1653296930554 0.23525719344615936 6
1653296930569 0.23525719344615936 6
1653296937617 0.23433448374271393 7
1653296937636 0.23433448374271393 7
1653296944382 0.22547218203544617 8
1653296944398 0.22547218203544617 8
1653296951651 0.21844695508480072 9
1653296951667 0.21844695508480072 9
1653296958922 0.2143476903438568 10
1653296958939 0.2143476903438568 10
1653296965434 0.2104521542787552 11
1653296965450 0.2104521542787552 11
1653296971945 0.21348203718662262 12
1653296971962 0.21348203718662262 12
1653296978804 0.2097400277853012 13
1653296978820 0.2097400277853012 13
1653296985490 0.20360036194324493 14
1653296985505 0.20360036194324493 14
1653296991816 0.20264872908592224 15
1653296991832 0.20264872908592224 15
1653296999467 0.19744794070720673 16
1653296999483 0.19744794070720673 16
1653297005911 0.19783106446266174 17
1653297005927 0.19783106446266174 17
1653297012292 0.20189756155014038 18
1653297012308 0.20189756155014038 18
1653297019539 0.19450123608112335 19
1653297019554 0.19450123608112335 19
