1653296886830 0.10192926973104477 0
1653296886846 0.10192926973104477 0
1653296893057 0.09825795888900757 1
1653296893072 0.09825795888900757 1
1653296900419 0.0941530391573906 2
1653296900434 0.0941530391573906 2
1653296908434 0.09127027541399002 3
1653296908451 0.09127027541399002 3
1653296916168 0.08625000715255737 4
1653296916185 0.08625000715255737 4
1653296923423 0.0799880176782608 5
1653296923439 0.0799880176782608 5
1653296930554 0.058815039694309235 6
1653296930569 0.058815039694309235 6
1653296937617 0.061988092958927155 7
1653296937636 0.061988092958927155 7
1653296944382 0.056249815970659256 8
1653296944398 0.056249815970659256 8
1653296951651 0.051159802824258804 9
1653296951667 0.051159802824258804 9
1653296958922 0.048749540001153946 10
1653296958939 0.048749540001153946 10
1653296965434 0.048158612102270126 11
1653296965450 0.048158612102270126 11
1653296971945 0.050155967473983765 12
1653296971962 0.050155967473983765 12
1653296978804 0.04036447033286095 13
1653296978820 0.04036447033286095 13
1653296985490 0.04766596108675003 14
1653296985505 0.04766596108675003 14
1653296991816 0.04676135256886482 15
1653296991832 0.04676135256886482 15
1653296999467 0.04254385083913803 16
1653296999483 0.04254385083913803 16
1653297005911 0.04360748454928398 17
1653297005927 0.04360748454928398 17
1653297012292 0.0387619286775589 18
1653297012308 0.0387619286775589 18
1653297019539 0.04337431490421295 19
1653297019554 0.04337431490421295 19
