1653296886830 0.6803364753723145 0
1653296886846 0.6803364753723145 0
1653296893057 0.6555912494659424 1
1653296893072 0.6555912494659424 1
1653296900419 0.6549311280250549 2
1653296900434 0.6549311280250549 2
1653296908434 0.5877212882041931 3
1653296908451 0.5877212882041931 3
1653296916168 0.558610200881958 4
1653296916185 0.558610200881958 4
1653296923423 0.4952778220176697 5
1653296923439 0.4952778220176697 5
1653296930554 0.4565971791744232 6
1653296930569 0.4565971791744232 6
1653296937617 0.4573071300983429 7
1653296937636 0.4573071300983429 7
1653296944382 0.4278477430343628 8
1653296944398 0.4278477430343628 8
1653296951651 0.42467978596687317 9
1653296951667 0.42467978596687317 9
1653296958922 0.42764779925346375 10
1653296958939 0.42764779925346375 10
1653296965434 0.4113726019859314 11
1653296965450 0.4113726019859314 11
1653296971945 0.4126206934452057 12
1653296971962 0.4126206934452057 12
1653296978804 0.4219529628753662 13
1653296978820 0.4219529628753662 13
1653296985490 0.3963804244995117 14
1653296985505 0.3963804244995117 14
1653296991816 0.4030534327030182 15
1653296991832 0.4030534327030182 15
1653296999467 0.38762956857681274 16
1653296999483 0.38762956857681274 16
1653297005911 0.3874679207801819 17
1653297005927 0.3874679207801819 17
1653297012292 0.402120977640152 18
1653297012308 0.402120977640152 18
1653297019539 0.38677459955215454 19
1653297019554 0.38677459955215454 19
