1653296886830 0.028743432834744453 0
1653296886846 0.028743432834744453 0
1653296893057 0.028782742097973824 1
1653296893072 0.028782742097973824 1
1653296900419 0.02862965315580368 2
1653296900434 0.02862965315580368 2
1653296908434 0.026390492916107178 3
1653296908451 0.026390492916107178 3
1653296916168 0.03084985353052616 4
1653296916185 0.03084985353052616 4
1653296923423 0.026076242327690125 5
1653296923439 0.026076242327690125 5
1653296930554 0.024140067398548126 6
1653296930569 0.024140067398548126 6
1653296937617 0.029588619247078896 7
1653296937636 0.029588619247078896 7
1653296944382 0.023078719154000282 8
1653296944398 0.023078719154000282 8
1653296951651 0.022696111351251602 9
1653296951667 0.022696111351251602 9
1653296958922 0.017882512882351875 10
1653296958939 0.017882512882351875 10
1653296965434 0.01629657857120037 11
1653296965450 0.01629657857120037 11
1653296971945 0.019728749990463257 12
1653296971962 0.019728749990463257 12
1653296978804 0.01983671635389328 13
1653296978820 0.01983671635389328 13
1653296985490 0.01694580540060997 14
1653296985505 0.01694580540060997 14
1653296991816 0.012538284063339233 15
1653296991832 0.012538284063339233 15
1653296999467 0.014449844136834145 16
1653296999483 0.014449844136834145 16
1653297005911 0.01652626506984234 17
1653297005927 0.01652626506984234 17
1653297012292 0.014839313924312592 18
1653297012308 0.014839313924312592 18
1653297019539 0.009709998965263367 19
1653297019554 0.009709998965263367 19
