1653296886830 0.25129395723342896 0
1653296886846 0.25129395723342896 0
1653296893057 0.24298174679279327 1
1653296893072 0.24298174679279327 1
1653296900419 0.24472300708293915 2
1653296900434 0.24472300708293915 2
1653296908434 0.24550913274288177 3
1653296908451 0.24550913274288177 3
1653296916168 0.21999476850032806 4
1653296916185 0.21999476850032806 4
1653296923423 0.22008146345615387 5
1653296923439 0.22008146345615387 5
1653296930554 0.21965044736862183 6
1653296930569 0.21965044736862183 6
1653296937617 0.20866946876049042 7
1653296937636 0.20866946876049042 7
1653296944382 0.2084311544895172 8
1653296944398 0.2084311544895172 8
1653296951651 0.19025883078575134 9
1653296951667 0.19025883078575134 9
1653296958922 0.17933887243270874 10
1653296958939 0.17933887243270874 10
1653296965434 0.1801789253950119 11
1653296965450 0.1801789253950119 11
1653296971945 0.1809116005897522 12
1653296971962 0.1809116005897522 12
1653296978804 0.17582470178604126 13
1653296978820 0.17582470178604126 13
1653296985490 0.161050945520401 14
1653296985505 0.161050945520401 14
1653296991816 0.15325134992599487 15
1653296991832 0.15325134992599487 15
1653296999467 0.15158700942993164 16
1653296999483 0.15158700942993164 16
1653297005911 0.14401084184646606 17
1653297005927 0.14401084184646606 17
1653297012292 0.16554424166679382 18
1653297012308 0.16554424166679382 18
1653297019539 0.13917386531829834 19
1653297019554 0.13917386531829834 19
