1653296886830 0.6933366656303406 0
1653296886846 0.6933366656303406 0
1653296893057 0.6926126480102539 1
1653296893072 0.6926126480102539 1
1653296900419 0.6912857890129089 2
1653296900434 0.6912857890129089 2
1653296908434 0.6872539520263672 3
1653296908451 0.6872539520263672 3
1653296916168 0.6831714510917664 4
1653296916185 0.6831714510917664 4
1653296923423 0.6752879619598389 5
1653296923439 0.6752879619598389 5
1653296930554 0.6676558256149292 6
1653296930569 0.6676558256149292 6
1653296937617 0.6613848209381104 7
1653296937636 0.6613848209381104 7
1653296944382 0.6547948122024536 8
1653296944398 0.6547948122024536 8
1653296951651 0.6538517475128174 9
1653296951667 0.6538517475128174 9
1653296958922 0.6533205509185791 10
1653296958939 0.6533205509185791 10
1653296965434 0.6516479253768921 11
1653296965450 0.6516479253768921 11
1653296971945 0.648189902305603 12
1653296971962 0.648189902305603 12
1653296978804 0.6488741636276245 13
1653296978820 0.6488741636276245 13
1653296985490 0.647767186164856 14
1653296985505 0.647767186164856 14
1653296991816 0.6471628546714783 15
1653296991832 0.6471628546714783 15
1653296999467 0.644954264163971 16
1653296999483 0.644954264163971 16
1653297005911 0.6486815810203552 17
1653297005927 0.6486815810203552 17
1653297012292 0.6440744400024414 18
1653297012308 0.6440744400024414 18
1653297019539 0.644130527973175 19
1653297019554 0.644130527973175 19
