1653301239238 0.642019510269165 0
1653301239255 0.642019510269165 0
1653301246488 0.6291379332542419 1
1653301246506 0.6291379332542419 1
1653301253488 0.6255627274513245 2
1653301253505 0.6255627274513245 2
1653301260917 0.6094506978988647 3
1653301260935 0.6094506978988647 3
1653301267294 0.5799776315689087 4
1653301267311 0.5799776315689087 4
1653301274644 0.5514421463012695 5
1653301274662 0.5514421463012695 5
1653301281804 0.5224541425704956 6
1653301281828 0.5224541425704956 6
1653301288614 0.5118073225021362 7
1653301288632 0.5118073225021362 7
1653301295680 0.499289870262146 8
1653301295697 0.499289870262146 8
1653301302329 0.4870036244392395 9
1653301302346 0.4870036244392395 9
1653301309467 0.499494731426239 10
1653301309485 0.499494731426239 10
1653301316261 0.4810510277748108 11
1653301316277 0.4810510277748108 11
1653301322610 0.4830196499824524 12
1653301322627 0.4830196499824524 12
1653301329946 0.4632464051246643 13
1653301329965 0.4632464051246643 13
1653301337276 0.4771629869937897 14
1653301337295 0.4771629869937897 14
1653301343818 0.4669235348701477 15
1653301343834 0.4669235348701477 15
1653301351481 0.4594784080982208 16
1653301351499 0.4594784080982208 16
1653301358820 0.46972665190696716 17
1653301358838 0.46972665190696716 17
1653301366474 0.452678382396698 18
1653301366493 0.452678382396698 18
1653301372942 0.4573879539966583 19
1653301372961 0.4573879539966583 19
