1653301239238 0.5089336037635803 0
1653301239255 0.5089336037635803 0
1653301246488 0.5505894422531128 1
1653301246506 0.5505894422531128 1
1653301253488 0.6007490158081055 2
1653301253505 0.6007490158081055 2
1653301260917 0.6565731167793274 3
1653301260935 0.6565731167793274 3
1653301267294 0.6965963244438171 4
1653301267311 0.6965963244438171 4
1653301274644 0.743400514125824 5
1653301274662 0.743400514125824 5
1653301281804 0.7687327861785889 6
1653301281828 0.7687327861785889 6
1653301288614 0.7762812376022339 7
1653301288632 0.7762812376022339 7
1653301295680 0.7886545062065125 8
1653301295697 0.7886545062065125 8
1653301302329 0.8006505370140076 9
1653301302346 0.8006505370140076 9
1653301309467 0.7861524820327759 10
1653301309485 0.7861524820327759 10
1653301316261 0.8101037740707397 11
1653301316277 0.8101037740707397 11
1653301322610 0.8019005060195923 12
1653301322627 0.8019005060195923 12
1653301329946 0.8131259679794312 13
1653301329965 0.8131259679794312 13
1653301337276 0.8098565340042114 14
1653301337295 0.8098565340042114 14
1653301343818 0.8117981553077698 15
1653301343834 0.8117981553077698 15
1653301351481 0.8223425149917603 16
1653301351499 0.8223425149917603 16
1653301358820 0.8205372095108032 17
1653301358838 0.8205372095108032 17
1653301366474 0.8251042366027832 18
1653301366493 0.8251042366027832 18
1653301372942 0.8240107893943787 19
1653301372961 0.8240107893943787 19
