1653301239238 0.45547714829444885 0
1653301239255 0.45547714829444885 0
1653301246488 0.4194142818450928 1
1653301246506 0.4194142818450928 1
1653301253488 0.3802988827228546 2
1653301253505 0.3802988827228546 2
1653301260917 0.3444000482559204 3
1653301260935 0.3444000482559204 3
1653301267294 0.32124415040016174 4
1653301267311 0.32124415040016174 4
1653301274644 0.3127581775188446 5
1653301274662 0.3127581775188446 5
1653301281804 0.25745540857315063 6
1653301281828 0.25745540857315063 6
1653301288614 0.28506264090538025 7
1653301288632 0.28506264090538025 7
1653301295680 0.23650720715522766 8
1653301295697 0.23650720715522766 8
1653301302329 0.24889801442623138 9
1653301302346 0.24889801442623138 9
1653301309467 0.24104222655296326 10
1653301309485 0.24104222655296326 10
1653301316261 0.2083100974559784 11
1653301316277 0.2083100974559784 11
1653301322610 0.20652177929878235 12
1653301322627 0.20652177929878235 12
1653301329946 0.2065514177083969 13
1653301329965 0.2065514177083969 13
1653301337276 0.19289080798625946 14
1653301337295 0.19289080798625946 14
1653301343818 0.20163507759571075 15
1653301343834 0.20163507759571075 15
1653301351481 0.1772008091211319 16
1653301351499 0.1772008091211319 16
1653301358820 0.1791853904724121 17
1653301358838 0.1791853904724121 17
1653301366474 0.1808304786682129 18
1653301366493 0.1808304786682129 18
1653301372942 0.17237329483032227 19
1653301372961 0.17237329483032227 19
