1653301239238 1.081637978553772 0
1653301239255 1.081637978553772 0
1653301246488 1.1219598054885864 1
1653301246506 1.1219598054885864 1
1653301253488 1.181917667388916 2
1653301253505 1.181917667388916 2
1653301260917 1.1346726417541504 3
1653301260935 1.1346726417541504 3
1653301267294 1.1671407222747803 4
1653301267311 1.1671407222747803 4
1653301274644 1.2944421768188477 5
1653301274662 1.2944421768188477 5
1653301281804 0.8633792400360107 6
1653301281828 0.8633792400360107 6
1653301288614 1.2475436925888062 7
1653301288632 1.2475436925888062 7
1653301295680 0.787211000919342 8
1653301295697 0.787211000919342 8
1653301302329 0.9394730925559998 9
1653301302346 0.9394730925559998 9
1653301309467 0.8099850416183472 10
1653301309485 0.8099850416183472 10
1653301316261 0.609930694103241 11
1653301316277 0.609930694103241 11
1653301322610 0.5816245675086975 12
1653301322627 0.5816245675086975 12
1653301329946 0.6522827744483948 13
1653301329965 0.6522827744483948 13
1653301337276 0.47317254543304443 14
1653301337295 0.47317254543304443 14
1653301343818 0.5738085508346558 15
1653301343834 0.5738085508346558 15
1653301351481 0.3465358316898346 16
1653301351499 0.3465358316898346 16
1653301358820 0.37800559401512146 17
1653301358838 0.37800559401512146 17
1653301366474 0.41272440552711487 18
1653301366493 0.41272440552711487 18
1653301372942 0.37211355566978455 19
1653301372961 0.37211355566978455 19
