1653301239238 0.2309429943561554 0
1653301239255 0.2309429943561554 0
1653301246488 0.197260782122612 1
1653301246506 0.197260782122612 1
1653301253488 0.1487528681755066 2
1653301253505 0.1487528681755066 2
1653301260917 0.12613454461097717 3
1653301260935 0.12613454461097717 3
1653301267294 0.10834427177906036 4
1653301267311 0.10834427177906036 4
1653301274644 0.07717491686344147 5
1653301274662 0.07717491686344147 5
1653301281804 0.07719383388757706 6
1653301281828 0.07719383388757706 6
1653301288614 0.060331229120492935 7
1653301288632 0.060331229120492935 7
1653301295680 0.05555957183241844 8
1653301295697 0.05555957183241844 8
1653301302329 0.05104176327586174 9
1653301302346 0.05104176327586174 9
1653301309467 0.057735804468393326 10
1653301309485 0.057735804468393326 10
1653301316261 0.04824919253587723 11
1653301316277 0.04824919253587723 11
1653301322610 0.05212949588894844 12
1653301322627 0.05212949588894844 12
1653301329946 0.04420369118452072 13
1653301329965 0.04420369118452072 13
1653301337276 0.04670873284339905 14
1653301337295 0.04670873284339905 14
1653301343818 0.05045080557465553 15
1653301343834 0.05045080557465553 15
1653301351481 0.04631505161523819 16
1653301351499 0.04631505161523819 16
1653301358820 0.047438789159059525 17
1653301358838 0.047438789159059525 17
1653301366474 0.04920404031872749 18
1653301366493 0.04920404031872749 18
1653301372942 0.03773172199726105 19
1653301372961 0.03773172199726105 19
