1653301239238 0.8800735473632812 0
1653301239255 0.8800735473632812 0
1653301246488 0.8106105327606201 1
1653301246506 0.8106105327606201 1
1653301253488 0.7439368367195129 2
1653301253505 0.7439368367195129 2
1653301260917 0.655775785446167 3
1653301260935 0.655775785446167 3
1653301267294 0.5637500882148743 4
1653301267311 0.5637500882148743 4
1653301274644 0.5032958984375 5
1653301274662 0.5032958984375 5
1653301281804 0.46793127059936523 6
1653301281828 0.46793127059936523 6
1653301288614 0.4497959017753601 7
1653301288632 0.4497959017753601 7
1653301295680 0.4422908425331116 8
1653301295697 0.4422908425331116 8
1653301302329 0.42639777064323425 9
1653301302346 0.42639777064323425 9
1653301309467 0.43536993861198425 10
1653301309485 0.43536993861198425 10
1653301316261 0.40856125950813293 11
1653301316277 0.40856125950813293 11
1653301322610 0.41195282340049744 12
1653301322627 0.41195282340049744 12
1653301329946 0.4145005941390991 13
1653301329965 0.4145005941390991 13
1653301337276 0.4023570716381073 14
1653301337295 0.4023570716381073 14
1653301343818 0.40506893396377563 15
1653301343834 0.40506893396377563 15
1653301351481 0.395163893699646 16
1653301351499 0.395163893699646 16
1653301358820 0.41053056716918945 17
1653301358838 0.41053056716918945 17
1653301366474 0.39291617274284363 18
1653301366493 0.39291617274284363 18
1653301372942 0.39132171869277954 19
1653301372961 0.39132171869277954 19
