1653301239238 0.06779761612415314 0
1653301239255 0.06779761612415314 0
1653301246488 0.06207260861992836 1
1653301246506 0.06207260861992836 1
1653301253488 0.04456271231174469 2
1653301253505 0.04456271231174469 2
1653301260917 0.034811679273843765 3
1653301260935 0.034811679273843765 3
1653301267294 0.030887307599186897 4
1653301267311 0.030887307599186897 4
1653301274644 0.030761076137423515 5
1653301274662 0.030761076137423515 5
1653301281804 0.025724349543452263 6
1653301281828 0.025724349543452263 6
1653301288614 0.026408327743411064 7
1653301288632 0.026408327743411064 7
1653301295680 0.024227552115917206 8
1653301295697 0.024227552115917206 8
1653301302329 0.022236721590161324 9
1653301302346 0.022236721590161324 9
1653301309467 0.02243189513683319 10
1653301309485 0.02243189513683319 10
1653301316261 0.018345749005675316 11
1653301316277 0.018345749005675316 11
1653301322610 0.013535062782466412 12
1653301322627 0.013535062782466412 12
1653301329946 0.018100403249263763 13
1653301329965 0.018100403249263763 13
1653301337276 0.01502800453454256 14
1653301337295 0.01502800453454256 14
1653301343818 0.01488395407795906 15
1653301343834 0.01488395407795906 15
1653301351481 0.013803542591631413 16
1653301351499 0.013803542591631413 16
1653301358820 0.015963982790708542 17
1653301358838 0.015963982790708542 17
1653301366474 0.014776915311813354 18
1653301366493 0.014776915311813354 18
1653301372942 0.014099442400038242 19
1653301372961 0.014099442400038242 19
