1653301239238 0.540794312953949 0
1653301239255 0.540794312953949 0
1653301246488 0.4382924437522888 1
1653301246506 0.4382924437522888 1
1653301253488 0.33706769347190857 2
1653301253505 0.33706769347190857 2
1653301260917 0.2830922305583954 3
1653301260935 0.2830922305583954 3
1653301267294 0.2514338493347168 4
1653301267311 0.2514338493347168 4
1653301274644 0.23839807510375977 5
1653301274662 0.23839807510375977 5
1653301281804 0.20783302187919617 6
1653301281828 0.20783302187919617 6
1653301288614 0.2003878653049469 7
1653301288632 0.2003878653049469 7
1653301295680 0.19365833699703217 8
1653301295697 0.19365833699703217 8
1653301302329 0.20794185996055603 9
1653301302346 0.20794185996055603 9
1653301309467 0.20991477370262146 10
1653301309485 0.20991477370262146 10
1653301316261 0.18266859650611877 11
1653301316277 0.18266859650611877 11
1653301322610 0.18542520701885223 12
1653301322627 0.18542520701885223 12
1653301329946 0.1632203608751297 13
1653301329965 0.1632203608751297 13
1653301337276 0.18186600506305695 14
1653301337295 0.18186600506305695 14
1653301343818 0.17695172131061554 15
1653301343834 0.17695172131061554 15
1653301351481 0.1781078577041626 16
1653301351499 0.1781078577041626 16
1653301358820 0.15402460098266602 17
1653301358838 0.15402460098266602 17
1653301366474 0.16499446332454681 18
1653301366493 0.16499446332454681 18
1653301372942 0.15479472279548645 19
1653301372961 0.15479472279548645 19
