1653302478390 0.5222489833831787 0
1653302478408 0.5222489833831787 0
1653302485128 0.5569455623626709 1
1653302485146 0.5569455623626709 1
1653302492715 0.6108219623565674 2
1653302492735 0.6108219623565674 2
1653302499469 0.6594681739807129 3
1653302499486 0.6594681739807129 3
1653302506279 0.6988024115562439 4
1653302506297 0.6988024115562439 4
1653302512873 0.7439180612564087 5
1653302512891 0.7439180612564087 5
1653302519619 0.7831723690032959 6
1653302519638 0.7831723690032959 6
1653302526932 0.7798782587051392 7
1653302526951 0.7798782587051392 7
1653302534220 0.7856255769729614 8
1653302534238 0.7856255769729614 8
1653302541474 0.7922779321670532 9
1653302541491 0.7922779321670532 9
1653302547876 0.8158812522888184 10
1653302547894 0.8158812522888184 10
1653302554583 0.8055159449577332 11
1653302554600 0.8055159449577332 11
1653302561643 0.8030517101287842 12
1653302561662 0.8030517101287842 12
1653302568905 0.8078781366348267 13
1653302568924 0.8078781366348267 13
1653302575170 0.8206437826156616 14
1653302575188 0.8206437826156616 14
1653302582638 0.8255202770233154 15
1653302582656 0.8255202770233154 15
1653302589799 0.8265248537063599 16
1653302589820 0.8265248537063599 16
1653302597942 0.8327504396438599 17
1653302597963 0.8327504396438599 17
1653302604441 0.8339620232582092 18
1653302604458 0.8339620232582092 18
1653302610600 0.8303441405296326 19
1653302610618 0.8303441405296326 19
