1653302478390 0.6389070749282837 0
1653302478408 0.6389070749282837 0
1653302485128 0.6309254765510559 1
1653302485146 0.6309254765510559 1
1653302492715 0.6238879561424255 2
1653302492735 0.6238879561424255 2
1653302499469 0.6028794646263123 3
1653302499486 0.6028794646263123 3
1653302506279 0.577629804611206 4
1653302506297 0.577629804611206 4
1653302512873 0.5483840703964233 5
1653302512891 0.5483840703964233 5
1653302519619 0.5067830085754395 6
1653302519638 0.5067830085754395 6
1653302526932 0.5088291168212891 7
1653302526951 0.5088291168212891 7
1653302534220 0.5113896727561951 8
1653302534238 0.5113896727561951 8
1653302541474 0.48984578251838684 9
1653302541491 0.48984578251838684 9
1653302547876 0.46649888157844543 10
1653302547894 0.46649888157844543 10
1653302554583 0.48328062891960144 11
1653302554600 0.48328062891960144 11
1653302561643 0.4862521290779114 12
1653302561662 0.4862521290779114 12
1653302568905 0.48124372959136963 13
1653302568924 0.48124372959136963 13
1653302575170 0.46416065096855164 14
1653302575188 0.46416065096855164 14
1653302582638 0.46017760038375854 15
1653302582656 0.46017760038375854 15
1653302589799 0.45266449451446533 16
1653302589820 0.45266449451446533 16
1653302597942 0.45113155245780945 17
1653302597963 0.45113155245780945 17
1653302604441 0.44624969363212585 18
1653302604458 0.44624969363212585 18
1653302610600 0.4517180323600769 19
1653302610618 0.4517180323600769 19
