1653302478390 0.3569309711456299 0
1653302478408 0.3569309711456299 0
1653302485128 0.33210137486457825 1
1653302485146 0.33210137486457825 1
1653302492715 0.2694910764694214 2
1653302492735 0.2694910764694214 2
1653302499469 0.23343349993228912 3
1653302499486 0.23343349993228912 3
1653302506279 0.20503482222557068 4
1653302506297 0.20503482222557068 4
1653302512873 0.17904795706272125 5
1653302512891 0.17904795706272125 5
1653302519619 0.1560743749141693 6
1653302519638 0.1560743749141693 6
1653302526932 0.15534578263759613 7
1653302526951 0.15534578263759613 7
1653302534220 0.1573641300201416 8
1653302534238 0.1573641300201416 8
1653302541474 0.145081028342247 9
1653302541491 0.145081028342247 9
1653302547876 0.13588643074035645 10
1653302547894 0.13588643074035645 10
1653302554583 0.14012688398361206 11
1653302554600 0.14012688398361206 11
1653302561643 0.13890652358531952 12
1653302561662 0.13890652358531952 12
1653302568905 0.13889287412166595 13
1653302568924 0.13889287412166595 13
1653302575170 0.1332511156797409 14
1653302575188 0.1332511156797409 14
1653302582638 0.1282186210155487 15
1653302582656 0.1282186210155487 15
1653302589799 0.12694302201271057 16
1653302589820 0.12694302201271057 16
1653302597942 0.12679819762706757 17
1653302597963 0.12679819762706757 17
1653302604441 0.12104296684265137 18
1653302604458 0.12104296684265137 18
1653302610600 0.12428445369005203 19
1653302610618 0.12428445369005203 19
