1653302478390 0.25575608015060425 0
1653302478408 0.25575608015060425 0
1653302485128 0.21112488210201263 1
1653302485146 0.21112488210201263 1
1653302492715 0.14572644233703613 2
1653302492735 0.14572644233703613 2
1653302499469 0.12431058287620544 3
1653302499486 0.12431058287620544 3
1653302506279 0.10510167479515076 4
1653302506297 0.10510167479515076 4
1653302512873 0.07771796733140945 5
1653302512891 0.07771796733140945 5
1653302519619 0.06441333144903183 6
1653302519638 0.06441333144903183 6
1653302526932 0.057586878538131714 7
1653302526951 0.057586878538131714 7
1653302534220 0.06178737059235573 8
1653302534238 0.06178737059235573 8
1653302541474 0.05147784575819969 9
1653302541491 0.05147784575819969 9
1653302547876 0.04595385864377022 10
1653302547894 0.04595385864377022 10
1653302554583 0.052451249212026596 11
1653302554600 0.052451249212026596 11
1653302561643 0.0459146574139595 12
1653302561662 0.0459146574139595 12
1653302568905 0.051534704864025116 13
1653302568924 0.051534704864025116 13
1653302575170 0.05250422656536102 14
1653302575188 0.05250422656536102 14
1653302582638 0.039964430034160614 15
1653302582656 0.039964430034160614 15
1653302589799 0.042940281331539154 16
1653302589820 0.042940281331539154 16
1653302597942 0.041311293840408325 17
1653302597963 0.041311293840408325 17
1653302604441 0.04166194424033165 18
1653302604458 0.04166194424033165 18
1653302610600 0.03621137514710426 19
1653302610618 0.03621137514710426 19
