1653302478390 0.8769616484642029 0
1653302478408 0.8769616484642029 0
1653302485128 0.8178929686546326 1
1653302485146 0.8178929686546326 1
1653302492715 0.7305868864059448 2
1653302492735 0.7305868864059448 2
1653302499469 0.631199061870575 3
1653302499486 0.631199061870575 3
1653302506279 0.5601282119750977 4
1653302506297 0.5601282119750977 4
1653302512873 0.5050449371337891 5
1653302512891 0.5050449371337891 5
1653302519619 0.43851903080940247 6
1653302519638 0.43851903080940247 6
1653302526932 0.4705254137516022 7
1653302526951 0.4705254137516022 7
1653302534220 0.46448811888694763 8
1653302534238 0.46448811888694763 8
1653302541474 0.4378746449947357 9
1653302541491 0.4378746449947357 9
1653302547876 0.4094361662864685 10
1653302547894 0.4094361662864685 10
1653302554583 0.40547436475753784 11
1653302554600 0.40547436475753784 11
1653302561643 0.43497374653816223 12
1653302561662 0.43497374653816223 12
1653302568905 0.4247956871986389 13
1653302568924 0.4247956871986389 13
1653302575170 0.39082813262939453 14
1653302575188 0.39082813262939453 14
1653302582638 0.39274123311042786 15
1653302582656 0.39274123311042786 15
1653302589799 0.391802579164505 16
1653302589820 0.391802579164505 16
1653302597942 0.3907567262649536 17
1653302597963 0.3907567262649536 17
1653302604441 0.37124139070510864 18
1653302604458 0.37124139070510864 18
1653302610600 0.3962053060531616 19
1653302610618 0.3962053060531616 19
