1653302478390 0.0712585374712944 0
1653302478408 0.0712585374712944 0
1653302485128 0.06507308781147003 1
1653302485146 0.06507308781147003 1
1653302492715 0.038420580327510834 2
1653302492735 0.038420580327510834 2
1653302499469 0.0396064892411232 3
1653302499486 0.0396064892411232 3
1653302506279 0.030457325279712677 4
1653302506297 0.030457325279712677 4
1653302512873 0.02975054830312729 5
1653302512891 0.02975054830312729 5
1653302519619 0.030962908640503883 6
1653302519638 0.030962908640503883 6
1653302526932 0.02057749219238758 7
1653302526951 0.02057749219238758 7
1653302534220 0.026336317881941795 8
1653302534238 0.026336317881941795 8
1653302541474 0.017267368733882904 9
1653302541491 0.017267368733882904 9
1653302547876 0.02319423481822014 10
1653302547894 0.02319423481822014 10
1653302554583 0.014590717852115631 11
1653302554600 0.014590717852115631 11
1653302561643 0.018070876598358154 12
1653302561662 0.018070876598358154 12
1653302568905 0.014238863252103329 13
1653302568924 0.014238863252103329 13
1653302575170 0.01624096743762493 14
1653302575188 0.01624096743762493 14
1653302582638 0.015610192902386189 15
1653302582656 0.015610192902386189 15
1653302589799 0.010939200408756733 16
1653302589820 0.010939200408756733 16
1653302597942 0.01301900390535593 17
1653302597963 0.01301900390535593 17
1653302604441 0.011214742437005043 18
1653302604458 0.011214742437005043 18
1653302610600 0.009470259770751 19
1653302610618 0.009470259770751 19
