1653302478390 0.4623079299926758 0
1653302478408 0.4623079299926758 0
1653302485128 0.42487677931785583 1
1653302485146 0.42487677931785583 1
1653302492715 0.34004396200180054 2
1653302492735 0.34004396200180054 2
1653302499469 0.28438419103622437 3
1653302499486 0.28438419103622437 3
1653302506279 0.2626890540122986 4
1653302506297 0.2626890540122986 4
1653302512873 0.24712203443050385 5
1653302512891 0.24712203443050385 5
1653302519619 0.2153623253107071 6
1653302519638 0.2153623253107071 6
1653302526932 0.21322773396968842 7
1653302526951 0.21322773396968842 7
1653302534220 0.2174907624721527 8
1653302534238 0.2174907624721527 8
1653302541474 0.20646247267723083 9
1653302541491 0.20646247267723083 9
1653302547876 0.179405078291893 10
1653302547894 0.179405078291893 10
1653302554583 0.20497208833694458 11
1653302554600 0.20497208833694458 11
1653302561643 0.1772986650466919 12
1653302561662 0.1772986650466919 12
1653302568905 0.18873527646064758 13
1653302568924 0.18873527646064758 13
1653302575170 0.17876532673835754 14
1653302575188 0.17876532673835754 14
1653302582638 0.17191709578037262 15
1653302582656 0.17191709578037262 15
1653302589799 0.1705876886844635 16
1653302589820 0.1705876886844635 16
1653302597942 0.16795048117637634 17
1653302597963 0.16795048117637634 17
1653302604441 0.15433380007743835 18
1653302604458 0.15433380007743835 18
1653302610600 0.16244672238826752 19
1653302610618 0.16244672238826752 19
