1653302478390 0.2664659917354584 0
1653302478408 0.2664659917354584 0
1653302485128 0.26510560512542725 1
1653302485146 0.26510560512542725 1
1653302492715 0.17653284966945648 2
1653302492735 0.17653284966945648 2
1653302499469 0.13190814852714539 3
1653302499486 0.13190814852714539 3
1653302506279 0.09045104682445526 4
1653302506297 0.09045104682445526 4
1653302512873 0.04728430509567261 5
1653302512891 0.04728430509567261 5
1653302519619 0.028286119922995567 6
1653302519638 0.028286119922995567 6
1653302526932 0.02564065530896187 7
1653302526951 0.02564065530896187 7
1653302534220 0.02379366010427475 8
1653302534238 0.02379366010427475 8
1653302541474 0.01693667657673359 9
1653302541491 0.01693667657673359 9
1653302547876 0.019826006144285202 10
1653302547894 0.019826006144285202 10
1653302554583 0.01683771051466465 11
1653302554600 0.01683771051466465 11
1653302561643 0.01948704570531845 12
1653302561662 0.01948704570531845 12
1653302568905 0.01585705578327179 13
1653302568924 0.01585705578327179 13
1653302575170 0.019823908805847168 14
1653302575188 0.019823908805847168 14
1653302582638 0.014815163798630238 15
1653302582656 0.014815163798630238 15
1653302589799 0.015331204980611801 16
1653302589820 0.015331204980611801 16
1653302597942 0.01752261258661747 17
1653302597963 0.01752261258661747 17
1653302604441 0.015549400821328163 18
1653302604458 0.015549400821328163 18
1653302610600 0.015527297742664814 19
1653302610618 0.015527297742664814 19
