1653306928404 0.5123803019523621 0
1653306928423 0.5123803019523621 0
1653306935707 0.5458527207374573 1
1653306935726 0.5458527207374573 1
1653306943025 0.5608363151550293 2
1653306943045 0.5608363151550293 2
1653306949584 0.5746725797653198 3
1653306949605 0.5746725797653198 3
1653306957039 0.6201663017272949 4
1653306957058 0.6201663017272949 4
1653306964210 0.6524396538734436 5
1653306964231 0.6524396538734436 5
1653306971961 0.6634763479232788 6
1653306971980 0.6634763479232788 6
1653306978534 0.6569846272468567 7
1653306978552 0.6569846272468567 7
1653306986497 0.6943795680999756 8
1653306986516 0.6943795680999756 8
1653306994043 0.6756994724273682 9
1653306994062 0.6756994724273682 9
1653307001519 0.6893677115440369 10
1653307001538 0.6893677115440369 10
1653307009188 0.6923967599868774 11
1653307009209 0.6923967599868774 11
1653307015998 0.7139406204223633 12
1653307016016 0.7139406204223633 12
1653307023336 0.7190723419189453 13
1653307023356 0.7190723419189453 13
1653307031366 0.7286707162857056 14
1653307031386 0.7286707162857056 14
1653307037883 0.7232393026351929 15
1653307037900 0.7232393026351929 15
1653307045154 0.7419719099998474 16
1653307045171 0.7419719099998474 16
1653307051882 0.7485154867172241 17
1653307051900 0.7485154867172241 17
1653307059202 0.7557833790779114 18
1653307059221 0.7557833790779114 18
1653307066502 0.7576069235801697 19
1653307066520 0.7576069235801697 19
