1653306928404 0.641815721988678 0
1653306928423 0.641815721988678 0
1653306935707 0.6313207745552063 1
1653306935726 0.6313207745552063 1
1653306943025 0.631214439868927 2
1653306943045 0.631214439868927 2
1653306949584 0.6270939111709595 3
1653306949605 0.6270939111709595 3
1653306957039 0.6199607253074646 4
1653306957058 0.6199607253074646 4
1653306964210 0.6045072078704834 5
1653306964231 0.6045072078704834 5
1653306971961 0.5942611694335938 6
1653306971980 0.5942611694335938 6
1653306978534 0.6052384376525879 7
1653306978552 0.6052384376525879 7
1653306986497 0.5786724090576172 8
1653306986516 0.5786724090576172 8
1653306994043 0.5887401103973389 9
1653306994062 0.5887401103973389 9
1653307001519 0.5872440338134766 10
1653307001538 0.5872440338134766 10
1653307009188 0.5798383951187134 11
1653307009209 0.5798383951187134 11
1653307015998 0.5662762522697449 12
1653307016016 0.5662762522697449 12
1653307023336 0.5690335035324097 13
1653307023356 0.5690335035324097 13
1653307031366 0.5596711039543152 14
1653307031386 0.5596711039543152 14
1653307037883 0.5666962265968323 15
1653307037900 0.5666962265968323 15
1653307045154 0.5458326935768127 16
1653307045171 0.5458326935768127 16
1653307051882 0.5459144711494446 17
1653307051900 0.5459144711494446 17
1653307059202 0.5374011993408203 18
1653307059221 0.5374011993408203 18
1653307066502 0.5333212614059448 19
1653307066520 0.5333212614059448 19
