1653306928404 0.45690616965293884 0
1653306928423 0.45690616965293884 0
1653306935707 0.42353275418281555 1
1653306935726 0.42353275418281555 1
1653306943025 0.3784593939781189 2
1653306943045 0.3784593939781189 2
1653306949584 0.35765665769577026 3
1653306949605 0.35765665769577026 3
1653306957039 0.3053591847419739 4
1653306957058 0.3053591847419739 4
1653306964210 0.3399830162525177 5
1653306964231 0.3399830162525177 5
1653306971961 0.3253636062145233 6
1653306971980 0.3253636062145233 6
1653306978534 0.3340940773487091 7
1653306978552 0.3340940773487091 7
1653306986497 0.3059674799442291 8
1653306986516 0.3059674799442291 8
1653306994043 0.2967209815979004 9
1653306994062 0.2967209815979004 9
1653307001519 0.3004544973373413 10
1653307001538 0.3004544973373413 10
1653307009188 0.3050161600112915 11
1653307009209 0.3050161600112915 11
1653307015998 0.28293749690055847 12
1653307016016 0.28293749690055847 12
1653307023336 0.28668123483657837 13
1653307023356 0.28668123483657837 13
1653307031366 0.3199000060558319 14
1653307031386 0.3199000060558319 14
1653307037883 0.2868677079677582 15
1653307037900 0.2868677079677582 15
1653307045154 0.30322569608688354 16
1653307045171 0.30322569608688354 16
1653307051882 0.27156510949134827 17
1653307051900 0.27156510949134827 17
1653307059202 0.25855782628059387 18
1653307059221 0.25855782628059387 18
1653307066502 0.2838376760482788 19
1653307066520 0.2838376760482788 19
