1653306928404 1.1723554134368896 0
1653306928423 1.1723554134368896 0
1653306935707 1.1574620008468628 1
1653306935726 1.1574620008468628 1
1653306943025 1.1601446866989136 2
1653306943045 1.1601446866989136 2
1653306949584 1.1696707010269165 3
1653306949605 1.1696707010269165 3
1653306957039 0.7781164646148682 4
1653306957058 0.7781164646148682 4
1653306964210 1.274546504020691 5
1653306964231 1.274546504020691 5
1653306971961 1.2221537828445435 6
1653306971980 1.2221537828445435 6
1653306978534 1.2810012102127075 7
1653306978552 1.2810012102127075 7
1653306986497 1.1468499898910522 8
1653306986516 1.1468499898910522 8
1653306994043 1.0262162685394287 9
1653306994062 1.0262162685394287 9
1653307001519 1.0776381492614746 10
1653307001538 1.0776381492614746 10
1653307009188 1.1328327655792236 11
1653307009209 1.1328327655792236 11
1653307015998 1.0231757164001465 12
1653307016016 1.0231757164001465 12
1653307023336 1.027707815170288 13
1653307023356 1.027707815170288 13
1653307031366 1.3994581699371338 14
1653307031386 1.3994581699371338 14
1653307037883 1.071385145187378 15
1653307037900 1.071385145187378 15
1653307045154 1.2900540828704834 16
1653307045171 1.2900540828704834 16
1653307051882 1.0285181999206543 17
1653307051900 1.0285181999206543 17
1653307059202 0.9221220016479492 18
1653307059221 0.9221220016479492 18
1653307066502 1.1708842515945435 19
1653307066520 1.1708842515945435 19
