1653306928404 0.24295352399349213 0
1653306928423 0.24295352399349213 0
1653306935707 0.2012220323085785 1
1653306935726 0.2012220323085785 1
1653306943025 0.148536816239357 2
1653306943045 0.148536816239357 2
1653306949584 0.12060526758432388 3
1653306949605 0.12060526758432388 3
1653306957039 0.11424051970243454 4
1653306957058 0.11424051970243454 4
1653306964210 0.09382815659046173 5
1653306964231 0.09382815659046173 5
1653306971961 0.09791628271341324 6
1653306971980 0.09791628271341324 6
1653306978534 0.0895870104432106 7
1653306978552 0.0895870104432106 7
1653306986497 0.0842844694852829 8
1653306986516 0.0842844694852829 8
1653306994043 0.07502356171607971 9
1653306994062 0.07502356171607971 9
1653307001519 0.08417180180549622 10
1653307001538 0.08417180180549622 10
1653307009188 0.07353425025939941 11
1653307009209 0.07353425025939941 11
1653307015998 0.08085502684116364 12
1653307016016 0.08085502684116364 12
1653307023336 0.06874863803386688 13
1653307023356 0.06874863803386688 13
1653307031366 0.07038415223360062 14
1653307031386 0.07038415223360062 14
1653307037883 0.07198312133550644 15
1653307037900 0.07198312133550644 15
1653307045154 0.06508258730173111 16
1653307045171 0.06508258730173111 16
1653307051882 0.06257206201553345 17
1653307051900 0.06257206201553345 17
1653307059202 0.06183626875281334 18
1653307059221 0.06183626875281334 18
1653307066502 0.06129956617951393 19
1653307066520 0.06129956617951393 19
