1653306928404 0.8783236742019653 0
1653306928423 0.8783236742019653 0
1653306935707 0.8183026909828186 1
1653306935726 0.8183026909828186 1
1653306943025 0.7567817568778992 2
1653306943045 0.7567817568778992 2
1653306949584 0.7098498940467834 3
1653306949605 0.7098498940467834 3
1653306957039 0.6605410575866699 4
1653306957058 0.6605410575866699 4
1653306964210 0.6263349056243896 5
1653306964231 0.6263349056243896 5
1653306971961 0.584133505821228 6
1653306971980 0.584133505821228 6
1653306978534 0.6074998378753662 7
1653306978552 0.6074998378753662 7
1653306986497 0.5493059158325195 8
1653306986516 0.5493059158325195 8
1653306994043 0.558742344379425 9
1653306994062 0.558742344379425 9
1653307001519 0.5542290806770325 10
1653307001538 0.5542290806770325 10
1653307009188 0.5624538064002991 11
1653307009209 0.5624538064002991 11
1653307015998 0.5242331027984619 12
1653307016016 0.5242331027984619 12
1653307023336 0.5330299139022827 13
1653307023356 0.5330299139022827 13
1653307031366 0.521943986415863 14
1653307031386 0.521943986415863 14
1653307037883 0.5120543837547302 15
1653307037900 0.5120543837547302 15
1653307045154 0.4978160560131073 16
1653307045171 0.4978160560131073 16
1653307051882 0.5093504190444946 17
1653307051900 0.5093504190444946 17
1653307059202 0.4657808542251587 18
1653307059221 0.4657808542251587 18
1653307066502 0.4919908046722412 19
1653307066520 0.4919908046722412 19
