1653306928404 0.07732219994068146 0
1653306928423 0.07732219994068146 0
1653306935707 0.06569935381412506 1
1653306935726 0.06569935381412506 1
1653306943025 0.03708035498857498 2
1653306943045 0.03708035498857498 2
1653306949584 0.041099581867456436 3
1653306949605 0.041099581867456436 3
1653306957039 0.03616322949528694 4
1653306957058 0.03616322949528694 4
1653306964210 0.027669988572597504 5
1653306964231 0.027669988572597504 5
1653306971961 0.030026035383343697 6
1653306971980 0.030026035383343697 6
1653306978534 0.028046989813447 7
1653306978552 0.028046989813447 7
1653306986497 0.029019895941019058 8
1653306986516 0.029019895941019058 8
1653306994043 0.021563854068517685 9
1653306994062 0.021563854068517685 9
1653307001519 0.024823540821671486 10
1653307001538 0.024823540821671486 10
1653307009188 0.023517334833741188 11
1653307009209 0.023517334833741188 11
1653307015998 0.0233447402715683 12
1653307016016 0.0233447402715683 12
1653307023336 0.021536989137530327 13
1653307023356 0.021536989137530327 13
1653307031366 0.027396999299526215 14
1653307031386 0.027396999299526215 14
1653307037883 0.02033076249063015 15
1653307037900 0.02033076249063015 15
1653307045154 0.024356067180633545 16
1653307045171 0.024356067180633545 16
1653307051882 0.01858447678387165 17
1653307051900 0.01858447678387165 17
1653307059202 0.020296471193432808 18
1653307059221 0.020296471193432808 18
1653307066502 0.01928406022489071 19
1653307066520 0.01928406022489071 19
