1653306928404 0.4798193871974945 0
1653306928423 0.4798193871974945 0
1653306935707 0.42680612206459045 1
1653306935726 0.42680612206459045 1
1653306943025 0.33665189146995544 2
1653306943045 0.33665189146995544 2
1653306949584 0.2878485321998596 3
1653306949605 0.2878485321998596 3
1653306957039 0.2598549723625183 4
1653306957058 0.2598549723625183 4
1653306964210 0.2630678415298462 5
1653306964231 0.2630678415298462 5
1653306971961 0.23914819955825806 6
1653306971980 0.23914819955825806 6
1653306978534 0.24686287343502045 7
1653306978552 0.24686287343502045 7
1653306986497 0.2248145341873169 8
1653306986516 0.2248145341873169 8
1653306994043 0.24485501646995544 9
1653306994062 0.24485501646995544 9
1653307001519 0.22801326215267181 10
1653307001538 0.22801326215267181 10
1653307009188 0.23705241084098816 11
1653307009209 0.23705241084098816 11
1653307015998 0.20103488862514496 12
1653307016016 0.20103488862514496 12
1653307023336 0.22723287343978882 13
1653307023356 0.22723287343978882 13
1653307031366 0.22045603394508362 14
1653307031386 0.22045603394508362 14
1653307037883 0.22005577385425568 15
1653307037900 0.22005577385425568 15
1653307045154 0.22095993161201477 16
1653307045171 0.22095993161201477 16
1653307051882 0.18812142312526703 17
1653307051900 0.18812142312526703 17
1653307059202 0.2046826332807541 18
1653307059221 0.2046826332807541 18
1653307066502 0.20041929185390472 19
1653307066520 0.20041929185390472 19
