1653292596741 0.5119369626045227 0
1653292596756 0.5119369626045227 0
1653292603399 0.5416851043701172 1
1653292603413 0.5416851043701172 1
1653292610832 0.5783977508544922 2
1653292610846 0.5783977508544922 2
1653292617669 0.6364627480506897 3
1653292617683 0.6364627480506897 3
1653292625100 0.678202211856842 4
1653292625115 0.678202211856842 4
1653292631984 0.7499204277992249 5
1653292631998 0.7499204277992249 5
1653292638840 0.7293826937675476 6
1653292638855 0.7293826937675476 6
1653292645587 0.7777189016342163 7
1653292645601 0.7777189016342163 7
1653292653318 0.7886648774147034 8
1653292653332 0.7886648774147034 8
1653292660593 0.784812331199646 9
1653292660608 0.784812331199646 9
1653292667310 0.801118791103363 10
1653292667326 0.801118791103363 10
1653292674955 0.8065372109413147 11
1653292674971 0.8065372109413147 11
1653292682494 0.80208820104599 12
1653292682509 0.80208820104599 12
1653292689871 0.8089080452919006 13
1653292689892 0.8089080452919006 13
1653292696593 0.8300521373748779 14
1653292696607 0.8300521373748779 14
1653292704359 0.823724627494812 15
1653292704375 0.823724627494812 15
1653292710936 0.8203734159469604 16
1653292710951 0.8203734159469604 16
1653292718521 0.8205515146255493 17
1653292718537 0.8205515146255493 17
1653292725590 0.8200725317001343 18
1653292725604 0.8200725317001343 18
1653292732033 0.8441115617752075 19
1653292732047 0.8441115617752075 19
