1653292596741 0.6421849727630615 0
1653292596756 0.6421849727630615 0
1653292603399 0.6291333436965942 1
1653292603413 0.6291333436965942 1
1653292610832 0.630108118057251 2
1653292610846 0.630108118057251 2
1653292617669 0.6149358153343201 3
1653292617683 0.6149358153343201 3
1653292625100 0.5925002694129944 4
1653292625115 0.5925002694129944 4
1653292631984 0.5488256812095642 5
1653292631998 0.5488256812095642 5
1653292638840 0.5580543279647827 6
1653292638855 0.5580543279647827 6
1653292645587 0.5155933499336243 7
1653292645601 0.5155933499336243 7
1653292653318 0.5026257634162903 8
1653292653332 0.5026257634162903 8
1653292660593 0.5001867413520813 9
1653292660608 0.5001867413520813 9
1653292667310 0.4878842234611511 10
1653292667326 0.4878842234611511 10
1653292674955 0.4788576364517212 11
1653292674971 0.4788576364517212 11
1653292682494 0.48449626564979553 12
1653292682509 0.48449626564979553 12
1653292689871 0.47521549463272095 13
1653292689892 0.47521549463272095 13
1653292696593 0.45293542742729187 14
1653292696607 0.45293542742729187 14
1653292704359 0.4651111960411072 15
1653292704375 0.4651111960411072 15
1653292710936 0.4583454430103302 16
1653292710951 0.4583454430103302 16
1653292718521 0.4613915979862213 17
1653292718537 0.4613915979862213 17
1653292725590 0.4638049304485321 18
1653292725604 0.4638049304485321 18
1653292732033 0.435092568397522 19
1653292732047 0.435092568397522 19
