1653292596741 0.22679555416107178 0
1653292596756 0.22679555416107178 0
1653292603399 0.22514356672763824 1
1653292603413 0.22514356672763824 1
1653292610832 0.21828188002109528 2
1653292610846 0.21828188002109528 2
1653292617669 0.21324540674686432 3
1653292617683 0.21324540674686432 3
1653292625100 0.19558335840702057 4
1653292625115 0.19558335840702057 4
1653292631984 0.16806341707706451 5
1653292631998 0.16806341707706451 5
1653292638840 0.17325596511363983 6
1653292638855 0.17325596511363983 6
1653292645587 0.15357282757759094 7
1653292645601 0.15357282757759094 7
1653292653318 0.14461028575897217 8
1653292653332 0.14461028575897217 8
1653292660593 0.1493445783853531 9
1653292660608 0.1493445783853531 9
1653292667310 0.1346270889043808 10
1653292667326 0.1346270889043808 10
1653292674955 0.14130456745624542 11
1653292674971 0.14130456745624542 11
1653292682494 0.13649588823318481 12
1653292682509 0.13649588823318481 12
1653292689871 0.1348647177219391 13
1653292689892 0.1348647177219391 13
1653292696593 0.12714318931102753 14
1653292696607 0.12714318931102753 14
1653292704359 0.12978120148181915 15
1653292704375 0.12978120148181915 15
1653292710936 0.1216437816619873 16
1653292710951 0.1216437816619873 16
1653292718521 0.12915486097335815 17
1653292718537 0.12915486097335815 17
1653292725590 0.12375485897064209 18
1653292725604 0.12375485897064209 18
1653292732033 0.117387555539608 19
1653292732047 0.117387555539608 19
