1653292596741 0.10011429339647293 0
1653292596756 0.10011429339647293 0
1653292603399 0.10076291114091873 1
1653292603413 0.10076291114091873 1
1653292610832 0.09973124414682388 2
1653292610846 0.09973124414682388 2
1653292617669 0.09002815186977386 3
1653292617683 0.09002815186977386 3
1653292625100 0.09261095523834229 4
1653292625115 0.09261095523834229 4
1653292631984 0.07511597871780396 5
1653292631998 0.07511597871780396 5
1653292638840 0.07776693999767303 6
1653292638855 0.07776693999767303 6
1653292645587 0.05882851779460907 7
1653292645601 0.05882851779460907 7
1653292653318 0.04914439097046852 8
1653292653332 0.04914439097046852 8
1653292660593 0.05604380741715431 9
1653292660608 0.05604380741715431 9
1653292667310 0.051069583743810654 10
1653292667326 0.051069583743810654 10
1653292674955 0.047117650508880615 11
1653292674971 0.047117650508880615 11
1653292682494 0.049141526222229004 12
1653292682509 0.049141526222229004 12
1653292689871 0.04267985373735428 13
1653292689892 0.04267985373735428 13
1653292696593 0.04321626201272011 14
1653292696607 0.04321626201272011 14
1653292704359 0.04547587409615517 15
1653292704375 0.04547587409615517 15
1653292710936 0.03801784664392471 16
1653292710951 0.03801784664392471 16
1653292718521 0.045120347291231155 17
1653292718537 0.045120347291231155 17
1653292725590 0.041759029030799866 18
1653292725604 0.041759029030799866 18
1653292732033 0.037229232490062714 19
1653292732047 0.037229232490062714 19
