1653292596741 0.6731722950935364 0
1653292596756 0.6731722950935364 0
1653292603399 0.6665279865264893 1
1653292603413 0.6665279865264893 1
1653292610832 0.6584775447845459 2
1653292610846 0.6584775447845459 2
1653292617669 0.6375340223312378 3
1653292617683 0.6375340223312378 3
1653292625100 0.5741197466850281 4
1653292625115 0.5741197466850281 4
1653292631984 0.476331889629364 5
1653292631998 0.476331889629364 5
1653292638840 0.5210311412811279 6
1653292638855 0.5210311412811279 6
1653292645587 0.44889184832572937 7
1653292645601 0.44889184832572937 7
1653292653318 0.441984623670578 8
1653292653332 0.441984623670578 8
1653292660593 0.4409309923648834 9
1653292660608 0.4409309923648834 9
1653292667310 0.42011594772338867 10
1653292667326 0.42011594772338867 10
1653292674955 0.3997769057750702 11
1653292674971 0.3997769057750702 11
1653292682494 0.42944803833961487 12
1653292682509 0.42944803833961487 12
1653292689871 0.4162221848964691 13
1653292689892 0.4162221848964691 13
1653292696593 0.372444748878479 14
1653292696607 0.372444748878479 14
1653292704359 0.403076171875 15
1653292704375 0.403076171875 15
1653292710936 0.3839353024959564 16
1653292710951 0.3839353024959564 16
1653292718521 0.40193185210227966 17
1653292718537 0.40193185210227966 17
1653292725590 0.3786838948726654 18
1653292725604 0.3786838948726654 18
1653292732033 0.35956916213035583 19
1653292732047 0.35956916213035583 19
