1653292596741 0.027552258223295212 0
1653292596756 0.027552258223295212 0
1653292603399 0.031499505043029785 1
1653292603413 0.031499505043029785 1
1653292610832 0.0253458209335804 2
1653292610846 0.0253458209335804 2
1653292617669 0.029572172090411186 3
1653292617683 0.029572172090411186 3
1653292625100 0.024490393698215485 4
1653292625115 0.024490393698215485 4
1653292631984 0.030327485874295235 5
1653292631998 0.030327485874295235 5
1653292638840 0.024592557922005653 6
1653292638855 0.024592557922005653 6
1653292645587 0.02825818955898285 7
1653292645601 0.02825818955898285 7
1653292653318 0.023613858968019485 8
1653292653332 0.023613858968019485 8
1653292660593 0.02206583507359028 9
1653292660608 0.02206583507359028 9
1653292667310 0.017113570123910904 10
1653292667326 0.017113570123910904 10
1653292674955 0.01908375695347786 11
1653292674971 0.01908375695347786 11
1653292682494 0.01635473221540451 12
1653292682509 0.01635473221540451 12
1653292689871 0.019255707040429115 13
1653292689892 0.019255707040429115 13
1653292696593 0.015194802545011044 14
1653292696607 0.015194802545011044 14
1653292704359 0.015736185014247894 15
1653292704375 0.015736185014247894 15
1653292710936 0.01161221507936716 16
1653292710951 0.01161221507936716 16
1653292718521 0.013437284156680107 17
1653292718537 0.013437284156680107 17
1653292725590 0.010270042344927788 18
1653292725604 0.010270042344927788 18
1653292732033 0.01308071706444025 19
1653292732047 0.01308071706444025 19
