1653292596741 0.24445442855358124 0
1653292596756 0.24445442855358124 0
1653292603399 0.24405713379383087 1
1653292603413 0.24405713379383087 1
1653292610832 0.23900963366031647 2
1653292610846 0.23900963366031647 2
1653292617669 0.23353159427642822 3
1653292617683 0.23353159427642822 3
1653292625100 0.23226158320903778 4
1653292625115 0.23226158320903778 4
1653292631984 0.20373104512691498 5
1653292631998 0.20373104512691498 5
1653292638840 0.2300165593624115 6
1653292638855 0.2300165593624115 6
1653292645587 0.2032032459974289 7
1653292645601 0.2032032459974289 7
1653292653318 0.18375132977962494 8
1653292653332 0.18375132977962494 8
1653292660593 0.20665563642978668 9
1653292660608 0.20665563642978668 9
1653292667310 0.1632363200187683 10
1653292667326 0.1632363200187683 10
1653292674955 0.2112605720758438 11
1653292674971 0.2112605720758438 11
1653292682494 0.17132918536663055 12
1653292682509 0.17132918536663055 12
1653292689871 0.17663484811782837 13
1653292689892 0.17663484811782837 13
1653292696593 0.17883069813251495 14
1653292696607 0.17883069813251495 14
1653292704359 0.1667223870754242 15
1653292704375 0.1667223870754242 15
1653292710936 0.15106326341629028 16
1653292710951 0.15106326341629028 16
1653292718521 0.16822755336761475 17
1653292718537 0.16822755336761475 17
1653292725590 0.15648740530014038 18
1653292725604 0.15648740530014038 18
1653292732033 0.14593352377414703 19
1653292732047 0.14593352377414703 19
