1653292596741 0.1311320960521698 0
1653292596756 0.1311320960521698 0
1653292603399 0.12749633193016052 1
1653292603413 0.12749633193016052 1
1653292610832 0.1097763180732727 2
1653292610846 0.1097763180732727 2
1653292617669 0.11308236420154572 3
1653292617683 0.11308236420154572 3
1653292625100 0.07499458640813828 4
1653292625115 0.07499458640813828 4
1653292631984 0.048630718141794205 5
1653292631998 0.048630718141794205 5
1653292638840 0.02577129751443863 6
1653292638855 0.02577129751443863 6
1653292645587 0.02548365667462349 7
1653292645601 0.02548365667462349 7
1653292653318 0.022101297974586487 8
1653292653332 0.022101297974586487 8
1653292660593 0.02203013189136982 9
1653292660608 0.02203013189136982 9
1653292667310 0.01404100377112627 10
1653292667326 0.01404100377112627 10
1653292674955 0.022896455600857735 11
1653292674971 0.022896455600857735 11
1653292682494 0.015162612311542034 12
1653292682509 0.015162612311542034 12
1653292689871 0.017319537699222565 13
1653292689892 0.017319537699222565 13
1653292696593 0.015255986712872982 14
1653292696607 0.015255986712872982 14
1653292704359 0.013351017609238625 15
1653292704375 0.013351017609238625 15
1653292710936 0.012391804717481136 16
1653292710951 0.012391804717481136 16
1653292718521 0.01400317158550024 17
1653292718537 0.01400317158550024 17
1653292725590 0.016578014940023422 18
1653292725604 0.016578014940023422 18
1653292732033 0.018470391631126404 19
1653292732047 0.018470391631126404 19
