1653292904260 0.5237755179405212 0
1653292904276 0.5237755179405212 0
1653292912630 0.5449603796005249 1
1653292912647 0.5449603796005249 1
1653292919300 0.5781496167182922 2
1653292919315 0.5781496167182922 2
1653292926096 0.6437909007072449 3
1653292926110 0.6437909007072449 3
1653292933315 0.6922723054885864 4
1653292933330 0.6922723054885864 4
1653292940999 0.7349590063095093 5
1653292941013 0.7349590063095093 5
1653292948462 0.7615018486976624 6
1653292948478 0.7615018486976624 6
1653292955764 0.7823246717453003 7
1653292955780 0.7823246717453003 7
1653292962306 0.7965477108955383 8
1653292962321 0.7965477108955383 8
1653292969150 0.7835839986801147 9
1653292969164 0.7835839986801147 9
1653292976503 0.7995268106460571 10
1653292976518 0.7995268106460571 10
1653292983931 0.806048572063446 11
1653292983947 0.806048572063446 11
1653292992015 0.8160632252693176 12
1653292992031 0.8160632252693176 12
1653293000155 0.8252132534980774 13
1653293000171 0.8252132534980774 13
1653293007415 0.8045564293861389 14
1653293007430 0.8045564293861389 14
1653293014712 0.8257325291633606 15
1653293014728 0.8257325291633606 15
1653293022118 0.8289598822593689 16
1653293022134 0.8289598822593689 16
1653293029502 0.8274936676025391 17
1653293029518 0.8274936676025391 17
1653293035882 0.8260144591331482 18
1653293035897 0.8260144591331482 18
1653293042379 0.8376014232635498 19
1653293042393 0.8376014232635498 19
