1653292904260 0.6393511295318604 0
1653292904276 0.6393511295318604 0
1653292912630 0.6286436915397644 1
1653292912647 0.6286436915397644 1
1653292919300 0.6297129988670349 2
1653292919315 0.6297129988670349 2
1653292926096 0.6129539012908936 3
1653292926110 0.6129539012908936 3
1653292933315 0.5821686387062073 4
1653292933330 0.5821686387062073 4
1653292940999 0.559165358543396 5
1653292941013 0.559165358543396 5
1653292948462 0.5317410230636597 6
1653292948478 0.5317410230636597 6
1653292955764 0.5126840472221375 7
1653292955780 0.5126840472221375 7
1653292962306 0.49222123622894287 8
1653292962321 0.49222123622894287 8
1653292969150 0.5019039511680603 9
1653292969164 0.5019039511680603 9
1653292976503 0.48438069224357605 10
1653292976518 0.48438069224357605 10
1653292983931 0.48729023337364197 11
1653292983947 0.48729023337364197 11
1653292992015 0.46726125478744507 12
1653292992031 0.46726125478744507 12
1653293000155 0.4541914463043213 13
1653293000171 0.4541914463043213 13
1653293007415 0.4833007752895355 14
1653293007430 0.4833007752895355 14
1653293014712 0.45469650626182556 15
1653293014728 0.45469650626182556 15
1653293022118 0.44618067145347595 16
1653293022134 0.44618067145347595 16
1653293029502 0.458406001329422 17
1653293029518 0.458406001329422 17
1653293035882 0.4513172507286072 18
1653293035897 0.4513172507286072 18
1653293042379 0.44243642687797546 19
1653293042393 0.44243642687797546 19
