1653292904260 0.22052454948425293 0
1653292904276 0.22052454948425293 0
1653292912630 0.21735641360282898 1
1653292912647 0.21735641360282898 1
1653292919300 0.21750633418560028 2
1653292919315 0.21750633418560028 2
1653292926096 0.21148301661014557 3
1653292926110 0.21148301661014557 3
1653292933315 0.19348527491092682 4
1653292933330 0.19348527491092682 4
1653292940999 0.18468667566776276 5
1653292941013 0.18468667566776276 5
1653292948462 0.17326708137989044 6
1653292948478 0.17326708137989044 6
1653292955764 0.1644771248102188 7
1653292955780 0.1644771248102188 7
1653292962306 0.1586398333311081 8
1653292962321 0.1586398333311081 8
1653292969150 0.15814097225666046 9
1653292969164 0.15814097225666046 9
1653292976503 0.15285293757915497 10
1653292976518 0.15285293757915497 10
1653292983931 0.15159720182418823 11
1653292983947 0.15159720182418823 11
1653292992015 0.14222905039787292 12
1653292992031 0.14222905039787292 12
1653293000155 0.1380005031824112 13
1653293000171 0.1380005031824112 13
1653293007415 0.14863988757133484 14
1653293007430 0.14863988757133484 14
1653293014712 0.13567252457141876 15
1653293014728 0.13567252457141876 15
1653293022118 0.12439430505037308 16
1653293022134 0.12439430505037308 16
1653293029502 0.13110408186912537 17
1653293029518 0.13110408186912537 17
1653293035882 0.127022385597229 18
1653293035897 0.127022385597229 18
1653293042379 0.12365803867578506 19
1653293042393 0.12365803867578506 19
