1653292904260 0.09861982613801956 0
1653292904276 0.09861982613801956 0
1653292912630 0.10065897554159164 1
1653292912647 0.10065897554159164 1
1653292919300 0.09774505347013474 2
1653292919315 0.09774505347013474 2
1653292926096 0.09766042977571487 3
1653292926110 0.09766042977571487 3
1653292933315 0.08141856640577316 4
1653292933330 0.08141856640577316 4
1653292940999 0.07485409080982208 5
1653292941013 0.07485409080982208 5
1653292948462 0.06328794360160828 6
1653292948478 0.06328794360160828 6
1653292955764 0.057682909071445465 7
1653292955780 0.057682909071445465 7
1653292962306 0.05435843765735626 8
1653292962321 0.05435843765735626 8
1653292969150 0.05235174670815468 9
1653292969164 0.05235174670815468 9
1653292976503 0.05314171686768532 10
1653292976518 0.05314171686768532 10
1653292983931 0.04692598804831505 11
1653292983947 0.04692598804831505 11
1653292992015 0.05087318271398544 12
1653292992031 0.05087318271398544 12
1653293000155 0.04237072542309761 13
1653293000171 0.04237072542309761 13
1653293007415 0.04600086435675621 14
1653293007430 0.04600086435675621 14
1653293014712 0.0409444235265255 15
1653293014728 0.0409444235265255 15
1653293022118 0.03746504709124565 16
1653293022134 0.03746504709124565 16
1653293029502 0.04349532723426819 17
1653293029518 0.04349532723426819 17
1653293035882 0.03359636291861534 18
1653293035897 0.03359636291861534 18
1653293042379 0.03919773921370506 19
1653293042393 0.03919773921370506 19
