1653292904260 0.6747503876686096 0
1653292904276 0.6747503876686096 0
1653292912630 0.6663130521774292 1
1653292912647 0.6663130521774292 1
1653292919300 0.6632704734802246 2
1653292919315 0.6632704734802246 2
1653292926096 0.6382575631141663 3
1653292926110 0.6382575631141663 3
1653292933315 0.5625882148742676 4
1653292933330 0.5625882148742676 4
1653292940999 0.5186982750892639 5
1653292941013 0.5186982750892639 5
1653292948462 0.45983564853668213 6
1653292948478 0.45983564853668213 6
1653292955764 0.4488927125930786 7
1653292955780 0.4488927125930786 7
1653292962306 0.42055273056030273 8
1653292962321 0.42055273056030273 8
1653292969150 0.4465150833129883 9
1653292969164 0.4465150833129883 9
1653292976503 0.41828903555870056 10
1653292976518 0.41828903555870056 10
1653292983931 0.42817312479019165 11
1653292983947 0.42817312479019165 11
1653292992015 0.4017811417579651 12
1653292992031 0.4017811417579651 12
1653293000155 0.3874198794364929 13
1653293000171 0.3874198794364929 13
1653293007415 0.4194171726703644 14
1653293007430 0.4194171726703644 14
1653293014712 0.3778102695941925 15
1653293014728 0.3778102695941925 15
1653293022118 0.38125669956207275 16
1653293022134 0.38125669956207275 16
1653293029502 0.3940546214580536 17
1653293029518 0.3940546214580536 17
1653293035882 0.3852137625217438 18
1653293035897 0.3852137625217438 18
1653293042379 0.36989447474479675 19
1653293042393 0.36989447474479675 19
