1653292904260 0.02870679460465908 0
1653292904276 0.02870679460465908 0
1653292912630 0.028445612639188766 1
1653292912647 0.028445612639188766 1
1653292919300 0.027639325708150864 2
1653292919315 0.027639325708150864 2
1653292926096 0.02963893488049507 3
1653292926110 0.02963893488049507 3
1653292933315 0.025206567719578743 4
1653292933330 0.025206567719578743 4
1653292940999 0.025560909882187843 5
1653292941013 0.025560909882187843 5
1653292948462 0.028318703174591064 6
1653292948478 0.028318703174591064 6
1653292955764 0.02088848315179348 7
1653292955780 0.02088848315179348 7
1653292962306 0.020730968564748764 8
1653292962321 0.020730968564748764 8
1653292969150 0.017968079075217247 9
1653292969164 0.017968079075217247 9
1653292976503 0.01973043382167816 10
1653292976518 0.01973043382167816 10
1653292983931 0.019625045359134674 11
1653292983947 0.019625045359134674 11
1653292992015 0.01529757957905531 12
1653292992031 0.01529757957905531 12
1653293000155 0.015964262187480927 13
1653293000171 0.015964262187480927 13
1653293007415 0.014527082443237305 14
1653293007430 0.014527082443237305 14
1653293014712 0.01450746413320303 15
1653293014728 0.01450746413320303 15
1653293022118 0.014321738854050636 16
1653293022134 0.014321738854050636 16
1653293029502 0.014350414276123047 17
1653293029518 0.014350414276123047 17
1653293035882 0.012056154198944569 18
1653293035897 0.012056154198944569 18
1653293042379 0.012509777210652828 19
1653293042393 0.012509777210652828 19
