1653292904260 0.2424047887325287 0
1653292904276 0.2424047887325287 0
1653292912630 0.2368251532316208 1
1653292912647 0.2368251532316208 1
1653292919300 0.24184738099575043 2
1653292919315 0.24184738099575043 2
1653292926096 0.23263481259346008 3
1653292926110 0.23263481259346008 3
1653292933315 0.21874503791332245 4
1653292933330 0.21874503791332245 4
1653292940999 0.2208813726902008 5
1653292941013 0.2208813726902008 5
1653292948462 0.21104443073272705 6
1653292948478 0.21104443073272705 6
1653292955764 0.1909569799900055 7
1653292955780 0.1909569799900055 7
1653292962306 0.20606495440006256 8
1653292962321 0.20606495440006256 8
1653292969150 0.18017573654651642 9
1653292969164 0.18017573654651642 9
1653292976503 0.19367948174476624 10
1653292976518 0.19367948174476624 10
1653292983931 0.1762205958366394 11
1653292983947 0.1762205958366394 11
1653292992015 0.17536965012550354 12
1653292992031 0.17536965012550354 12
1653293000155 0.16987577080726624 13
1653293000171 0.16987577080726624 13
1653293007415 0.18948587775230408 14
1653293007430 0.18948587775230408 14
1653293014712 0.17338889837265015 15
1653293014728 0.17338889837265015 15
1653293022118 0.12984560430049896 16
1653293022134 0.12984560430049896 16
1653293029502 0.15432697534561157 17
1653293029518 0.15432697534561157 17
1653293035882 0.1514628529548645 18
1653293035897 0.1514628529548645 18
1653293042379 0.1495828926563263 19
1653293042393 0.1495828926563263 19
