1653292904260 0.10434368252754211 0
1653292904276 0.10434368252754211 0
1653292912630 0.10090512037277222 1
1653292912647 0.10090512037277222 1
1653292919300 0.10243859142065048 2
1653292919315 0.10243859142065048 2
1653292926096 0.09960903972387314 3
1653292926110 0.09960903972387314 3
1653292933315 0.0994761511683464 4
1653292933330 0.0994761511683464 4
1653292940999 0.09484080225229263 5
1653292941013 0.09484080225229263 5
1653292948462 0.1002313643693924 6
1653292948478 0.1002313643693924 6
1653292955764 0.1017758920788765 7
1653292955780 0.1017758920788765 7
1653292962306 0.08810897171497345 8
1653292962321 0.08810897171497345 8
1653292969150 0.09411963075399399 9
1653292969164 0.09411963075399399 9
1653292976503 0.0770576000213623 10
1653292976518 0.0770576000213623 10
1653292983931 0.08537089079618454 11
1653292983947 0.08537089079618454 11
1653292992015 0.06388766318559647 12
1653292992031 0.06388766318559647 12
1653293000155 0.06907201558351517 13
1653293000171 0.06907201558351517 13
1653293007415 0.07255105674266815 14
1653293007430 0.07255105674266815 14
1653293014712 0.06288599967956543 15
1653293014728 0.06288599967956543 15
1653293022118 0.049907270818948746 16
1653293022134 0.049907270818948746 16
1653293029502 0.043678898364305496 17
1653293029518 0.043678898364305496 17
1653293035882 0.04638790711760521 18
1653293035897 0.04638790711760521 18
1653293042379 0.03763115406036377 19
1653293042393 0.03763115406036377 19
