1653294639259 0.6415358185768127 0
1653294639277 0.6415358185768127 0
1653294645790 0.6308284401893616 1
1653294645805 0.6308284401893616 1
1653294652736 0.6261973977088928 2
1653294652751 0.6261973977088928 2
1653294659291 0.6098678112030029 3
1653294659306 0.6098678112030029 3
1653294666001 0.5831620097160339 4
1653294666017 0.5831620097160339 4
1653294672628 0.5486612915992737 5
1653294672642 0.5486612915992737 5
1653294680083 0.5293242931365967 6
1653294680098 0.5293242931365967 6
1653294686887 0.5156077146530151 7
1653294686901 0.5156077146530151 7
1653294693926 0.5103196501731873 8
1653294693941 0.5103196501731873 8
1653294701203 0.49607208371162415 9
1653294701219 0.49607208371162415 9
1653294708375 0.471913605928421 10
1653294708389 0.471913605928421 10
1653294715628 0.4878876805305481 11
1653294715644 0.4878876805305481 11
1653294722085 0.4818781614303589 12
1653294722100 0.4818781614303589 12
1653294728615 0.47264912724494934 13
1653294728629 0.47264912724494934 13
1653294735269 0.4641372561454773 14
1653294735284 0.4641372561454773 14
1653294741581 0.47178593277931213 15
1653294741596 0.47178593277931213 15
1653294749332 0.4455837607383728 16
1653294749348 0.4455837607383728 16
1653294756134 0.4606199264526367 17
1653294756149 0.4606199264526367 17
1653294762965 0.4748300611972809 18
1653294762979 0.4748300611972809 18
1653294769329 0.4497956931591034 19
1653294769344 0.4497956931591034 19
