1653294639259 0.5120803117752075 0
1653294639277 0.5120803117752075 0
1653294645790 0.5500741600990295 1
1653294645805 0.5500741600990295 1
1653294652736 0.5997345447540283 2
1653294652751 0.5997345447540283 2
1653294659291 0.640058159828186 3
1653294659306 0.640058159828186 3
1653294666001 0.7013306617736816 4
1653294666017 0.7013306617736816 4
1653294672628 0.7450778484344482 5
1653294672642 0.7450778484344482 5
1653294680083 0.763116180896759 6
1653294680098 0.763116180896759 6
1653294686887 0.7739530801773071 7
1653294686901 0.7739530801773071 7
1653294693926 0.7801532745361328 8
1653294693941 0.7801532745361328 8
1653294701203 0.7946234941482544 9
1653294701219 0.7946234941482544 9
1653294708375 0.8123161792755127 10
1653294708389 0.8123161792755127 10
1653294715628 0.7961714863777161 11
1653294715644 0.7961714863777161 11
1653294722085 0.8087680339813232 12
1653294722100 0.8087680339813232 12
1653294728615 0.8087188601493835 13
1653294728629 0.8087188601493835 13
1653294735269 0.8189918398857117 14
1653294735284 0.8189918398857117 14
1653294741581 0.8111384510993958 15
1653294741596 0.8111384510993958 15
1653294749332 0.832241415977478 16
1653294749348 0.832241415977478 16
1653294756134 0.820255696773529 17
1653294756149 0.820255696773529 17
1653294762965 0.8112337589263916 18
1653294762979 0.8112337589263916 18
1653294769329 0.8304010033607483 19
1653294769344 0.8304010033607483 19
