1653294639259 0.3402791917324066 0
1653294639277 0.3402791917324066 0
1653294645790 0.3174732029438019 1
1653294645805 0.3174732029438019 1
1653294652736 0.33073553442955017 2
1653294652751 0.33073553442955017 2
1653294659291 0.3240862786769867 3
1653294659306 0.3240862786769867 3
1653294666001 0.3085419237613678 4
1653294666017 0.3085419237613678 4
1653294672628 0.2984853982925415 5
1653294672642 0.2984853982925415 5
1653294680083 0.24603170156478882 6
1653294680098 0.24603170156478882 6
1653294686887 0.2728743851184845 7
1653294686901 0.2728743851184845 7
1653294693926 0.2655090093612671 8
1653294693941 0.2655090093612671 8
1653294701203 0.22338740527629852 9
1653294701219 0.22338740527629852 9
1653294708375 0.208135187625885 10
1653294708389 0.208135187625885 10
1653294715628 0.24084000289440155 11
1653294715644 0.24084000289440155 11
1653294722085 0.19955185055732727 12
1653294722100 0.19955185055732727 12
1653294728615 0.2111360728740692 13
1653294728629 0.2111360728740692 13
1653294735269 0.1990591436624527 14
1653294735284 0.1990591436624527 14
1653294741581 0.19618664681911469 15
1653294741596 0.19618664681911469 15
1653294749332 0.17661601305007935 16
1653294749348 0.17661601305007935 16
1653294756134 0.18506383895874023 17
1653294756149 0.18506383895874023 17
1653294762965 0.18155397474765778 18
1653294762979 0.18155397474765778 18
1653294769329 0.17009392380714417 19
1653294769344 0.17009392380714417 19
