1653294639259 1.1902879476547241 0
1653294639277 1.1902879476547241 0
1653294645790 1.0152667760849 1
1653294645805 1.0152667760849 1
1653294652736 1.1214089393615723 2
1653294652751 1.1214089393615723 2
1653294659291 1.149246335029602 3
1653294659306 1.149246335029602 3
1653294666001 1.158380150794983 4
1653294666017 1.158380150794983 4
1653294672628 1.2199831008911133 5
1653294672642 1.2199831008911133 5
1653294680083 0.7944138050079346 6
1653294680098 0.7944138050079346 6
1653294686887 1.055785059928894 7
1653294686901 1.055785059928894 7
1653294693926 1.072378158569336 8
1653294693941 1.072378158569336 8
1653294701203 0.7012971043586731 9
1653294701219 0.7012971043586731 9
1653294708375 0.6210066080093384 10
1653294708389 0.6210066080093384 10
1653294715628 0.8833543658256531 11
1653294715644 0.8833543658256531 11
1653294722085 0.5816759467124939 12
1653294722100 0.5816759467124939 12
1653294728615 0.6491393446922302 13
1653294728629 0.6491393446922302 13
1653294735269 0.5624479055404663 14
1653294735284 0.5624479055404663 14
1653294741581 0.541520357131958 15
1653294741596 0.541520357131958 15
1653294749332 0.40812838077545166 16
1653294749348 0.40812838077545166 16
1653294756134 0.43301376700401306 17
1653294756149 0.43301376700401306 17
1653294762965 0.4120267331600189 18
1653294762979 0.4120267331600189 18
1653294769329 0.3604772686958313 19
1653294769344 0.3604772686958313 19
