1653294639259 0.10086141526699066 0
1653294639277 0.10086141526699066 0
1653294645790 0.09276199340820312 1
1653294645805 0.09276199340820312 1
1653294652736 0.10401127487421036 2
1653294652751 0.10401127487421036 2
1653294659291 0.1008828654885292 3
1653294659306 0.1008828654885292 3
1653294666001 0.08987565338611603 4
1653294666017 0.08987565338611603 4
1653294672628 0.07337639480829239 5
1653294672642 0.07337639480829239 5
1653294680083 0.061885491013526917 6
1653294680098 0.061885491013526917 6
1653294686887 0.05994412675499916 7
1653294686901 0.05994412675499916 7
1653294693926 0.05520317703485489 8
1653294693941 0.05520317703485489 8
1653294701203 0.05041336268186569 9
1653294701219 0.05041336268186569 9
1653294708375 0.04902612790465355 10
1653294708389 0.04902612790465355 10
1653294715628 0.050989359617233276 11
1653294715644 0.050989359617233276 11
1653294722085 0.04356319457292557 12
1653294722100 0.04356319457292557 12
1653294728615 0.04452485218644142 13
1653294728629 0.04452485218644142 13
1653294735269 0.052915316075086594 14
1653294735284 0.052915316075086594 14
1653294741581 0.0451110415160656 15
1653294741596 0.0451110415160656 15
1653294749332 0.04214264079928398 16
1653294749348 0.04214264079928398 16
1653294756134 0.04426758736371994 17
1653294756149 0.04426758736371994 17
1653294762965 0.043457772582769394 18
1653294762979 0.043457772582769394 18
1653294769329 0.04462604969739914 19
1653294769344 0.04462604969739914 19
