1653294639259 0.6754960417747498 0
1653294639277 0.6754960417747498 0
1653294645790 0.6724362969398499 1
1653294645805 0.6724362969398499 1
1653294652736 0.6460714936256409 2
1653294652751 0.6460714936256409 2
1653294659291 0.6215556859970093 3
1653294659306 0.6215556859970093 3
1653294666001 0.5474101901054382 4
1653294666017 0.5474101901054382 4
1653294672628 0.4798579812049866 5
1653294672642 0.4798579812049866 5
1653294680083 0.47339221835136414 6
1653294680098 0.47339221835136414 6
1653294686887 0.45502686500549316 7
1653294686901 0.45502686500549316 7
1653294693926 0.44220229983329773 8
1653294693941 0.44220229983329773 8
1653294701203 0.4320673644542694 9
1653294701219 0.4320673644542694 9
1653294708375 0.3986453711986542 10
1653294708389 0.3986453711986542 10
1653294715628 0.4331611096858978 11
1653294715644 0.4331611096858978 11
1653294722085 0.4064822494983673 12
1653294722100 0.4064822494983673 12
1653294728615 0.3999830484390259 13
1653294728629 0.3999830484390259 13
1653294735269 0.40104004740715027 14
1653294735284 0.40104004740715027 14
1653294741581 0.40496987104415894 15
1653294741596 0.40496987104415894 15
1653294749332 0.3883334696292877 16
1653294749348 0.3883334696292877 16
1653294756134 0.40446901321411133 17
1653294756149 0.40446901321411133 17
1653294762965 0.4102531969547272 18
1653294762979 0.4102531969547272 18
1653294769329 0.380219966173172 19
1653294769344 0.380219966173172 19
