1653294639259 0.028198713436722755 0
1653294639277 0.028198713436722755 0
1653294645790 0.029528265818953514 1
1653294645805 0.029528265818953514 1
1653294652736 0.02836001105606556 2
1653294652751 0.02836001105606556 2
1653294659291 0.02561405673623085 3
1653294659306 0.02561405673623085 3
1653294666001 0.027750590816140175 4
1653294666017 0.027750590816140175 4
1653294672628 0.030477479100227356 5
1653294672642 0.030477479100227356 5
1653294680083 0.025120362639427185 6
1653294680098 0.025120362639427185 6
1653294686887 0.02581203542649746 7
1653294686901 0.02581203542649746 7
1653294693926 0.023033559322357178 8
1653294693941 0.023033559322357178 8
1653294701203 0.018232839182019234 9
1653294701219 0.018232839182019234 9
1653294708375 0.021080542355775833 10
1653294708389 0.021080542355775833 10
1653294715628 0.01998678408563137 11
1653294715644 0.01998678408563137 11
1653294722085 0.01607697643339634 12
1653294722100 0.01607697643339634 12
1653294728615 0.018710851669311523 13
1653294728629 0.018710851669311523 13
1653294735269 0.01701931096613407 14
1653294735284 0.01701931096613407 14
1653294741581 0.01474328339099884 15
1653294741596 0.01474328339099884 15
1653294749332 0.015904106199741364 16
1653294749348 0.015904106199741364 16
1653294756134 0.017377767711877823 17
1653294756149 0.017377767711877823 17
1653294762965 0.01448005996644497 18
1653294762979 0.01448005996644497 18
1653294769329 0.014753274619579315 19
1653294769344 0.014753274619579315 19
