1653294639259 0.24554532766342163 0
1653294639277 0.24554532766342163 0
1653294645790 0.22868159413337708 1
1653294645805 0.22868159413337708 1
1653294652736 0.2529999017715454 2
1653294652751 0.2529999017715454 2
1653294659291 0.23727190494537354 3
1653294659306 0.23727190494537354 3
1653294666001 0.22642703354358673 4
1653294666017 0.22642703354358673 4
1653294672628 0.22340647876262665 5
1653294672642 0.22340647876262665 5
1653294680083 0.19488517940044403 6
1653294680098 0.19488517940044403 6
1653294686887 0.22612319886684418 7
1653294686901 0.22612319886684418 7
1653294693926 0.20107342302799225 8
1653294693941 0.20107342302799225 8
1653294701203 0.19021351635456085 9
1653294701219 0.19021351635456085 9
1653294708375 0.18305879831314087 10
1653294708389 0.18305879831314087 10
1653294715628 0.19194938242435455 11
1653294715644 0.19194938242435455 11
1653294722085 0.1612224131822586 12
1653294722100 0.1612224131822586 12
1653294728615 0.19188621640205383 13
1653294728629 0.19188621640205383 13
1653294735269 0.16773538291454315 14
1653294735284 0.16773538291454315 14
1653294741581 0.16902083158493042 15
1653294741596 0.16902083158493042 15
1653294749332 0.15920288860797882 16
1653294749348 0.15920288860797882 16
1653294756134 0.16783979535102844 17
1653294756149 0.16783979535102844 17
1653294762965 0.15410111844539642 18
1653294762979 0.15410111844539642 18
1653294769329 0.1508239209651947 19
1653294769344 0.1508239209651947 19
