1653303487349 0.6409554481506348 0
1653303487369 0.6409554481506348 0
1653303494145 0.6320843696594238 1
1653303494162 0.6320843696594238 1
1653303500741 0.6296101808547974 2
1653303500758 0.6296101808547974 2
1653303508262 0.6134124398231506 3
1653303508280 0.6134124398231506 3
1653303516438 0.5972816348075867 4
1653303516456 0.5972816348075867 4
1653303523366 0.5554596781730652 5
1653303523384 0.5554596781730652 5
1653303530266 0.5469809770584106 6
1653303530283 0.5469809770584106 6
1653303536577 0.5174815058708191 7
1653303536595 0.5174815058708191 7
1653303543378 0.49598440527915955 8
1653303543396 0.49598440527915955 8
1653303550892 0.4943964183330536 9
1653303550910 0.4943964183330536 9
1653303557419 0.4875742495059967 10
1653303557436 0.4875742495059967 10
1653303564886 0.4911902844905853 11
1653303564906 0.4911902844905853 11
1653303572624 0.47433099150657654 12
1653303572646 0.47433099150657654 12
1653303580547 0.4626939296722412 13
1653303580565 0.4626939296722412 13
1653303587792 0.4647334814071655 14
1653303587812 0.4647334814071655 14
1653303595078 0.469065397977829 15
1653303595096 0.469065397977829 15
1653303601496 0.452965646982193 16
1653303601514 0.452965646982193 16
1653303608901 0.46286189556121826 17
1653303608919 0.46286189556121826 17
1653303615347 0.4614957273006439 18
1653303615364 0.4614957273006439 18
1653303621733 0.44469985365867615 19
1653303621751 0.44469985365867615 19
