1653303487349 0.5123987197875977 0
1653303487369 0.5123987197875977 0
1653303494145 0.5302372574806213 1
1653303494162 0.5302372574806213 1
1653303500741 0.576850414276123 2
1653303500758 0.576850414276123 2
1653303508262 0.6382378935813904 3
1653303508280 0.6382378935813904 3
1653303516438 0.6738384366035461 4
1653303516456 0.6738384366035461 4
1653303523366 0.7356088161468506 5
1653303523384 0.7356088161468506 5
1653303530266 0.7450432181358337 6
1653303530283 0.7450432181358337 6
1653303536577 0.7754265666007996 7
1653303536595 0.7754265666007996 7
1653303543378 0.7904807925224304 8
1653303543396 0.7904807925224304 8
1653303550892 0.7976565957069397 9
1653303550910 0.7976565957069397 9
1653303557419 0.8007799386978149 10
1653303557436 0.8007799386978149 10
1653303564886 0.794813871383667 11
1653303564906 0.794813871383667 11
1653303572624 0.8133343458175659 12
1653303572646 0.8133343458175659 12
1653303580547 0.810444712638855 13
1653303580565 0.810444712638855 13
1653303587792 0.8233227729797363 14
1653303587812 0.8233227729797363 14
1653303595078 0.8091681003570557 15
1653303595096 0.8091681003570557 15
1653303601496 0.8282730579376221 16
1653303601514 0.8282730579376221 16
1653303608901 0.8213425278663635 17
1653303608919 0.8213425278663635 17
1653303615347 0.8199129700660706 18
1653303615364 0.8199129700660706 18
1653303621733 0.832025408744812 19
1653303621751 0.832025408744812 19
