1653303487349 0.3494813144207001 0
1653303487369 0.3494813144207001 0
1653303494145 0.3228549361228943 1
1653303494162 0.3228549361228943 1
1653303500741 0.26584914326667786 2
1653303500758 0.26584914326667786 2
1653303508262 0.2417362779378891 3
1653303508280 0.2417362779378891 3
1653303516438 0.2150116264820099 4
1653303516456 0.2150116264820099 4
1653303523366 0.19499647617340088 5
1653303523384 0.19499647617340088 5
1653303530266 0.18671323359012604 6
1653303530283 0.18671323359012604 6
1653303536577 0.16955304145812988 7
1653303536595 0.16955304145812988 7
1653303543378 0.15723466873168945 8
1653303543396 0.15723466873168945 8
1653303550892 0.16010037064552307 9
1653303550910 0.16010037064552307 9
1653303557419 0.14873534440994263 10
1653303557436 0.14873534440994263 10
1653303564886 0.1491718739271164 11
1653303564906 0.1491718739271164 11
1653303572624 0.1473747193813324 12
1653303572646 0.1473747193813324 12
1653303580547 0.13634724915027618 13
1653303580565 0.13634724915027618 13
1653303587792 0.13743284344673157 14
1653303587812 0.13743284344673157 14
1653303595078 0.13595609366893768 15
1653303595096 0.13595609366893768 15
1653303601496 0.13309411704540253 16
1653303601514 0.13309411704540253 16
1653303608901 0.13112251460552216 17
1653303608919 0.13112251460552216 17
1653303615347 0.1354527771472931 18
1653303615364 0.1354527771472931 18
1653303621733 0.12446678429841995 19
1653303621751 0.12446678429841995 19
