1653303487349 0.2050803005695343 0
1653303487369 0.2050803005695343 0
1653303494145 0.20630480349063873 1
1653303494162 0.20630480349063873 1
1653303500741 0.1488943248987198 2
1653303500758 0.1488943248987198 2
1653303508262 0.11717446893453598 3
1653303508280 0.11717446893453598 3
1653303516438 0.10668580234050751 4
1653303516456 0.10668580234050751 4
1653303523366 0.08546029031276703 5
1653303523384 0.08546029031276703 5
1653303530266 0.07294141501188278 6
1653303530283 0.07294141501188278 6
1653303536577 0.0629027783870697 7
1653303536595 0.0629027783870697 7
1653303543378 0.05011988431215286 8
1653303543396 0.05011988431215286 8
1653303550892 0.06289114058017731 9
1653303550910 0.06289114058017731 9
1653303557419 0.0478668175637722 10
1653303557436 0.0478668175637722 10
1653303564886 0.05175643041729927 11
1653303564906 0.05175643041729927 11
1653303572624 0.04857894033193588 12
1653303572646 0.04857894033193588 12
1653303580547 0.046875372529029846 13
1653303580565 0.046875372529029846 13
1653303587792 0.04455219954252243 14
1653303587812 0.04455219954252243 14
1653303595078 0.048086896538734436 15
1653303595096 0.048086896538734436 15
1653303601496 0.04313131049275398 16
1653303601514 0.04313131049275398 16
1653303608901 0.04575762525200844 17
1653303608919 0.04575762525200844 17
1653303615347 0.042744655162096024 18
1653303615364 0.042744655162096024 18
1653303621733 0.04235996678471565 19
1653303621751 0.04235996678471565 19
