1653303487349 0.869198203086853 0
1653303487369 0.869198203086853 0
1653303494145 0.8132419586181641 1
1653303494162 0.8132419586181641 1
1653303500741 0.752027690410614 2
1653303500758 0.752027690410614 2
1653303508262 0.6852975487709045 3
1653303508280 0.6852975487709045 3
1653303516438 0.6011958718299866 4
1653303516456 0.6011958718299866 4
1653303523366 0.532012403011322 5
1653303523384 0.532012403011322 5
1653303530266 0.5035796165466309 6
1653303530283 0.5035796165466309 6
1653303536577 0.45464080572128296 7
1653303536595 0.45464080572128296 7
1653303543378 0.42688924074172974 8
1653303543396 0.42688924074172974 8
1653303550892 0.4525196850299835 9
1653303550910 0.4525196850299835 9
1653303557419 0.413765013217926 10
1653303557436 0.413765013217926 10
1653303564886 0.4295685291290283 11
1653303564906 0.4295685291290283 11
1653303572624 0.4256853461265564 12
1653303572646 0.4256853461265564 12
1653303580547 0.39653757214546204 13
1653303580565 0.39653757214546204 13
1653303587792 0.4027132987976074 14
1653303587812 0.4027132987976074 14
1653303595078 0.4003892242908478 15
1653303595096 0.4003892242908478 15
1653303601496 0.39388492703437805 16
1653303601514 0.39388492703437805 16
1653303608901 0.40006497502326965 17
1653303608919 0.40006497502326965 17
1653303615347 0.39900457859039307 18
1653303615364 0.39900457859039307 18
1653303621733 0.3694850206375122 19
1653303621751 0.3694850206375122 19
