1653303487349 0.058886412531137466 0
1653303487369 0.058886412531137466 0
1653303494145 0.058269329369068146 1
1653303494162 0.058269329369068146 1
1653303500741 0.046660758554935455 2
1653303500758 0.046660758554935455 2
1653303508262 0.03373148292303085 3
1653303508280 0.03373148292303085 3
1653303516438 0.034596558660268784 4
1653303516456 0.034596558660268784 4
1653303523366 0.028589468449354172 5
1653303523384 0.028589468449354172 5
1653303530266 0.027988990768790245 6
1653303530283 0.027988990768790245 6
1653303536577 0.030242307111620903 7
1653303536595 0.030242307111620903 7
1653303543378 0.022359224036335945 8
1653303543396 0.022359224036335945 8
1653303550892 0.022830041125416756 9
1653303550910 0.022830041125416756 9
1653303557419 0.018102150410413742 10
1653303557436 0.018102150410413742 10
1653303564886 0.020702267065644264 11
1653303564906 0.020702267065644264 11
1653303572624 0.017306599766016006 12
1653303572646 0.017306599766016006 12
1653303580547 0.017195595428347588 13
1653303580565 0.017195595428347588 13
1653303587792 0.01572195440530777 14
1653303587812 0.01572195440530777 14
1653303595078 0.013609695248305798 15
1653303595096 0.013609695248305798 15
1653303601496 0.016816625371575356 16
1653303601514 0.016816625371575356 16
1653303608901 0.012957906350493431 17
1653303608919 0.012957906350493431 17
1653303615347 0.015060784295201302 18
1653303615364 0.015060784295201302 18
1653303621733 0.013138562440872192 19
1653303621751 0.013138562440872192 19
