1653303487349 0.5061640739440918 0
1653303487369 0.5061640739440918 0
1653303494145 0.44603756070137024 1
1653303494162 0.44603756070137024 1
1653303500741 0.33218201994895935 2
1653303500758 0.33218201994895935 2
1653303508262 0.30578187108039856 3
1653303508280 0.30578187108039856 3
1653303516438 0.2356123924255371 4
1653303516456 0.2356123924255371 4
1653303523366 0.2433343231678009 5
1653303523384 0.2433343231678009 5
1653303530266 0.24024319648742676 6
1653303530283 0.24024319648742676 6
1653303536577 0.20537877082824707 7
1653303536595 0.20537877082824707 7
1653303543378 0.18939253687858582 8
1653303543396 0.18939253687858582 8
1653303550892 0.18808025121688843 9
1653303550910 0.18808025121688843 9
1653303557419 0.17682331800460815 10
1653303557436 0.17682331800460815 10
1653303564886 0.17869363725185394 11
1653303564906 0.17869363725185394 11
1653303572624 0.1678881198167801 12
1653303572646 0.1678881198167801 12
1653303580547 0.1677270531654358 13
1653303580565 0.1677270531654358 13
1653303587792 0.14979864656925201 14
1653303587812 0.14979864656925201 14
1653303595078 0.17029237747192383 15
1653303595096 0.17029237747192383 15
1653303601496 0.14659184217453003 16
1653303601514 0.14659184217453003 16
1653303608901 0.1513037532567978 17
1653303608919 0.1513037532567978 17
1653303615347 0.17365336418151855 18
1653303615364 0.17365336418151855 18
1653303621733 0.13931113481521606 19
1653303621751 0.13931113481521606 19
