1653303487349 0.261940598487854 0
1653303487369 0.261940598487854 0
1653303494145 0.21725916862487793 1
1653303494162 0.21725916862487793 1
1653303500741 0.14057007431983948 2
1653303500758 0.14057007431983948 2
1653303508262 0.13484260439872742 3
1653303508280 0.13484260439872742 3
1653303516438 0.12720777094364166 4
1653303516456 0.12720777094364166 4
1653303523366 0.10631667822599411 5
1653303523384 0.10631667822599411 5
1653303530266 0.10105530172586441 6
1653303530283 0.10105530172586441 6
1653303536577 0.0938880518078804 7
1653303536595 0.0938880518078804 7
1653303543378 0.09281854331493378 8
1653303543396 0.09281854331493378 8
1653303550892 0.0808415412902832 9
1653303550910 0.0808415412902832 9
1653303557419 0.07952582836151123 10
1653303557436 0.07952582836151123 10
1653303564886 0.06300262361764908 11
1653303564906 0.06300262361764908 11
1653303572624 0.07926314324140549 12
1653303572646 0.07926314324140549 12
1653303580547 0.04836098477244377 13
1653303580565 0.04836098477244377 13
1653303587792 0.06854730099439621 14
1653303587812 0.06854730099439621 14
1653303595078 0.04213718697428703 15
1653303595096 0.04213718697428703 15
1653303601496 0.06002680957317352 16
1653303601514 0.06002680957317352 16
1653303608901 0.04036402329802513 17
1653303608919 0.04036402329802513 17
1653303615347 0.04447189345955849 18
1653303615364 0.04447189345955849 18
1653303621733 0.04579005390405655 19
1653303621751 0.04579005390405655 19
