1653308364272 0.6711734533309937 0
1653308364291 0.6711734533309937 0
1653308376422 0.6401334404945374 1
1653308376441 0.6401334404945374 1
1653308385113 0.6281850934028625 2
1653308385132 0.6281850934028625 2
1653308394523 0.586785078048706 3
1653308394542 0.586785078048706 3
1653308403858 0.584480881690979 4
1653308403876 0.584480881690979 4
1653308413858 0.5483260750770569 5
1653308413877 0.5483260750770569 5
1653308425675 0.5357531309127808 6
1653308425695 0.5357531309127808 6
1653308434259 0.5299965143203735 7
1653308434277 0.5299965143203735 7
1653308444793 0.5094358921051025 8
1653308444811 0.5094358921051025 8
1653308454933 0.5076125860214233 9
1653308454952 0.5076125860214233 9
1653308464937 0.5201805830001831 10
1653308464955 0.5201805830001831 10
1653308473569 0.5103780627250671 11
1653308473588 0.5103780627250671 11
1653308482467 0.49157896637916565 12
1653308482493 0.49157896637916565 12
1653308493038 0.49991098046302795 13
1653308493058 0.49991098046302795 13
1653308503304 0.4868583679199219 14
1653308503322 0.4868583679199219 14
1653308512373 0.4730773866176605 15
1653308512392 0.4730773866176605 15
1653308520900 0.4878355860710144 16
1653308520918 0.4878355860710144 16
1653308529920 0.460523784160614 17
1653308529940 0.460523784160614 17
1653308538405 0.46694156527519226 18
1653308538432 0.46694156527519226 18
1653308548992 0.4601607620716095 19
1653308549011 0.4601607620716095 19
