1653308364272 0.4948327839374542 0
1653308364291 0.4948327839374542 0
1653308376422 0.5245132446289062 1
1653308376441 0.5245132446289062 1
1653308385113 0.579444408416748 2
1653308385132 0.579444408416748 2
1653308394523 0.6731253266334534 3
1653308394542 0.6731253266334534 3
1653308403858 0.691767156124115 4
1653308403876 0.691767156124115 4
1653308413858 0.7401085495948792 5
1653308413877 0.7401085495948792 5
1653308425675 0.7452574968338013 6
1653308425695 0.7452574968338013 6
1653308434259 0.7575429081916809 7
1653308434277 0.7575429081916809 7
1653308444793 0.77283775806427 8
1653308444811 0.77283775806427 8
1653308454933 0.780124306678772 9
1653308454952 0.780124306678772 9
1653308464937 0.767768383026123 10
1653308464955 0.767768383026123 10
1653308473569 0.7763902544975281 11
1653308473588 0.7763902544975281 11
1653308482467 0.799210786819458 12
1653308482493 0.799210786819458 12
1653308493038 0.7862423658370972 13
1653308493058 0.7862423658370972 13
1653308503304 0.7949599623680115 14
1653308503322 0.7949599623680115 14
1653308512373 0.8164104223251343 15
1653308512392 0.8164104223251343 15
1653308520900 0.8016042709350586 16
1653308520918 0.8016042709350586 16
1653308529920 0.8264790773391724 17
1653308529940 0.8264790773391724 17
1653308538405 0.8205972909927368 18
1653308538432 0.8205972909927368 18
1653308548992 0.8257287740707397 19
1653308549011 0.8257287740707397 19
