1653308364272 0.33035627007484436 0
1653308364291 0.33035627007484436 0
1653308376422 0.220879465341568 1
1653308376441 0.220879465341568 1
1653308385113 0.2081255465745926 2
1653308385132 0.2081255465745926 2
1653308394523 0.18411020934581757 3
1653308394542 0.18411020934581757 3
1653308403858 0.17979292571544647 4
1653308403876 0.17979292571544647 4
1653308413858 0.17036280035972595 5
1653308413877 0.17036280035972595 5
1653308425675 0.15640604496002197 6
1653308425695 0.15640604496002197 6
1653308434259 0.1574193388223648 7
1653308434277 0.1574193388223648 7
1653308444793 0.14642536640167236 8
1653308444811 0.14642536640167236 8
1653308454933 0.14528128504753113 9
1653308454952 0.14528128504753113 9
1653308464937 0.14615415036678314 10
1653308464955 0.14615415036678314 10
1653308473569 0.14482013881206512 11
1653308473588 0.14482013881206512 11
1653308482467 0.13514919579029083 12
1653308482493 0.13514919579029083 12
1653308493038 0.1385231465101242 13
1653308493058 0.1385231465101242 13
1653308503304 0.132685586810112 14
1653308503322 0.132685586810112 14
1653308512373 0.12650147080421448 15
1653308512392 0.12650147080421448 15
1653308520900 0.13586413860321045 16
1653308520918 0.13586413860321045 16
1653308529920 0.12039706856012344 17
1653308529940 0.12039706856012344 17
1653308538405 0.1282780021429062 18
1653308538432 0.1282780021429062 18
1653308548992 0.1255158632993698 19
1653308549011 0.1255158632993698 19
