1653308364272 0.13882575929164886 0
1653308364291 0.13882575929164886 0
1653308376422 0.10308931022882462 1
1653308376441 0.10308931022882462 1
1653308385113 0.09023460000753403 2
1653308385132 0.09023460000753403 2
1653308394523 0.08607573062181473 3
1653308394542 0.08607573062181473 3
1653308403858 0.0678013265132904 4
1653308403876 0.0678013265132904 4
1653308413858 0.06130339950323105 5
1653308413877 0.06130339950323105 5
1653308425675 0.0601886510848999 6
1653308425695 0.0601886510848999 6
1653308434259 0.054263342171907425 7
1653308434277 0.054263342171907425 7
1653308444793 0.05267222970724106 8
1653308444811 0.05267222970724106 8
1653308454933 0.042169008404016495 9
1653308454952 0.042169008404016495 9
1653308464937 0.0567469522356987 10
1653308464955 0.0567469522356987 10
1653308473569 0.04940255358815193 11
1653308473588 0.04940255358815193 11
1653308482467 0.04077352210879326 12
1653308482493 0.04077352210879326 12
1653308493038 0.04201284795999527 13
1653308493058 0.04201284795999527 13
1653308503304 0.045170366764068604 14
1653308503322 0.045170366764068604 14
1653308512373 0.04070821776986122 15
1653308512392 0.04070821776986122 15
1653308520900 0.0430714413523674 16
1653308520918 0.0430714413523674 16
1653308529920 0.03690436854958534 17
1653308529940 0.03690436854958534 17
1653308538405 0.036299850791692734 18
1653308538432 0.036299850791692734 18
1653308548992 0.04380364716053009 19
1653308549011 0.04380364716053009 19
