1653308364272 1.1586625576019287 0
1653308364291 1.1586625576019287 0
1653308376422 0.6726607084274292 1
1653308376441 0.6726607084274292 1
1653308385113 0.6355047225952148 2
1653308385132 0.6355047225952148 2
1653308394523 0.549559473991394 3
1653308394542 0.549559473991394 3
1653308403858 0.5634072422981262 4
1653308403876 0.5634072422981262 4
1653308413858 0.5171863436698914 5
1653308413877 0.5171863436698914 5
1653308425675 0.4881064295768738 6
1653308425695 0.4881064295768738 6
1653308434259 0.4612707495689392 7
1653308434277 0.4612707495689392 7
1653308444793 0.45585358142852783 8
1653308444811 0.45585358142852783 8
1653308454933 0.4511306881904602 9
1653308454952 0.4511306881904602 9
1653308464937 0.4650827646255493 10
1653308464955 0.4650827646255493 10
1653308473569 0.4336848855018616 11
1653308473588 0.4336848855018616 11
1653308482467 0.4318859279155731 12
1653308482493 0.4318859279155731 12
1653308493038 0.42538610100746155 13
1653308493058 0.42538610100746155 13
1653308503304 0.4256303608417511 14
1653308503322 0.4256303608417511 14
1653308512373 0.4135136306285858 15
1653308512392 0.4135136306285858 15
1653308520900 0.40672075748443604 16
1653308520918 0.40672075748443604 16
1653308529920 0.383274644613266 17
1653308529940 0.383274644613266 17
1653308538405 0.39350104331970215 18
1653308538432 0.39350104331970215 18
1653308548992 0.3922686278820038 19
1653308549011 0.3922686278820038 19
