1653308364272 0.03872637078166008 0
1653308364291 0.03872637078166008 0
1653308376422 0.02534773014485836 1
1653308376441 0.02534773014485836 1
1653308385113 0.02807668037712574 2
1653308385132 0.02807668037712574 2
1653308394523 0.022929511964321136 3
1653308394542 0.022929511964321136 3
1653308403858 0.03135247528553009 4
1653308403876 0.03135247528553009 4
1653308413858 0.022697359323501587 5
1653308413877 0.022697359323501587 5
1653308425675 0.017158599570393562 6
1653308425695 0.017158599570393562 6
1653308434259 0.018682146444916725 7
1653308434277 0.018682146444916725 7
1653308444793 0.013983785174787045 8
1653308444811 0.013983785174787045 8
1653308454933 0.01097609382122755 9
1653308454952 0.01097609382122755 9
1653308464937 0.011305694468319416 10
1653308464955 0.011305694468319416 10
1653308473569 0.010393889620900154 11
1653308473588 0.010393889620900154 11
1653308482467 0.0075973933562636375 12
1653308482493 0.0075973933562636375 12
1653308493038 0.009603927843272686 13
1653308493058 0.009603927843272686 13
1653308503304 0.00787555892020464 14
1653308503322 0.00787555892020464 14
1653308512373 0.006711972411721945 15
1653308512392 0.006711972411721945 15
1653308520900 0.007314871996641159 16
1653308520918 0.007314871996641159 16
1653308529920 0.0072902170941233635 17
1653308529940 0.0072902170941233635 17
1653308538405 0.007190272212028503 18
1653308538432 0.007190272212028503 18
1653308548992 0.0076332297176122665 19
1653308549011 0.0076332297176122665 19
