1653308364272 0.3429889976978302 0
1653308364291 0.3429889976978302 0
1653308376422 0.2488624006509781 1
1653308376441 0.2488624006509781 1
1653308385113 0.2486697882413864 2
1653308385132 0.2486697882413864 2
1653308394523 0.2263893336057663 3
1653308394542 0.2263893336057663 3
1653308403858 0.2085304856300354 4
1653308403876 0.2085304856300354 4
1653308413858 0.22650304436683655 5
1653308413877 0.22650304436683655 5
1653308425675 0.1803382933139801 6
1653308425695 0.1803382933139801 6
1653308434259 0.22457432746887207 7
1653308434277 0.22457432746887207 7
1653308444793 0.18583375215530396 8
1653308444811 0.18583375215530396 8
1653308454933 0.19373652338981628 9
1653308454952 0.19373652338981628 9
1653308464937 0.17111432552337646 10
1653308464955 0.17111432552337646 10
1653308473569 0.20382019877433777 11
1653308473588 0.20382019877433777 11
1653308482467 0.1743617057800293 12
1653308482493 0.1743617057800293 12
1653308493038 0.17926613986492157 13
1653308493058 0.17926613986492157 13
1653308503304 0.1633964329957962 14
1653308503322 0.1633964329957962 14
1653308512373 0.14589647948741913 15
1653308512392 0.14589647948741913 15
1653308520900 0.1813175231218338 16
1653308520918 0.1813175231218338 16
1653308529920 0.14745284616947174 17
1653308529940 0.14745284616947174 17
1653308538405 0.16367129981517792 18
1653308538432 0.16367129981517792 18
1653308548992 0.15668179094791412 19
1653308549011 0.15668179094791412 19
