1653308364272 0.21804571151733398 0
1653308364291 0.21804571151733398 0
1653308376422 0.0984383299946785 1
1653308376441 0.0984383299946785 1
1653308385113 0.07165832817554474 2
1653308385132 0.07165832817554474 2
1653308394523 0.0479232519865036 3
1653308394542 0.0479232519865036 3
1653308403858 0.04443839192390442 4
1653308403876 0.04443839192390442 4
1653308413858 0.03956585004925728 5
1653308413877 0.03956585004925728 5
1653308425675 0.03927849233150482 6
1653308425695 0.03927849233150482 6
1653308434259 0.028161412104964256 7
1653308434277 0.028161412104964256 7
1653308444793 0.025460146367549896 8
1653308444811 0.025460146367549896 8
1653308454933 0.03041710890829563 9
1653308454952 0.03041710890829563 9
1653308464937 0.025890441611409187 10
1653308464955 0.025890441611409187 10
1653308473569 0.02149702049791813 11
1653308473588 0.02149702049791813 11
1653308482467 0.019644100219011307 12
1653308482493 0.019644100219011307 12
1653308493038 0.02898227609694004 13
1653308493058 0.02898227609694004 13
1653308503304 0.01764128915965557 14
1653308503322 0.01764128915965557 14
1653308512373 0.02055165357887745 15
1653308512392 0.02055165357887745 15
1653308520900 0.03110620751976967 16
1653308520918 0.03110620751976967 16
1653308529920 0.01466430351138115 17
1653308529940 0.01466430351138115 17
1653308538405 0.031975459307432175 18
1653308538432 0.031975459307432175 18
1653308548992 0.019661659374833107 19
1653308549011 0.019661659374833107 19
