1653303128509 0.6437517404556274 0
1653303128526 0.6437517404556274 0
1653303134901 0.6327848434448242 1
1653303134917 0.6327848434448242 1
1653303141697 0.625714123249054 2
1653303141714 0.625714123249054 2
1653303148865 0.6055935621261597 3
1653303148882 0.6055935621261597 3
1653303155510 0.580502450466156 4
1653303155528 0.580502450466156 4
1653303162770 0.5482579469680786 5
1653303162788 0.5482579469680786 5
1653303169597 0.5364774465560913 6
1653303169617 0.5364774465560913 6
1653303177044 0.5194530487060547 7
1653303177062 0.5194530487060547 7
1653303183452 0.501335859298706 8
1653303183469 0.501335859298706 8
1653303191135 0.48606202006340027 9
1653303191155 0.48606202006340027 9
1653303197786 0.47968608140945435 10
1653303197803 0.47968608140945435 10
1653303204920 0.49762365221977234 11
1653303204937 0.49762365221977234 11
1653303212238 0.4649294912815094 12
1653303212256 0.4649294912815094 12
1653303219512 0.47361013293266296 13
1653303219530 0.47361013293266296 13
1653303227158 0.4667450487613678 14
1653303227176 0.4667450487613678 14
1653303233871 0.47090157866477966 15
1653303233888 0.47090157866477966 15
1653303240299 0.45233622193336487 16
1653303240316 0.45233622193336487 16
1653303247494 0.4556940793991089 17
1653303247511 0.4556940793991089 17
1653303255083 0.45124995708465576 18
1653303255102 0.45124995708465576 18
1653303262441 0.45457565784454346 19
1653303262459 0.45457565784454346 19
