1653303128509 0.4976564645767212 0
1653303128526 0.4976564645767212 0
1653303134901 0.5413408279418945 1
1653303134917 0.5413408279418945 1
1653303141697 0.5921664237976074 2
1653303141714 0.5921664237976074 2
1653303148865 0.6573836803436279 3
1653303148882 0.6573836803436279 3
1653303155510 0.7126293778419495 4
1653303155528 0.7126293778419495 4
1653303162770 0.7404977679252625 5
1653303162788 0.7404977679252625 5
1653303169597 0.7588737607002258 6
1653303169617 0.7588737607002258 6
1653303177044 0.7712463140487671 7
1653303177062 0.7712463140487671 7
1653303183452 0.7918246388435364 8
1653303183469 0.7918246388435364 8
1653303191135 0.7966431379318237 9
1653303191155 0.7966431379318237 9
1653303197786 0.8098915219306946 10
1653303197803 0.8098915219306946 10
1653303204920 0.7945321798324585 11
1653303204937 0.7945321798324585 11
1653303212238 0.817483127117157 12
1653303212256 0.817483127117157 12
1653303219512 0.8083415627479553 13
1653303219530 0.8083415627479553 13
1653303227158 0.8207116723060608 14
1653303227176 0.8207116723060608 14
1653303233871 0.8135170936584473 15
1653303233888 0.8135170936584473 15
1653303240299 0.8256554007530212 16
1653303240316 0.8256554007530212 16
1653303247494 0.8280675411224365 17
1653303247511 0.8280675411224365 17
1653303255083 0.830085039138794 18
1653303255102 0.830085039138794 18
1653303262441 0.8246274590492249 19
1653303262459 0.8246274590492249 19
