1653303128509 0.3599069118499756 0
1653303128526 0.3599069118499756 0
1653303134901 0.3251400887966156 1
1653303134917 0.3251400887966156 1
1653303141697 0.26816660165786743 2
1653303141714 0.26816660165786743 2
1653303148865 0.23490142822265625 3
1653303148882 0.23490142822265625 3
1653303155510 0.20792290568351746 4
1653303155528 0.20792290568351746 4
1653303162770 0.1904716044664383 5
1653303162788 0.1904716044664383 5
1653303169597 0.1799888014793396 6
1653303169617 0.1799888014793396 6
1653303177044 0.17547698318958282 7
1653303177062 0.17547698318958282 7
1653303183452 0.16466014087200165 8
1653303183469 0.16466014087200165 8
1653303191135 0.15768569707870483 9
1653303191155 0.15768569707870483 9
1653303197786 0.15269075334072113 10
1653303197803 0.15269075334072113 10
1653303204920 0.15869556367397308 11
1653303204937 0.15869556367397308 11
1653303212238 0.14649653434753418 12
1653303212256 0.14649653434753418 12
1653303219512 0.1495484858751297 13
1653303219530 0.1495484858751297 13
1653303227158 0.1445552259683609 14
1653303227176 0.1445552259683609 14
1653303233871 0.13956469297409058 15
1653303233888 0.13956469297409058 15
1653303240299 0.13891012966632843 16
1653303240316 0.13891012966632843 16
1653303247494 0.13838544487953186 17
1653303247511 0.13838544487953186 17
1653303255083 0.13073855638504028 18
1653303255102 0.13073855638504028 18
1653303262441 0.1355220228433609 19
1653303262459 0.1355220228433609 19
