1653303128509 0.23075510561466217 0
1653303128526 0.23075510561466217 0
1653303134901 0.22317206859588623 1
1653303134917 0.22317206859588623 1
1653303141697 0.1502612829208374 2
1653303141714 0.1502612829208374 2
1653303148865 0.11702971160411835 3
1653303148882 0.11702971160411835 3
1653303155510 0.10240171104669571 4
1653303155528 0.10240171104669571 4
1653303162770 0.08741051703691483 5
1653303162788 0.08741051703691483 5
1653303169597 0.07553677260875702 6
1653303169617 0.07553677260875702 6
1653303177044 0.06621938943862915 7
1653303177062 0.06621938943862915 7
1653303183452 0.05781207233667374 8
1653303183469 0.05781207233667374 8
1653303191135 0.05352182313799858 9
1653303191155 0.05352182313799858 9
1653303197786 0.05416736751794815 10
1653303197803 0.05416736751794815 10
1653303204920 0.05458466336131096 11
1653303204937 0.05458466336131096 11
1653303212238 0.045357707887887955 12
1653303212256 0.045357707887887955 12
1653303219512 0.04976583644747734 13
1653303219530 0.04976583644747734 13
1653303227158 0.0466977059841156 14
1653303227176 0.0466977059841156 14
1653303233871 0.046004101634025574 15
1653303233888 0.046004101634025574 15
1653303240299 0.04543266445398331 16
1653303240316 0.04543266445398331 16
1653303247494 0.04649927094578743 17
1653303247511 0.04649927094578743 17
1653303255083 0.042640503495931625 18
1653303255102 0.042640503495931625 18
1653303262441 0.0444813035428524 19
1653303262459 0.0444813035428524 19
