1653303128509 0.8809888958930969 0
1653303128526 0.8809888958930969 0
1653303134901 0.8298546075820923 1
1653303134917 0.8298546075820923 1
1653303141697 0.7246629595756531 2
1653303141714 0.7246629595756531 2
1653303148865 0.6506748199462891 3
1653303148882 0.6506748199462891 3
1653303155510 0.5634381175041199 4
1653303155528 0.5634381175041199 4
1653303162770 0.518700361251831 5
1653303162788 0.518700361251831 5
1653303169597 0.4669525623321533 6
1653303169617 0.4669525623321533 6
1653303177044 0.4670528173446655 7
1653303177062 0.4670528173446655 7
1653303183452 0.44592520594596863 8
1653303183469 0.44592520594596863 8
1653303191135 0.4253816604614258 9
1653303191155 0.4253816604614258 9
1653303197786 0.4102841019630432 10
1653303197803 0.4102841019630432 10
1653303204920 0.43352559208869934 11
1653303204937 0.43352559208869934 11
1653303212238 0.4141480326652527 12
1653303212256 0.4141480326652527 12
1653303219512 0.41411876678466797 13
1653303219530 0.41411876678466797 13
1653303227158 0.40470367670059204 14
1653303227176 0.40470367670059204 14
1653303233871 0.4078059792518616 15
1653303233888 0.4078059792518616 15
1653303240299 0.4002101421356201 16
1653303240316 0.4002101421356201 16
1653303247494 0.3849884867668152 17
1653303247511 0.3849884867668152 17
1653303255083 0.381204217672348 18
1653303255102 0.381204217672348 18
1653303262441 0.40084725618362427 19
1653303262459 0.40084725618362427 19
