1653303128509 0.0714464783668518 0
1653303128526 0.0714464783668518 0
1653303134901 0.06798547506332397 1
1653303134917 0.06798547506332397 1
1653303141697 0.0477696992456913 2
1653303141714 0.0477696992456913 2
1653303148865 0.03857383877038956 3
1653303148882 0.03857383877038956 3
1653303155510 0.0321512445807457 4
1653303155528 0.0321512445807457 4
1653303162770 0.026382161304354668 5
1653303162788 0.026382161304354668 5
1653303169597 0.030480260029435158 6
1653303169617 0.030480260029435158 6
1653303177044 0.023920956999063492 7
1653303177062 0.023920956999063492 7
1653303183452 0.021345555782318115 8
1653303183469 0.021345555782318115 8
1653303191135 0.02360416203737259 9
1653303191155 0.02360416203737259 9
1653303197786 0.017414558678865433 10
1653303197803 0.017414558678865433 10
1653303204920 0.01855454035103321 11
1653303204937 0.01855454035103321 11
1653303212238 0.02098904177546501 12
1653303212256 0.02098904177546501 12
1653303219512 0.01619507372379303 13
1653303219530 0.01619507372379303 13
1653303227158 0.011463701725006104 14
1653303227176 0.011463701725006104 14
1653303233871 0.01883040741086006 15
1653303233888 0.01883040741086006 15
1653303240299 0.015458781272172928 16
1653303240316 0.015458781272172928 16
1653303247494 0.014065555296838284 17
1653303247511 0.014065555296838284 17
1653303255083 0.016392992809414864 18
1653303255102 0.016392992809414864 18
1653303262441 0.011636024340987206 19
1653303262459 0.011636024340987206 19
