1653303128509 0.46894434094429016 0
1653303128526 0.46894434094429016 0
1653303134901 0.42841556668281555 1
1653303134917 0.42841556668281555 1
1653303141697 0.32128098607063293 2
1653303141714 0.32128098607063293 2
1653303148865 0.29026666283607483 3
1653303148882 0.29026666283607483 3
1653303155510 0.25762253999710083 4
1653303155528 0.25762253999710083 4
1653303162770 0.2349061369895935 5
1653303162788 0.2349061369895935 5
1653303169597 0.21117258071899414 6
1653303169617 0.21117258071899414 6
1653303177044 0.2127188742160797 7
1653303177062 0.2127188742160797 7
1653303183452 0.19916287064552307 8
1653303183469 0.19916287064552307 8
1653303191135 0.19831643998622894 9
1653303191155 0.19831643998622894 9
1653303197786 0.17245931923389435 10
1653303197803 0.17245931923389435 10
1653303204920 0.19630931317806244 11
1653303204937 0.19630931317806244 11
1653303212238 0.1764674037694931 12
1653303212256 0.1764674037694931 12
1653303219512 0.18216457962989807 13
1653303219530 0.18216457962989807 13
1653303227158 0.18721461296081543 14
1653303227176 0.18721461296081543 14
1653303233871 0.15888851881027222 15
1653303233888 0.15888851881027222 15
1653303240299 0.16334867477416992 16
1653303240316 0.16334867477416992 16
1653303247494 0.17295777797698975 17
1653303247511 0.17295777797698975 17
1653303255083 0.15155644714832306 18
1653303255102 0.15155644714832306 18
1653303262441 0.16828012466430664 19
1653303262459 0.16828012466430664 19
