1653303128509 0.2976403832435608 0
1653303128526 0.2976403832435608 0
1653303134901 0.20643652975559235 1
1653303134917 0.20643652975559235 1
1653303141697 0.17563635110855103 2
1653303141714 0.17563635110855103 2
1653303148865 0.13219980895519257 3
1653303148882 0.13219980895519257 3
1653303155510 0.10876159369945526 4
1653303155528 0.10876159369945526 4
1653303162770 0.10215999186038971 5
1653303162788 0.10215999186038971 5
1653303169597 0.11248116940259933 6
1653303169617 0.11248116940259933 6
1653303177044 0.11231633275747299 7
1653303177062 0.11231633275747299 7
1653303183452 0.1013375073671341 8
1653303183469 0.1013375073671341 8
1653303191135 0.08755408972501755 9
1653303191155 0.08755408972501755 9
1653303197786 0.10218622535467148 10
1653303197803 0.10218622535467148 10
1653303204920 0.08928079158067703 11
1653303204937 0.08928079158067703 11
1653303212238 0.07725796103477478 12
1653303212256 0.07725796103477478 12
1653303219512 0.08456878364086151 13
1653303219530 0.08456878364086151 13
1653303227158 0.07206258177757263 14
1653303227176 0.07206258177757263 14
1653303233871 0.06108497455716133 15
1653303233888 0.06108497455716133 15
1653303240299 0.0700884610414505 16
1653303240316 0.0700884610414505 16
1653303247494 0.0669768750667572 17
1653303247511 0.0669768750667572 17
1653303255083 0.053051602095365524 18
1653303255102 0.053051602095365524 18
1653303262441 0.05308597534894943 19
1653303262459 0.05308597534894943 19
