1653311478212 0.5093966126441956 0
1653311478238 0.5093966126441956 0
1653311488975 0.5259332656860352 1
1653311488992 0.5259332656860352 1
1653311498535 0.5325173139572144 2
1653311498551 0.5325173139572144 2
1653311507380 0.5529792308807373 3
1653311507398 0.5529792308807373 3
1653311517554 0.5687746405601501 4
1653311517570 0.5687746405601501 4
1653311529188 0.6001306176185608 5
1653311529206 0.6001306176185608 5
1653311538124 0.6382580399513245 6
1653311538141 0.6382580399513245 6
1653311547697 0.6118252873420715 7
1653311547714 0.6118252873420715 7
1653311555892 0.6490662097930908 8
1653311555908 0.6490662097930908 8
1653311565021 0.6634374260902405 9
1653311565039 0.6634374260902405 9
1653311573856 0.688745379447937 10
1653311573878 0.688745379447937 10
1653311582776 0.6958698630332947 11
1653311582792 0.6958698630332947 11
1653311592736 0.699130117893219 12
1653311592753 0.699130117893219 12
1653311602327 0.703645646572113 13
1653311602349 0.703645646572113 13
1653311610514 0.7062908411026001 14
1653311610531 0.7062908411026001 14
1653311619572 0.7451465725898743 15
1653311619587 0.7451465725898743 15
1653311629333 0.7216436862945557 16
1653311629349 0.7216436862945557 16
1653311638191 0.7311323881149292 17
1653311638207 0.7311323881149292 17
1653311646290 0.7554137706756592 18
1653311646307 0.7554137706756592 18
1653311655280 0.7629660964012146 19
1653311655297 0.7629660964012146 19
