1653311478212 0.6746010184288025 0
1653311478238 0.6746010184288025 0
1653311488975 0.6436811685562134 1
1653311488992 0.6436811685562134 1
1653311498535 0.6389217376708984 2
1653311498551 0.6389217376708984 2
1653311507380 0.6295504570007324 3
1653311507398 0.6295504570007324 3
1653311517554 0.631696879863739 4
1653311517570 0.631696879863739 4
1653311529188 0.6199634075164795 5
1653311529206 0.6199634075164795 5
1653311538124 0.6074293255805969 6
1653311538141 0.6074293255805969 6
1653311547697 0.6325094699859619 7
1653311547714 0.6325094699859619 7
1653311555892 0.6070539355278015 8
1653311555908 0.6070539355278015 8
1653311565021 0.6000776886940002 9
1653311565039 0.6000776886940002 9
1653311573856 0.5847317576408386 10
1653311573878 0.5847317576408386 10
1653311582776 0.575011670589447 11
1653311582792 0.575011670589447 11
1653311592736 0.5696932077407837 12
1653311592753 0.5696932077407837 12
1653311602327 0.5742118954658508 13
1653311602349 0.5742118954658508 13
1653311610514 0.5720887780189514 14
1653311610531 0.5720887780189514 14
1653311619572 0.5440713763237 15
1653311619587 0.5440713763237 15
1653311629333 0.5563386082649231 16
1653311629349 0.5563386082649231 16
1653311638191 0.5533367991447449 17
1653311638207 0.5533367991447449 17
1653311646290 0.5316104888916016 18
1653311646307 0.5316104888916016 18
1653311655280 0.5234246253967285 19
1653311655297 0.5234246253967285 19
