1653311478212 0.37522533535957336 0
1653311478238 0.37522533535957336 0
1653311488975 0.2613855004310608 1
1653311488992 0.2613855004310608 1
1653311498535 0.25619861483573914 2
1653311498551 0.25619861483573914 2
1653311507380 0.2506442964076996 3
1653311507398 0.2506442964076996 3
1653311517554 0.25085684657096863 4
1653311517570 0.25085684657096863 4
1653311529188 0.23931610584259033 5
1653311529206 0.23931610584259033 5
1653311538124 0.23946939408779144 6
1653311538141 0.23946939408779144 6
1653311547697 0.24949589371681213 7
1653311547714 0.24949589371681213 7
1653311555892 0.23791348934173584 8
1653311555908 0.23791348934173584 8
1653311565021 0.22924433648586273 9
1653311565039 0.22924433648586273 9
1653311573856 0.21962395310401917 10
1653311573878 0.21962395310401917 10
1653311582776 0.21425466239452362 11
1653311582792 0.21425466239452362 11
1653311592736 0.21718589961528778 12
1653311592753 0.21718589961528778 12
1653311602327 0.2103796899318695 13
1653311602349 0.2103796899318695 13
1653311610514 0.2072189897298813 14
1653311610531 0.2072189897298813 14
1653311619572 0.19705405831336975 15
1653311619587 0.19705405831336975 15
1653311629333 0.20109900832176208 16
1653311629349 0.20109900832176208 16
1653311638191 0.20351485908031464 17
1653311638207 0.20351485908031464 17
1653311646290 0.19181229174137115 18
1653311646307 0.19181229174137115 18
1653311655280 0.18266989290714264 19
1653311655297 0.18266989290714264 19
