1653311478212 0.13435298204421997 0
1653311478238 0.13435298204421997 0
1653311488975 0.10463632643222809 1
1653311488992 0.10463632643222809 1
1653311498535 0.10925717651844025 2
1653311498551 0.10925717651844025 2
1653311507380 0.09593363106250763 3
1653311507398 0.09593363106250763 3
1653311517554 0.10271276533603668 4
1653311517570 0.10271276533603668 4
1653311529188 0.09698105603456497 5
1653311529206 0.09698105603456497 5
1653311538124 0.08626952767372131 6
1653311538141 0.08626952767372131 6
1653311547697 0.1087234765291214 7
1653311547714 0.1087234765291214 7
1653311555892 0.08730369806289673 8
1653311555908 0.08730369806289673 8
1653311565021 0.08246196806430817 9
1653311565039 0.08246196806430817 9
1653311573856 0.07833942770957947 10
1653311573878 0.07833942770957947 10
1653311582776 0.07757019996643066 11
1653311582792 0.07757019996643066 11
1653311592736 0.07119103521108627 12
1653311592753 0.07119103521108627 12
1653311602327 0.07208177447319031 13
1653311602349 0.07208177447319031 13
1653311610514 0.06636899709701538 14
1653311610531 0.06636899709701538 14
1653311619572 0.06076870113611221 15
1653311619587 0.06076870113611221 15
1653311629333 0.0595557726919651 16
1653311629349 0.0595557726919651 16
1653311638191 0.06862974166870117 17
1653311638207 0.06862974166870117 17
1653311646290 0.05817258358001709 18
1653311646307 0.05817258358001709 18
1653311655280 0.04848036915063858 19
1653311655297 0.04848036915063858 19
