1653311478212 1.3230116367340088 0
1653311478238 1.3230116367340088 0
1653311488975 0.693450927734375 1
1653311488992 0.693450927734375 1
1653311498535 0.6834051609039307 2
1653311498551 0.6834051609039307 2
1653311507380 0.6724138855934143 3
1653311507398 0.6724138855934143 3
1653311517554 0.6647641062736511 4
1653311517570 0.6647641062736511 4
1653311529188 0.6338305473327637 5
1653311529206 0.6338305473327637 5
1653311538124 0.6464916467666626 6
1653311538141 0.6464916467666626 6
1653311547697 0.6562831401824951 7
1653311547714 0.6562831401824951 7
1653311555892 0.6304459571838379 8
1653311555908 0.6304459571838379 8
1653311565021 0.5989646315574646 9
1653311565039 0.5989646315574646 9
1653311573856 0.5696465969085693 10
1653311573878 0.5696465969085693 10
1653311582776 0.5476562976837158 11
1653311582792 0.5476562976837158 11
1653311592736 0.5532886981964111 12
1653311592753 0.5532886981964111 12
1653311602327 0.5319749116897583 13
1653311602349 0.5319749116897583 13
1653311610514 0.5283631682395935 14
1653311610531 0.5283631682395935 14
1653311619572 0.5097630023956299 15
1653311619587 0.5097630023956299 15
1653311629333 0.5185582637786865 16
1653311629349 0.5185582637786865 16
1653311638191 0.5202733874320984 17
1653311638207 0.5202733874320984 17
1653311646290 0.5005494952201843 18
1653311646307 0.5005494952201843 18
1653311655280 0.4806715250015259 19
1653311655297 0.4806715250015259 19
