1653311478212 0.03581949695944786 0
1653311478238 0.03581949695944786 0
1653311488975 0.032454222440719604 1
1653311488992 0.032454222440719604 1
1653311498535 0.029429679736495018 2
1653311498551 0.029429679736495018 2
1653311507380 0.03041679412126541 3
1653311507398 0.03041679412126541 3
1653311517554 0.03002895601093769 4
1653311517570 0.03002895601093769 4
1653311529188 0.025190193206071854 5
1653311529206 0.025190193206071854 5
1653311538124 0.030654897913336754 6
1653311538141 0.030654897913336754 6
1653311547697 0.0289040207862854 7
1653311547714 0.0289040207862854 7
1653311555892 0.027052754536271095 8
1653311555908 0.027052754536271095 8
1653311565021 0.031091105192899704 9
1653311565039 0.031091105192899704 9
1653311573856 0.022887127473950386 10
1653311573878 0.022887127473950386 10
1653311582776 0.02792726270854473 11
1653311582792 0.02792726270854473 11
1653311592736 0.030726391822099686 12
1653311592753 0.030726391822099686 12
1653311602327 0.025679433718323708 13
1653311602349 0.025679433718323708 13
1653311610514 0.022797157987952232 14
1653311610531 0.022797157987952232 14
1653311619572 0.020422454923391342 15
1653311619587 0.020422454923391342 15
1653311629333 0.02316322736442089 16
1653311629349 0.02316322736442089 16
1653311638191 0.024539794772863388 17
1653311638207 0.024539794772863388 17
1653311646290 0.023228900507092476 18
1653311646307 0.023228900507092476 18
1653311655280 0.016967378556728363 19
1653311655297 0.016967378556728363 19
