1653311478212 0.3173375725746155 0
1653311478238 0.3173375725746155 0
1653311488975 0.2667687237262726 1
1653311488992 0.2667687237262726 1
1653311498535 0.2502940893173218 2
1653311498551 0.2502940893173218 2
1653311507380 0.25107860565185547 3
1653311507398 0.25107860565185547 3
1653311517554 0.24858133494853973 4
1653311517570 0.24858133494853973 4
1653311529188 0.2346634715795517 5
1653311529206 0.2346634715795517 5
1653311538124 0.23871061205863953 6
1653311538141 0.23871061205863953 6
1653311547697 0.2419002801179886 7
1653311547714 0.2419002801179886 7
1653311555892 0.2457067370414734 8
1653311555908 0.2457067370414734 8
1653311565021 0.23079127073287964 9
1653311565039 0.23079127073287964 9
1653311573856 0.22866487503051758 10
1653311573878 0.22866487503051758 10
1653311582776 0.2178182154893875 11
1653311582792 0.2178182154893875 11
1653311592736 0.2340480536222458 12
1653311592753 0.2340480536222458 12
1653311602327 0.22014455497264862 13
1653311602349 0.22014455497264862 13
1653311610514 0.21944834291934967 14
1653311610531 0.21944834291934967 14
1653311619572 0.20816868543624878 15
1653311619587 0.20816868543624878 15
1653311629333 0.21299874782562256 16
1653311629349 0.21299874782562256 16
1653311638191 0.21191434562206268 17
1653311638207 0.21191434562206268 17
1653311646290 0.1957276165485382 18
1653311646307 0.1957276165485382 18
1653311655280 0.1902519017457962 19
1653311655297 0.1902519017457962 19
