1653312311376 0.5221906900405884 0
1653312311398 0.5221906900405884 0
1653312322357 0.5225119590759277 1
1653312322378 0.5225119590759277 1
1653312332408 0.520149290561676 2
1653312332430 0.520149290561676 2
1653312341262 0.5283886194229126 3
1653312341283 0.5283886194229126 3
1653312352036 0.5291741490364075 4
1653312352062 0.5291741490364075 4
1653312361496 0.5716058015823364 5
1653312361517 0.5716058015823364 5
1653312370884 0.5859264731407166 6
1653312370906 0.5859264731407166 6
1653312379386 0.5869640707969666 7
1653312379407 0.5869640707969666 7
1653312388680 0.6088043451309204 8
1653312388705 0.6088043451309204 8
1653312398208 0.6205108165740967 9
1653312398229 0.6205108165740967 9
1653312406846 0.6417977213859558 10
1653312406867 0.6417977213859558 10
1653312417166 0.6380618810653687 11
1653312417191 0.6380618810653687 11
1653312426540 0.6697294116020203 12
1653312426561 0.6697294116020203 12
1653312435063 0.6733217239379883 13
1653312435083 0.6733217239379883 13
1653312444309 0.6872792840003967 14
1653312444330 0.6872792840003967 14
1653312454683 0.6942300200462341 15
1653312454704 0.6942300200462341 15
1653312463202 0.7151543498039246 16
1653312463222 0.7151543498039246 16
1653312472624 0.7001952528953552 17
1653312472644 0.7001952528953552 17
1653312482435 0.7353425621986389 18
1653312482455 0.7353425621986389 18
1653312494113 0.7145108580589294 19
1653312494134 0.7145108580589294 19
