1653312311376 0.6574053764343262 0
1653312311398 0.6574053764343262 0
1653312322357 0.6422148942947388 1
1653312322378 0.6422148942947388 1
1653312332408 0.6362647414207458 2
1653312332430 0.6362647414207458 2
1653312341262 0.6339414715766907 3
1653312341283 0.6339414715766907 3
1653312352036 0.6360949873924255 4
1653312352062 0.6360949873924255 4
1653312361496 0.6300604343414307 5
1653312361517 0.6300604343414307 5
1653312370884 0.6209985017776489 6
1653312370906 0.6209985017776489 6
1653312379386 0.6202080845832825 7
1653312379407 0.6202080845832825 7
1653312388680 0.6228203773498535 8
1653312388705 0.6228203773498535 8
1653312398208 0.6144503951072693 9
1653312398229 0.6144503951072693 9
1653312406846 0.6103496551513672 10
1653312406867 0.6103496551513672 10
1653312417166 0.6108375191688538 11
1653312417191 0.6108375191688538 11
1653312426540 0.5972632169723511 12
1653312426561 0.5972632169723511 12
1653312435063 0.5909513235092163 13
1653312435083 0.5909513235092163 13
1653312444309 0.580440104007721 14
1653312444330 0.580440104007721 14
1653312454683 0.5776116251945496 15
1653312454704 0.5776116251945496 15
1653312463202 0.5650650858879089 16
1653312463222 0.5650650858879089 16
1653312472624 0.5751208662986755 17
1653312472644 0.5751208662986755 17
1653312482435 0.5486934185028076 18
1653312482455 0.5486934185028076 18
1653312494113 0.5683731436729431 19
1653312494134 0.5683731436729431 19
