1653312311376 0.3572176694869995 0
1653312311398 0.3572176694869995 0
1653312322357 0.24045288562774658 1
1653312322378 0.24045288562774658 1
1653312332408 0.23259785771369934 2
1653312332430 0.23259785771369934 2
1653312341262 0.21971508860588074 3
1653312341283 0.21971508860588074 3
1653312352036 0.2193596363067627 4
1653312352062 0.2193596363067627 4
1653312361496 0.21252264082431793 5
1653312361517 0.21252264082431793 5
1653312370884 0.20576757192611694 6
1653312370906 0.20576757192611694 6
1653312379386 0.20460563898086548 7
1653312379407 0.20460563898086548 7
1653312388680 0.19746550917625427 8
1653312388705 0.19746550917625427 8
1653312398208 0.19933074712753296 9
1653312398229 0.19933074712753296 9
1653312406846 0.1926712542772293 10
1653312406867 0.1926712542772293 10
1653312417166 0.1899770200252533 11
1653312417191 0.1899770200252533 11
1653312426540 0.18905647099018097 12
1653312426561 0.18905647099018097 12
1653312435063 0.18053293228149414 13
1653312435083 0.18053293228149414 13
1653312444309 0.1798034906387329 14
1653312444330 0.1798034906387329 14
1653312454683 0.17013511061668396 15
1653312454704 0.17013511061668396 15
1653312463202 0.17095479369163513 16
1653312463222 0.17095479369163513 16
1653312472624 0.17324501276016235 17
1653312472644 0.17324501276016235 17
1653312482435 0.16120795905590057 18
1653312482455 0.16120795905590057 18
1653312494113 0.16756218671798706 19
1653312494134 0.16756218671798706 19
