1653312311376 0.14024752378463745 0
1653312311398 0.14024752378463745 0
1653312322357 0.10363291949033737 1
1653312322378 0.10363291949033737 1
1653312332408 0.1093810498714447 2
1653312332430 0.1093810498714447 2
1653312341262 0.0996364951133728 3
1653312341283 0.0996364951133728 3
1653312352036 0.09932444244623184 4
1653312352062 0.09932444244623184 4
1653312361496 0.09748651832342148 5
1653312361517 0.09748651832342148 5
1653312370884 0.10064633935689926 6
1653312370906 0.10064633935689926 6
1653312379386 0.08886504173278809 7
1653312379407 0.08886504173278809 7
1653312388680 0.09184958040714264 8
1653312388705 0.09184958040714264 8
1653312398208 0.08356718719005585 9
1653312398229 0.08356718719005585 9
1653312406846 0.09343308210372925 10
1653312406867 0.09343308210372925 10
1653312417166 0.07278457283973694 11
1653312417191 0.07278457283973694 11
1653312426540 0.08846486359834671 12
1653312426561 0.08846486359834671 12
1653312435063 0.07373413443565369 13
1653312435083 0.07373413443565369 13
1653312444309 0.0667046383023262 14
1653312444330 0.0667046383023262 14
1653312454683 0.0634484738111496 15
1653312454704 0.0634484738111496 15
1653312463202 0.0622636154294014 16
1653312463222 0.0622636154294014 16
1653312472624 0.05988499894738197 17
1653312472644 0.05988499894738197 17
1653312482435 0.05818794295191765 18
1653312482455 0.05818794295191765 18
1653312494113 0.06033946946263313 19
1653312494134 0.06033946946263313 19
