1653312311376 1.2018718719482422 0
1653312311398 1.2018718719482422 0
1653312322357 0.7097232341766357 1
1653312322378 0.7097232341766357 1
1653312332408 0.6872591972351074 2
1653312332430 0.6872591972351074 2
1653312341262 0.6786503195762634 3
1653312341283 0.6786503195762634 3
1653312352036 0.6809844970703125 4
1653312352062 0.6809844970703125 4
1653312361496 0.6667534708976746 5
1653312361517 0.6667534708976746 5
1653312370884 0.636339545249939 6
1653312370906 0.636339545249939 6
1653312379386 0.651337206363678 7
1653312379407 0.651337206363678 7
1653312388680 0.6434378623962402 8
1653312388705 0.6434378623962402 8
1653312398208 0.6348138451576233 9
1653312398229 0.6348138451576233 9
1653312406846 0.6203222870826721 10
1653312406867 0.6203222870826721 10
1653312417166 0.6103572845458984 11
1653312417191 0.6103572845458984 11
1653312426540 0.5922726392745972 12
1653312426561 0.5922726392745972 12
1653312435063 0.5667982697486877 13
1653312435083 0.5667982697486877 13
1653312444309 0.5764856338500977 14
1653312444330 0.5764856338500977 14
1653312454683 0.5254491567611694 15
1653312454704 0.5254491567611694 15
1653312463202 0.551822304725647 16
1653312463222 0.551822304725647 16
1653312472624 0.5335556864738464 17
1653312472644 0.5335556864738464 17
1653312482435 0.514769434928894 18
1653312482455 0.514769434928894 18
1653312494113 0.5219122171401978 19
1653312494134 0.5219122171401978 19
