1653312311376 0.03921445086598396 0
1653312311398 0.03921445086598396 0
1653312322357 0.03319985419511795 1
1653312322378 0.03319985419511795 1
1653312332408 0.03236919268965721 2
1653312332430 0.03236919268965721 2
1653312341262 0.027336960658431053 3
1653312341283 0.027336960658431053 3
1653312352036 0.02969343215227127 4
1653312352062 0.02969343215227127 4
1653312361496 0.030836662277579308 5
1653312361517 0.030836662277579308 5
1653312370884 0.03120734915137291 6
1653312370906 0.03120734915137291 6
1653312379386 0.027313750237226486 7
1653312379407 0.027313750237226486 7
1653312388680 0.02474043145775795 8
1653312388705 0.02474043145775795 8
1653312398208 0.02284112386405468 9
1653312398229 0.02284112386405468 9
1653312406846 0.0290516410022974 10
1653312406867 0.0290516410022974 10
1653312417166 0.022672733291983604 11
1653312417191 0.022672733291983604 11
1653312426540 0.02855926752090454 12
1653312426561 0.02855926752090454 12
1653312435063 0.0242705550044775 13
1653312435083 0.0242705550044775 13
1653312444309 0.02012285403907299 14
1653312444330 0.02012285403907299 14
1653312454683 0.021984780207276344 15
1653312454704 0.021984780207276344 15
1653312463202 0.023254292085766792 16
1653312463222 0.023254292085766792 16
1653312472624 0.017485955730080605 17
1653312472644 0.017485955730080605 17
1653312482435 0.019274769350886345 18
1653312482455 0.019274769350886345 18
1653312494113 0.01829337514936924 19
1653312494134 0.01829337514936924 19
