1653312311376 0.4265172779560089 0
1653312311398 0.4265172779560089 0
1653312322357 0.26756638288497925 1
1653312322378 0.26756638288497925 1
1653312332408 0.2562227249145508 2
1653312332430 0.2562227249145508 2
1653312341262 0.2371460497379303 3
1653312341283 0.2371460497379303 3
1653312352036 0.25615450739860535 4
1653312352062 0.25615450739860535 4
1653312361496 0.24487607181072235 5
1653312361517 0.24487607181072235 5
1653312370884 0.2506158947944641 6
1653312370906 0.2506158947944641 6
1653312379386 0.23015886545181274 7
1653312379407 0.23015886545181274 7
1653312388680 0.23473775386810303 8
1653312388705 0.23473775386810303 8
1653312398208 0.24597857892513275 9
1653312398229 0.24597857892513275 9
1653312406846 0.2203168272972107 10
1653312406867 0.2203168272972107 10
1653312417166 0.2356998473405838 11
1653312417191 0.2356998473405838 11
1653312426540 0.2270798534154892 12
1653312426561 0.2270798534154892 12
1653312435063 0.22565941512584686 13
1653312435083 0.22565941512584686 13
1653312444309 0.23560510575771332 14
1653312444330 0.23560510575771332 14
1653312454683 0.2188430279493332 15
1653312454704 0.2188430279493332 15
1653312463202 0.20818279683589935 16
1653312463222 0.20818279683589935 16
1653312472624 0.23003211617469788 17
1653312472644 0.23003211617469788 17
1653312482435 0.19426430761814117 18
1653312482455 0.19426430761814117 18
1653312494113 0.21849574148654938 19
1653312494134 0.21849574148654938 19
