1653312311376 0.2580324411392212 0
1653312311398 0.2580324411392212 0
1653312322357 0.14820817112922668 1
1653312322378 0.14820817112922668 1
1653312332408 0.1293872743844986 2
1653312332430 0.1293872743844986 2
1653312341262 0.10327645391225815 3
1653312341283 0.10327645391225815 3
1653312352036 0.08056267350912094 4
1653312352062 0.08056267350912094 4
1653312361496 0.06765469908714294 5
1653312361517 0.06765469908714294 5
1653312370884 0.04667624458670616 6
1653312370906 0.04667624458670616 6
1653312379386 0.06664855033159256 7
1653312379407 0.06664855033159256 7
1653312388680 0.030427081510424614 8
1653312388705 0.030427081510424614 8
1653312398208 0.04889684543013573 9
1653312398229 0.04889684543013573 9
1653312406846 0.031182406470179558 10
1653312406867 0.031182406470179558 10
1653312417166 0.03806189075112343 11
1653312417191 0.03806189075112343 11
1653312426540 0.034473057836294174 12
1653312426561 0.034473057836294174 12
1653312435063 0.030322708189487457 13
1653312435083 0.030322708189487457 13
1653312444309 0.028586311265826225 14
1653312444330 0.028586311265826225 14
1653312454683 0.026809485629200935 15
1653312454704 0.026809485629200935 15
1653312463202 0.029999135062098503 16
1653312463222 0.029999135062098503 16
1653312472624 0.03750095143914223 17
1653312472644 0.03750095143914223 17
1653312482435 0.03016219101846218 18
1653312482455 0.03016219101846218 18
1653312494113 0.027383670210838318 19
1653312494134 0.027383670210838318 19
