1653310853935 0.5134048461914062 0
1653310853954 0.5134048461914062 0
1653310862999 0.5225420594215393 1
1653310863017 0.5225420594215393 1
1653310874042 0.5975002646446228 2
1653310874061 0.5975002646446228 2
1653310883616 0.6533799767494202 3
1653310883635 0.6533799767494202 3
1653310892939 0.6951155662536621 4
1653310892960 0.6951155662536621 4
1653310901575 0.7198313474655151 5
1653310901593 0.7198313474655151 5
1653310910985 0.730836033821106 6
1653310911005 0.730836033821106 6
1653310920499 0.753340482711792 7
1653310920519 0.753340482711792 7
1653310931860 0.7656298875808716 8
1653310931880 0.7656298875808716 8
1653310941112 0.777026355266571 9
1653310941130 0.777026355266571 9
1653310950325 0.7728304266929626 10
1653310950345 0.7728304266929626 10
1653310962179 0.7767782807350159 11
1653310962198 0.7767782807350159 11
1653310971632 0.7876067161560059 12
1653310971652 0.7876067161560059 12
1653310981396 0.7883094549179077 13
1653310981415 0.7883094549179077 13
1653310991439 0.7966673374176025 14
1653310991459 0.7966673374176025 14
1653311000615 0.8026494979858398 15
1653311000633 0.8026494979858398 15
1653311009925 0.7837430834770203 16
1653311009945 0.7837430834770203 16
1653311021068 0.8051194548606873 17
1653311021086 0.8051194548606873 17
1653311030922 0.8111094832420349 18
1653311030940 0.8111094832420349 18
1653311039606 0.809805691242218 19
1653311039625 0.809805691242218 19
