1653310853935 0.6520029902458191 0
1653310853954 0.6520029902458191 0
1653310862999 0.6394527554512024 1
1653310863017 0.6394527554512024 1
1653310874042 0.6222751140594482 2
1653310874061 0.6222751140594482 2
1653310883616 0.5982099175453186 3
1653310883635 0.5982099175453186 3
1653310892939 0.5822421312332153 4
1653310892960 0.5822421312332153 4
1653310901575 0.5570826530456543 5
1653310901593 0.5570826530456543 5
1653310910985 0.5542010068893433 6
1653310911005 0.5542010068893433 6
1653310920499 0.53614741563797 7
1653310920519 0.53614741563797 7
1653310931860 0.527881383895874 8
1653310931880 0.527881383895874 8
1653310941112 0.505783200263977 9
1653310941130 0.505783200263977 9
1653310950325 0.5191333293914795 10
1653310950345 0.5191333293914795 10
1653310962179 0.5111344456672668 11
1653310962198 0.5111344456672668 11
1653310971632 0.4986436069011688 12
1653310971652 0.4986436069011688 12
1653310981396 0.49390870332717896 13
1653310981415 0.49390870332717896 13
1653310991439 0.49446460604667664 14
1653310991459 0.49446460604667664 14
1653311000615 0.48277032375335693 15
1653311000633 0.48277032375335693 15
1653311009925 0.5070462822914124 16
1653311009945 0.5070462822914124 16
1653311021068 0.48214730620384216 17
1653311021086 0.48214730620384216 17
1653311030922 0.47383174300193787 18
1653311030940 0.47383174300193787 18
1653311039606 0.4688093960285187 19
1653311039625 0.4688093960285187 19
