1653310853935 0.4821085035800934 0
1653310853954 0.4821085035800934 0
1653310862999 0.35008299350738525 1
1653310863017 0.35008299350738525 1
1653310874042 0.316000372171402 2
1653310874061 0.316000372171402 2
1653310883616 0.27502191066741943 3
1653310883635 0.27502191066741943 3
1653310892939 0.280836820602417 4
1653310892960 0.280836820602417 4
1653310901575 0.26850390434265137 5
1653310901593 0.26850390434265137 5
1653310910985 0.2572128176689148 6
1653310911005 0.2572128176689148 6
1653310920499 0.23703086376190186 7
1653310920519 0.23703086376190186 7
1653310931860 0.23166027665138245 8
1653310931880 0.23166027665138245 8
1653310941112 0.20879612863063812 9
1653310941130 0.20879612863063812 9
1653310950325 0.2637934386730194 10
1653310950345 0.2637934386730194 10
1653310962179 0.21239738166332245 11
1653310962198 0.21239738166332245 11
1653310971632 0.19528186321258545 12
1653310971652 0.19528186321258545 12
1653310981396 0.2158786803483963 13
1653310981415 0.2158786803483963 13
1653310991439 0.19594122469425201 14
1653310991459 0.19594122469425201 14
1653311000615 0.194671630859375 15
1653311000633 0.194671630859375 15
1653311009925 0.20133395493030548 16
1653311009945 0.20133395493030548 16
1653311021068 0.18289031088352203 17
1653311021086 0.18289031088352203 17
1653311030922 0.1779453158378601 18
1653311030940 0.1779453158378601 18
1653311039606 0.15972498059272766 19
1653311039625 0.15972498059272766 19
