1653310853935 1.9829055070877075 0
1653310853954 1.9829055070877075 0
1653310862999 1.2413911819458008 1
1653310863017 1.2413911819458008 1
1653310874042 1.0856229066848755 2
1653310874061 1.0856229066848755 2
1653310883616 0.765161395072937 3
1653310883635 0.765161395072937 3
1653310892939 0.9311872124671936 4
1653310892960 0.9311872124671936 4
1653310901575 0.9079869389533997 5
1653310901593 0.9079869389533997 5
1653310910985 0.78350430727005 6
1653310911005 0.78350430727005 6
1653310920499 0.7217077612876892 7
1653310920519 0.7217077612876892 7
1653310931860 0.6239991784095764 8
1653310931880 0.6239991784095764 8
1653310941112 0.5320098400115967 9
1653310941130 0.5320098400115967 9
1653310950325 1.0379482507705688 10
1653310950345 1.0379482507705688 10
1653310962179 0.5742232203483582 11
1653310962198 0.5742232203483582 11
1653310971632 0.4332488477230072 12
1653310971652 0.4332488477230072 12
1653310981396 0.6912541389465332 13
1653310981415 0.6912541389465332 13
1653310991439 0.4808673560619354 14
1653310991459 0.4808673560619354 14
1653311000615 0.5225266814231873 15
1653311000633 0.5225266814231873 15
1653311009925 0.49324315786361694 16
1653311009945 0.49324315786361694 16
1653311021068 0.4055582582950592 17
1653311021086 0.4055582582950592 17
1653311030922 0.3350675404071808 18
1653311030940 0.3350675404071808 18
1653311039606 0.2595420181751251 19
1653311039625 0.2595420181751251 19
