1653310853935 0.11645599454641342 0
1653310853954 0.11645599454641342 0
1653310862999 0.09992536157369614 1
1653310863017 0.09992536157369614 1
1653310874042 0.09467890113592148 2
1653310874061 0.09467890113592148 2
1653310883616 0.07560419291257858 3
1653310883635 0.07560419291257858 3
1653310892939 0.07008690387010574 4
1653310892960 0.07008690387010574 4
1653310901575 0.0657530128955841 5
1653310901593 0.0657530128955841 5
1653310910985 0.05919531360268593 6
1653310911005 0.05919531360268593 6
1653310920499 0.05959629639983177 7
1653310920519 0.05959629639983177 7
1653310931860 0.055600326508283615 8
1653310931880 0.055600326508283615 8
1653310941112 0.04845821484923363 9
1653310941130 0.04845821484923363 9
1653310950325 0.05510023608803749 10
1653310950345 0.05510023608803749 10
1653310962179 0.047365330159664154 11
1653310962198 0.047365330159664154 11
1653310971632 0.051981814205646515 12
1653310971652 0.051981814205646515 12
1653310981396 0.04634363576769829 13
1653310981415 0.04634363576769829 13
1653310991439 0.0533825047314167 14
1653310991459 0.0533825047314167 14
1653311000615 0.03791647404432297 15
1653311000633 0.03791647404432297 15
1653311009925 0.04969233274459839 16
1653311009945 0.04969233274459839 16
1653311021068 0.043296653777360916 17
1653311021086 0.043296653777360916 17
1653311030922 0.03758988529443741 18
1653311030940 0.03758988529443741 18
1653311039606 0.039035797119140625 19
1653311039625 0.039035797119140625 19
