1653310853935 0.974168598651886 0
1653310853954 0.974168598651886 0
1653310862999 0.7019497752189636 1
1653310863017 0.7019497752189636 1
1653310874042 0.6023609638214111 2
1653310874061 0.6023609638214111 2
1653310883616 0.5770344734191895 3
1653310883635 0.5770344734191895 3
1653310892939 0.544416069984436 4
1653310892960 0.544416069984436 4
1653310901575 0.5171290040016174 5
1653310901593 0.5171290040016174 5
1653310910985 0.5226063132286072 6
1653310911005 0.5226063132286072 6
1653310920499 0.4796760678291321 7
1653310920519 0.4796760678291321 7
1653310931860 0.4818122982978821 8
1653310931880 0.4818122982978821 8
1653310941112 0.44775086641311646 9
1653310941130 0.44775086641311646 9
1653310950325 0.4709359109401703 10
1653310950345 0.4709359109401703 10
1653310962179 0.4647469222545624 11
1653310962198 0.4647469222545624 11
1653310971632 0.4252507984638214 12
1653310971652 0.4252507984638214 12
1653310981396 0.42767807841300964 13
1653310981415 0.42767807841300964 13
1653310991439 0.42527467012405396 14
1653310991459 0.42527467012405396 14
1653311000615 0.43023955821990967 15
1653311000633 0.43023955821990967 15
1653311009925 0.42483001947402954 16
1653311009945 0.42483001947402954 16
1653311021068 0.4278206527233124 17
1653311021086 0.4278206527233124 17
1653311030922 0.4030393362045288 18
1653311030940 0.4030393362045288 18
1653311039606 0.4007972478866577 19
1653311039625 0.4007972478866577 19
