1653310853935 0.04059993475675583 0
1653310853954 0.04059993475675583 0
1653310862999 0.031105684116482735 1
1653310863017 0.031105684116482735 1
1653310874042 0.030021123588085175 2
1653310874061 0.030021123588085175 2
1653310883616 0.026940371841192245 3
1653310883635 0.026940371841192245 3
1653310892939 0.02626354619860649 4
1653310892960 0.02626354619860649 4
1653310901575 0.02459903061389923 5
1653310901593 0.02459903061389923 5
1653310910985 0.01880062371492386 6
1653310911005 0.01880062371492386 6
1653310920499 0.019404664635658264 7
1653310920519 0.019404664635658264 7
1653310931860 0.019292041659355164 8
1653310931880 0.019292041659355164 8
1653310941112 0.012496225535869598 9
1653310941130 0.012496225535869598 9
1653310950325 0.012150309048593044 10
1653310950345 0.012150309048593044 10
1653310962179 0.013181585818529129 11
1653310962198 0.013181585818529129 11
1653310971632 0.01222893875092268 12
1653310971652 0.01222893875092268 12
1653310981396 0.009980650618672371 13
1653310981415 0.009980650618672371 13
1653310991439 0.013407322578132153 14
1653310991459 0.013407322578132153 14
1653311000615 0.010895667597651482 15
1653311000633 0.010895667597651482 15
1653311009925 0.009929236024618149 16
1653311009945 0.009929236024618149 16
1653311021068 0.010606239549815655 17
1653311021086 0.010606239549815655 17
1653311030922 0.016477802768349648 18
1653311030940 0.016477802768349648 18
1653311039606 0.008592996746301651 19
1653311039625 0.008592996746301651 19
