1653310853935 0.34807848930358887 0
1653310853954 0.34807848930358887 0
1653310862999 0.25167542695999146 1
1653310863017 0.25167542695999146 1
1653310874042 0.23527491092681885 2
1653310874061 0.23527491092681885 2
1653310883616 0.23549120128154755 3
1653310883635 0.23549120128154755 3
1653310892939 0.2223055213689804 4
1653310892960 0.2223055213689804 4
1653310901575 0.2082754522562027 5
1653310901593 0.2082754522562027 5
1653310910985 0.22333425283432007 6
1653310911005 0.22333425283432007 6
1653310920499 0.186531201004982 7
1653310920519 0.186531201004982 7
1653310931860 0.21335037052631378 8
1653310931880 0.21335037052631378 8
1653310941112 0.1916736662387848 9
1653310941130 0.1916736662387848 9
1653310950325 0.19943511486053467 10
1653310950345 0.19943511486053467 10
1653310962179 0.17637711763381958 11
1653310962198 0.17637711763381958 11
1653310971632 0.18490132689476013 12
1653310971652 0.18490132689476013 12
1653310981396 0.17617684602737427 13
1653310981415 0.17617684602737427 13
1653310991439 0.16436520218849182 14
1653310991459 0.16436520218849182 14
1653311000615 0.16179192066192627 15
1653311000633 0.16179192066192627 15
1653311009925 0.18877506256103516 16
1653311009945 0.18877506256103516 16
1653311021068 0.153899148106575 17
1653311021086 0.153899148106575 17
1653311030922 0.1822095811367035 18
1653311030940 0.1822095811367035 18
1653311039606 0.1381925642490387 19
1653311039625 0.1381925642490387 19
