1653294281906 0.5079024434089661 0
1653294281922 0.5079024434089661 0
1653294288534 0.5404888987541199 1
1653294288549 0.5404888987541199 1
1653294295345 0.5967282056808472 2
1653294295360 0.5967282056808472 2
1653294301721 0.6528905034065247 3
1653294301738 0.6528905034065247 3
1653294308195 0.6984934210777283 4
1653294308211 0.6984934210777283 4
1653294314996 0.7297735810279846 5
1653294315011 0.7297735810279846 5
1653294322858 0.7680390477180481 6
1653294322874 0.7680390477180481 6
1653294330222 0.7880157828330994 7
1653294330238 0.7880157828330994 7
1653294337478 0.7795478701591492 8
1653294337494 0.7795478701591492 8
1653294344301 0.7942163944244385 9
1653294344316 0.7942163944244385 9
1653294352359 0.798658549785614 10
1653294352374 0.798658549785614 10
1653294359169 0.8069806098937988 11
1653294359184 0.8069806098937988 11
1653294365662 0.8164695501327515 12
1653294365677 0.8164695501327515 12
1653294372009 0.8022900819778442 13
1653294372024 0.8022900819778442 13
1653294379378 0.8139919638633728 14
1653294379393 0.8139919638633728 14
1653294385741 0.8108184337615967 15
1653294385756 0.8108184337615967 15
1653294392321 0.811298131942749 16
1653294392336 0.811298131942749 16
1653294399629 0.8194284439086914 17
1653294399645 0.8194284439086914 17
1653294407175 0.8229741454124451 18
1653294407192 0.8229741454124451 18
1653294414906 0.833279550075531 19
1653294414927 0.833279550075531 19
