1653294281906 0.6418644785881042 0
1653294281922 0.6418644785881042 0
1653294288534 0.6319023370742798 1
1653294288549 0.6319023370742798 1
1653294295345 0.6278238296508789 2
1653294295360 0.6278238296508789 2
1653294301721 0.6077414155006409 3
1653294301738 0.6077414155006409 3
1653294308195 0.5790349841117859 4
1653294308211 0.5790349841117859 4
1653294314996 0.5606467723846436 5
1653294315011 0.5606467723846436 5
1653294322858 0.5329988598823547 6
1653294322874 0.5329988598823547 6
1653294330222 0.5012240409851074 7
1653294330238 0.5012240409851074 7
1653294337478 0.5114713311195374 8
1653294337494 0.5114713311195374 8
1653294344301 0.4951002597808838 9
1653294344316 0.4951002597808838 9
1653294352359 0.49315744638442993 10
1653294352374 0.49315744638442993 10
1653294359169 0.4778841733932495 11
1653294359184 0.4778841733932495 11
1653294365662 0.46595388650894165 12
1653294365677 0.46595388650894165 12
1653294372009 0.4871641993522644 13
1653294372024 0.4871641993522644 13
1653294379378 0.470106303691864 14
1653294379393 0.470106303691864 14
1653294385741 0.47135400772094727 15
1653294385756 0.47135400772094727 15
1653294392321 0.47104787826538086 16
1653294392336 0.47104787826538086 16
1653294399629 0.45937320590019226 17
1653294399645 0.45937320590019226 17
1653294407175 0.45906493067741394 18
1653294407192 0.45906493067741394 18
1653294414906 0.45132526755332947 19
1653294414927 0.45132526755332947 19
