1653294281906 0.33866018056869507 0
1653294281922 0.33866018056869507 0
1653294288534 0.3250218331813812 1
1653294288549 0.3250218331813812 1
1653294295345 0.33865582942962646 2
1653294295360 0.33865582942962646 2
1653294301721 0.32894158363342285 3
1653294301738 0.32894158363342285 3
1653294308195 0.295924574136734 4
1653294308211 0.295924574136734 4
1653294314996 0.2632749378681183 5
1653294315011 0.2632749378681183 5
1653294322858 0.2873588800430298 6
1653294322874 0.2873588800430298 6
1653294330222 0.2188454419374466 7
1653294330238 0.2188454419374466 7
1653294337478 0.2438659369945526 8
1653294337494 0.2438659369945526 8
1653294344301 0.23601773381233215 9
1653294344316 0.23601773381233215 9
1653294352359 0.21720804274082184 10
1653294352374 0.21720804274082184 10
1653294359169 0.1958671361207962 11
1653294359184 0.1958671361207962 11
1653294365662 0.19047419726848602 12
1653294365677 0.19047419726848602 12
1653294372009 0.22512415051460266 13
1653294372024 0.22512415051460266 13
1653294379378 0.18859270215034485 14
1653294379393 0.18859270215034485 14
1653294385741 0.181995689868927 15
1653294385756 0.181995689868927 15
1653294392321 0.1841902732849121 16
1653294392336 0.1841902732849121 16
1653294399629 0.177101731300354 17
1653294399645 0.177101731300354 17
1653294407175 0.17449229955673218 18
1653294407192 0.17449229955673218 18
1653294414906 0.15889647603034973 19
1653294414927 0.15889647603034973 19
