1653294281906 1.1783113479614258 0
1653294281922 1.1783113479614258 0
1653294288534 1.049889087677002 1
1653294288549 1.049889087677002 1
1653294295345 1.249950885772705 2
1653294295360 1.249950885772705 2
1653294301721 1.195580244064331 3
1653294301738 1.195580244064331 3
1653294308195 1.0585732460021973 4
1653294308211 1.0585732460021973 4
1653294314996 0.8044143915176392 5
1653294315011 0.8044143915176392 5
1653294322858 1.1669671535491943 6
1653294322874 1.1669671535491943 6
1653294330222 0.6222619414329529 7
1653294330238 0.6222619414329529 7
1653294337478 0.8048076033592224 8
1653294337494 0.8048076033592224 8
1653294344301 0.8469072580337524 9
1653294344316 0.8469072580337524 9
1653294352359 0.6043347120285034 10
1653294352374 0.6043347120285034 10
1653294359169 0.49381473660469055 11
1653294359184 0.49381473660469055 11
1653294365662 0.4541947543621063 12
1653294365677 0.4541947543621063 12
1653294372009 0.7497342228889465 13
1653294372024 0.7497342228889465 13
1653294379378 0.4610951244831085 14
1653294379393 0.4610951244831085 14
1653294385741 0.364602267742157 15
1653294385756 0.364602267742157 15
1653294392321 0.37072426080703735 16
1653294392336 0.37072426080703735 16
1653294399629 0.3765113651752472 17
1653294399645 0.3765113651752472 17
1653294407175 0.3035142421722412 18
1653294407192 0.3035142421722412 18
1653294414906 0.2227005958557129 19
1653294414927 0.2227005958557129 19
