1653294281906 0.10117948800325394 0
1653294281922 0.10117948800325394 0
1653294288534 0.10030462592840195 1
1653294288549 0.10030462592840195 1
1653294295345 0.09371253848075867 2
1653294295360 0.09371253848075867 2
1653294301721 0.10113155096769333 3
1653294301738 0.10113155096769333 3
1653294308195 0.0883416011929512 4
1653294308211 0.0883416011929512 4
1653294314996 0.06832324713468552 5
1653294315011 0.06832324713468552 5
1653294322858 0.06736308336257935 6
1653294322874 0.06736308336257935 6
1653294330222 0.051519665867090225 7
1653294330238 0.051519665867090225 7
1653294337478 0.05743454024195671 8
1653294337494 0.05743454024195671 8
1653294344301 0.05376680940389633 9
1653294344316 0.05376680940389633 9
1653294352359 0.05450410023331642 10
1653294352374 0.05450410023331642 10
1653294359169 0.04128728061914444 11
1653294359184 0.04128728061914444 11
1653294365662 0.052434973418712616 12
1653294365677 0.052434973418712616 12
1653294372009 0.04914195463061333 13
1653294372024 0.04914195463061333 13
1653294379378 0.04173410311341286 14
1653294379393 0.04173410311341286 14
1653294385741 0.0500328503549099 15
1653294385756 0.0500328503549099 15
1653294392321 0.04619402065873146 16
1653294392336 0.04619402065873146 16
1653294399629 0.043332695960998535 17
1653294399645 0.043332695960998535 17
1653294407175 0.04245917499065399 18
1653294407192 0.04245917499065399 18
1653294414906 0.042446210980415344 19
1653294414927 0.042446210980415344 19
