1653294281906 0.6721681952476501 0
1653294281922 0.6721681952476501 0
1653294288534 0.6764886975288391 1
1653294288549 0.6764886975288391 1
1653294295345 0.6479198932647705 2
1653294295360 0.6479198932647705 2
1653294301721 0.62431800365448 3
1653294301738 0.62431800365448 3
1653294308195 0.5349247455596924 4
1653294308211 0.5349247455596924 4
1653294314996 0.5159956812858582 5
1653294315011 0.5159956812858582 5
1653294322858 0.469212144613266 6
1653294322874 0.469212144613266 6
1653294330222 0.4275827407836914 7
1653294330238 0.4275827407836914 7
1653294337478 0.4440040588378906 8
1653294337494 0.4440040588378906 8
1653294344301 0.4292062819004059 9
1653294344316 0.4292062819004059 9
1653294352359 0.42181396484375 10
1653294352374 0.42181396484375 10
1653294359169 0.42300379276275635 11
1653294359184 0.42300379276275635 11
1653294365662 0.40357595682144165 12
1653294365677 0.40357595682144165 12
1653294372009 0.4202945828437805 13
1653294372024 0.4202945828437805 13
1653294379378 0.4077906310558319 14
1653294379393 0.4077906310558319 14
1653294385741 0.40095821022987366 15
1653294385756 0.40095821022987366 15
1653294392321 0.42086461186408997 16
1653294392336 0.42086461186408997 16
1653294399629 0.39209455251693726 17
1653294399645 0.39209455251693726 17
1653294407175 0.39944636821746826 18
1653294407192 0.39944636821746826 18
1653294414906 0.38951706886291504 19
1653294414927 0.38951706886291504 19
