1653294281906 0.02971571311354637 0
1653294281922 0.02971571311354637 0
1653294288534 0.02787664160132408 1
1653294288549 0.02787664160132408 1
1653294295345 0.02658005990087986 2
1653294295360 0.02658005990087986 2
1653294301721 0.027483085170388222 3
1653294301738 0.027483085170388222 3
1653294308195 0.029236653819680214 4
1653294308211 0.029236653819680214 4
1653294314996 0.027335019782185555 5
1653294315011 0.027335019782185555 5
1653294322858 0.02641909010708332 6
1653294322874 0.02641909010708332 6
1653294330222 0.02773689664900303 7
1653294330238 0.02773689664900303 7
1653294337478 0.023716114461421967 8
1653294337494 0.023716114461421967 8
1653294344301 0.017781149595975876 9
1653294344316 0.017781149595975876 9
1653294352359 0.02810305543243885 10
1653294352374 0.02810305543243885 10
1653294359169 0.015352446585893631 11
1653294359184 0.015352446585893631 11
1653294365662 0.016925513744354248 12
1653294365677 0.016925513744354248 12
1653294372009 0.019990095868706703 13
1653294372024 0.019990095868706703 13
1653294379378 0.015826428309082985 14
1653294379393 0.015826428309082985 14
1653294385741 0.014164164662361145 15
1653294385756 0.014164164662361145 15
1653294392321 0.01665339060127735 16
1653294392336 0.01665339060127735 16
1653294399629 0.014740969054400921 17
1653294399645 0.014740969054400921 17
1653294407175 0.016304416581988335 18
1653294407192 0.016304416581988335 18
1653294414906 0.012703086249530315 19
1653294414927 0.012703086249530315 19
