1653294281906 0.24282635748386383 0
1653294281922 0.24282635748386383 0
1653294288534 0.24033308029174805 1
1653294288549 0.24033308029174805 1
1653294295345 0.24416178464889526 2
1653294295360 0.24416178464889526 2
1653294301721 0.23626640439033508 3
1653294301738 0.23626640439033508 3
1653294308195 0.22038103640079498 4
1653294308211 0.22038103640079498 4
1653294314996 0.22378672659397125 5
1653294315011 0.22378672659397125 5
1653294322858 0.2191503345966339 6
1653294322874 0.2191503345966339 6
1653294330222 0.19215182960033417 7
1653294330238 0.19215182960033417 7
1653294337478 0.21397267282009125 8
1653294337494 0.21397267282009125 8
1653294344301 0.18362337350845337 9
1653294344316 0.18362337350845337 9
1653294352359 0.19610102474689484 10
1653294352374 0.19610102474689484 10
1653294359169 0.17905114591121674 11
1653294359184 0.17905114591121674 11
1653294365662 0.1740792989730835 12
1653294365677 0.1740792989730835 12
1653294372009 0.18722622096538544 13
1653294372024 0.18722622096538544 13
1653294379378 0.1705203801393509 14
1653294379393 0.1705203801393509 14
1653294385741 0.17939943075180054 15
1653294385756 0.17939943075180054 15
1653294392321 0.17593692243099213 16
1653294392336 0.17593692243099213 16
1653294399629 0.16773279011249542 17
1653294399645 0.16773279011249542 17
1653294407175 0.18368440866470337 18
1653294407192 0.18368440866470337 18
1653294414906 0.15816795825958252 19
1653294414927 0.15816795825958252 19
