1653300636239 0.5132229328155518 0
1653300636257 0.5132229328155518 0
1653300643096 0.5563002824783325 1
1653300643113 0.5563002824783325 1
1653300650530 0.6118661761283875 2
1653300650547 0.6118661761283875 2
1653300658122 0.6307518482208252 3
1653300658139 0.6307518482208252 3
1653300665062 0.7137135863304138 4
1653300665078 0.7137135863304138 4
1653300671808 0.7461957335472107 5
1653300671825 0.7461957335472107 5
1653300678806 0.7643724083900452 6
1653300678822 0.7643724083900452 6
1653300685304 0.7872351408004761 7
1653300685321 0.7872351408004761 7
1653300691810 0.7927582859992981 8
1653300691826 0.7927582859992981 8
1653300698536 0.8093878030776978 9
1653300698553 0.8093878030776978 9
1653300705716 0.8046579360961914 10
1653300705734 0.8046579360961914 10
1653300713373 0.8056768178939819 11
1653300713392 0.8056768178939819 11
1653300720415 0.8152405023574829 12
1653300720431 0.8152405023574829 12
1653300727505 0.8122122287750244 13
1653300727523 0.8122122287750244 13
1653300735297 0.8093659281730652 14
1653300735313 0.8093659281730652 14
1653300741672 0.8242270350456238 15
1653300741689 0.8242270350456238 15
1653300748153 0.8292577862739563 16
1653300748169 0.8292577862739563 16
1653300754567 0.823426365852356 17
1653300754584 0.823426365852356 17
1653300761838 0.8219050765037537 18
1653300761856 0.8219050765037537 18
1653300768850 0.8364444971084595 19
1653300768866 0.8364444971084595 19
