1653300636239 0.6401826739311218 0
1653300636257 0.6401826739311218 0
1653300643096 0.6306678652763367 1
1653300643113 0.6306678652763367 1
1653300650530 0.6226939558982849 2
1653300650547 0.6226939558982849 2
1653300658122 0.6124330163002014 3
1653300658139 0.6124330163002014 3
1653300665062 0.5712623596191406 4
1653300665078 0.5712623596191406 4
1653300671808 0.554254412651062 5
1653300671825 0.554254412651062 5
1653300678806 0.5308666229248047 6
1653300678822 0.5308666229248047 6
1653300685304 0.5105026364326477 7
1653300685321 0.5105026364326477 7
1653300691810 0.49653270840644836 8
1653300691826 0.49653270840644836 8
1653300698536 0.4824472665786743 9
1653300698553 0.4824472665786743 9
1653300705716 0.4857039749622345 10
1653300705734 0.4857039749622345 10
1653300713373 0.4808608889579773 11
1653300713392 0.4808608889579773 11
1653300720415 0.47580134868621826 12
1653300720431 0.47580134868621826 12
1653300727505 0.4682525098323822 13
1653300727523 0.4682525098323822 13
1653300735297 0.47488006949424744 14
1653300735313 0.47488006949424744 14
1653300741672 0.46083328127861023 15
1653300741689 0.46083328127861023 15
1653300748153 0.4534328281879425 16
1653300748169 0.4534328281879425 16
1653300754567 0.46142759919166565 17
1653300754584 0.46142759919166565 17
1653300761838 0.46377190947532654 18
1653300761856 0.46377190947532654 18
1653300768850 0.44015344977378845 19
1653300768866 0.44015344977378845 19
