1653300636239 0.4018729031085968 0
1653300636257 0.4018729031085968 0
1653300643096 0.37955883145332336 1
1653300643113 0.37955883145332336 1
1653300650530 0.3291701078414917 2
1653300650547 0.3291701078414917 2
1653300658122 0.3021719455718994 3
1653300658139 0.3021719455718994 3
1653300665062 0.2711043953895569 4
1653300665078 0.2711043953895569 4
1653300671808 0.2545628249645233 5
1653300671825 0.2545628249645233 5
1653300678806 0.24444392323493958 6
1653300678822 0.24444392323493958 6
1653300685304 0.22752973437309265 7
1653300685321 0.22752973437309265 7
1653300691810 0.22252677381038666 8
1653300691826 0.22252677381038666 8
1653300698536 0.2167966514825821 9
1653300698553 0.2167966514825821 9
1653300705716 0.2200581431388855 10
1653300705734 0.2200581431388855 10
1653300713373 0.20995040237903595 11
1653300713392 0.20995040237903595 11
1653300720415 0.21486282348632812 12
1653300720431 0.21486282348632812 12
1653300727505 0.20649711787700653 13
1653300727523 0.20649711787700653 13
1653300735297 0.2042672485113144 14
1653300735313 0.2042672485113144 14
1653300741672 0.20137803256511688 15
1653300741689 0.20137803256511688 15
1653300748153 0.19831573963165283 16
1653300748169 0.19831573963165283 16
1653300754567 0.20244131982326508 17
1653300754584 0.20244131982326508 17
1653300761838 0.202925443649292 18
1653300761856 0.202925443649292 18
1653300768850 0.19042082130908966 19
1653300768866 0.19042082130908966 19
