1653300636239 0.22088752686977386 0
1653300636257 0.22088752686977386 0
1653300643096 0.21596530079841614 1
1653300643113 0.21596530079841614 1
1653300650530 0.15018723905086517 2
1653300650547 0.15018723905086517 2
1653300658122 0.12031388282775879 3
1653300658139 0.12031388282775879 3
1653300665062 0.0839330404996872 4
1653300665078 0.0839330404996872 4
1653300671808 0.08195195347070694 5
1653300671825 0.08195195347070694 5
1653300678806 0.06543838232755661 6
1653300678822 0.06543838232755661 6
1653300685304 0.061640966683626175 7
1653300685321 0.061640966683626175 7
1653300691810 0.04981311783194542 8
1653300691826 0.04981311783194542 8
1653300698536 0.05019989609718323 9
1653300698553 0.05019989609718323 9
1653300705716 0.05185147747397423 10
1653300705734 0.05185147747397423 10
1653300713373 0.04304002225399017 11
1653300713392 0.04304002225399017 11
1653300720415 0.04928625375032425 12
1653300720431 0.04928625375032425 12
1653300727505 0.04422832652926445 13
1653300727523 0.04422832652926445 13
1653300735297 0.04646811634302139 14
1653300735313 0.04646811634302139 14
1653300741672 0.04170675948262215 15
1653300741689 0.04170675948262215 15
1653300748153 0.03886169195175171 16
1653300748169 0.03886169195175171 16
1653300754567 0.03959473595023155 17
1653300754584 0.03959473595023155 17
1653300761838 0.045562200248241425 18
1653300761856 0.045562200248241425 18
1653300768850 0.036556072533130646 19
1653300768866 0.036556072533130646 19
