1653300636239 0.8906829953193665 0
1653300636257 0.8906829953193665 0
1653300643096 0.7990525960922241 1
1653300643113 0.7990525960922241 1
1653300650530 0.731214165687561 2
1653300650547 0.731214165687561 2
1653300658122 0.6707651019096375 3
1653300658139 0.6707651019096375 3
1653300665062 0.5588171482086182 4
1653300665078 0.5588171482086182 4
1653300671808 0.5098505616188049 5
1653300671825 0.5098505616188049 5
1653300678806 0.4901489317417145 6
1653300678822 0.4901489317417145 6
1653300685304 0.44776642322540283 7
1653300685321 0.44776642322540283 7
1653300691810 0.43950560688972473 8
1653300691826 0.43950560688972473 8
1653300698536 0.41212618350982666 9
1653300698553 0.41212618350982666 9
1653300705716 0.42516595125198364 10
1653300705734 0.42516595125198364 10
1653300713373 0.41584473848342896 11
1653300713392 0.41584473848342896 11
1653300720415 0.4123839735984802 12
1653300720431 0.4123839735984802 12
1653300727505 0.3951798379421234 13
1653300727523 0.3951798379421234 13
1653300735297 0.40899500250816345 14
1653300735313 0.40899500250816345 14
1653300741672 0.38968032598495483 15
1653300741689 0.38968032598495483 15
1653300748153 0.38727161288261414 16
1653300748169 0.38727161288261414 16
1653300754567 0.3862089514732361 17
1653300754584 0.3862089514732361 17
1653300761838 0.40122416615486145 18
1653300761856 0.40122416615486145 18
1653300768850 0.36974847316741943 19
1653300768866 0.36974847316741943 19
