1653300636239 0.062333233654499054 0
1653300636257 0.062333233654499054 0
1653300643096 0.0625508651137352 1
1653300643113 0.0625508651137352 1
1653300650530 0.04068530723452568 2
1653300650547 0.04068530723452568 2
1653300658122 0.031769875437021255 3
1653300658139 0.031769875437021255 3
1653300665062 0.03425285965204239 4
1653300665078 0.03425285965204239 4
1653300671808 0.029920941218733788 5
1653300671825 0.029920941218733788 5
1653300678806 0.02558521181344986 6
1653300678822 0.02558521181344986 6
1653300685304 0.03072146326303482 7
1653300685321 0.03072146326303482 7
1653300691810 0.025263134390115738 8
1653300691826 0.025263134390115738 8
1653300698536 0.021663876250386238 9
1653300698553 0.021663876250386238 9
1653300705716 0.020884953439235687 10
1653300705734 0.020884953439235687 10
1653300713373 0.019841590896248817 11
1653300713392 0.019841590896248817 11
1653300720415 0.01346950326114893 12
1653300720431 0.01346950326114893 12
1653300727505 0.01781902089715004 13
1653300727523 0.01781902089715004 13
1653300735297 0.01656378246843815 14
1653300735313 0.01656378246843815 14
1653300741672 0.014437627978622913 15
1653300741689 0.014437627978622913 15
1653300748153 0.01291093323379755 16
1653300748169 0.01291093323379755 16
1653300754567 0.01461011916399002 17
1653300754584 0.01461011916399002 17
1653300761838 0.012486375868320465 18
1653300761856 0.012486375868320465 18
1653300768850 0.012235390953719616 19
1653300768866 0.012235390953719616 19
