1653300636239 0.4675557315349579 0
1653300636257 0.4675557315349579 0
1653300643096 0.42573878169059753 1
1653300643113 0.42573878169059753 1
1653300650530 0.32554447650909424 2
1653300650547 0.32554447650909424 2
1653300658122 0.28173336386680603 3
1653300658139 0.28173336386680603 3
1653300665062 0.26059529185295105 4
1653300665078 0.26059529185295105 4
1653300671808 0.2285158485174179 5
1653300671825 0.2285158485174179 5
1653300678806 0.2309572547674179 6
1653300678822 0.2309572547674179 6
1653300685304 0.18420492112636566 7
1653300685321 0.18420492112636566 7
1653300691810 0.19378207623958588 8
1653300691826 0.19378207623958588 8
1653300698536 0.193557009100914 9
1653300698553 0.193557009100914 9
1653300705716 0.20130378007888794 10
1653300705734 0.20130378007888794 10
1653300713373 0.17147216200828552 11
1653300713392 0.17147216200828552 11
1653300720415 0.20144811272621155 12
1653300720431 0.20144811272621155 12
1653300727505 0.17555458843708038 13
1653300727523 0.17555458843708038 13
1653300735297 0.1510114222764969 14
1653300735313 0.1510114222764969 14
1653300741672 0.1659683734178543 15
1653300741689 0.1659683734178543 15
1653300748153 0.1590082347393036 16
1653300748169 0.1590082347393036 16
1653300754567 0.17475901544094086 17
1653300754584 0.17475901544094086 17
1653300761838 0.16232359409332275 18
1653300761856 0.16232359409332275 18
1653300768850 0.14216193556785583 19
1653300768866 0.14216193556785583 19
