1653300636239 0.6931595802307129 0
1653300636257 0.6931595802307129 0
1653300643096 0.6925434470176697 1
1653300643113 0.6925434470176697 1
1653300650530 0.6910657286643982 2
1653300650547 0.6910657286643982 2
1653300658122 0.688323974609375 3
1653300658139 0.688323974609375 3
1653300665062 0.6832553744316101 4
1653300665078 0.6832553744316101 4
1653300671808 0.6764487028121948 5
1653300671825 0.6764487028121948 5
1653300678806 0.667099118232727 6
1653300678822 0.667099118232727 6
1653300685304 0.6607782244682312 7
1653300685321 0.6607782244682312 7
1653300691810 0.6567898392677307 8
1653300691826 0.6567898392677307 8
1653300698536 0.6571528911590576 9
1653300698553 0.6571528911590576 9
1653300705716 0.6521081924438477 10
1653300705734 0.6521081924438477 10
1653300713373 0.6498221158981323 11
1653300713392 0.6498221158981323 11
1653300720415 0.6503182053565979 12
1653300720431 0.6503182053565979 12
1653300727505 0.6483454704284668 13
1653300727523 0.6483454704284668 13
1653300735297 0.6481289267539978 14
1653300735313 0.6481289267539978 14
1653300741672 0.6443966031074524 15
1653300741689 0.6443966031074524 15
1653300748153 0.6483394503593445 16
1653300748169 0.6483394503593445 16
1653300754567 0.6462370753288269 17
1653300754584 0.6462370753288269 17
1653300761838 0.6451009511947632 18
1653300761856 0.6451009511947632 18
1653300768850 0.6450390219688416 19
1653300768866 0.6450390219688416 19
