1653298321314 0.5099592804908752 0
1653298321330 0.5099592804908752 0
1653298328331 0.5481939911842346 1
1653298328347 0.5481939911842346 1
1653298335728 0.5866963863372803 2
1653298335747 0.5866963863372803 2
1653298342092 0.6375362277030945 3
1653298342106 0.6375362277030945 3
1653298349208 0.672916054725647 4
1653298349224 0.672916054725647 4
1653298357151 0.7338724136352539 5
1653298357167 0.7338724136352539 5
1653298363359 0.7574947476387024 6
1653298363373 0.7574947476387024 6
1653298369795 0.7824026942253113 7
1653298369810 0.7824026942253113 7
1653298376243 0.7965120673179626 8
1653298376257 0.7965120673179626 8
1653298383348 0.7977197766304016 9
1653298383365 0.7977197766304016 9
1653298390311 0.7979933023452759 10
1653298390326 0.7979933023452759 10
1653298397272 0.8053942322731018 11
1653298397287 0.8053942322731018 11
1653298403493 0.8113960027694702 12
1653298403507 0.8113960027694702 12
1653298410545 0.8094238042831421 13
1653298410560 0.8094238042831421 13
1653298416664 0.8276706337928772 14
1653298416678 0.8276706337928772 14
1653298423260 0.8197318911552429 15
1653298423273 0.8197318911552429 15
1653298430528 0.8375653028488159 16
1653298430544 0.8375653028488159 16
1653298436720 0.8143288493156433 17
1653298436734 0.8143288493156433 17
1653298443770 0.8389095067977905 18
1653298443786 0.8389095067977905 18
1653298451224 0.8294510841369629 19
1653298451239 0.8294510841369629 19
