1653298321314 0.6425539255142212 0
1653298321330 0.6425539255142212 0
1653298328331 0.631039023399353 1
1653298328347 0.631039023399353 1
1653298335728 0.6293668746948242 2
1653298335747 0.6293668746948242 2
1653298342092 0.616631269454956 3
1653298342106 0.616631269454956 3
1653298349208 0.6056209206581116 4
1653298349224 0.6056209206581116 4
1653298357151 0.5580095648765564 5
1653298357167 0.5580095648765564 5
1653298363359 0.5351901650428772 6
1653298363373 0.5351901650428772 6
1653298369795 0.5114178657531738 7
1653298369810 0.5114178657531738 7
1653298376243 0.49411261081695557 8
1653298376257 0.49411261081695557 8
1653298383348 0.4883682131767273 9
1653298383365 0.4883682131767273 9
1653298390311 0.4837951064109802 10
1653298390326 0.4837951064109802 10
1653298397272 0.4829975366592407 11
1653298397287 0.4829975366592407 11
1653298403493 0.46831339597702026 12
1653298403507 0.46831339597702026 12
1653298410545 0.4786067306995392 13
1653298410560 0.4786067306995392 13
1653298416664 0.45826297998428345 14
1653298416678 0.45826297998428345 14
1653298423260 0.45977234840393066 15
1653298423273 0.45977234840393066 15
1653298430528 0.44288626313209534 16
1653298430544 0.44288626313209534 16
1653298436720 0.4686996042728424 17
1653298436734 0.4686996042728424 17
1653298443770 0.4405858814716339 18
1653298443786 0.4405858814716339 18
1653298451224 0.454013466835022 19
1653298451239 0.454013466835022 19
