1653298321314 0.37839409708976746 0
1653298321330 0.37839409708976746 0
1653298328331 0.3474900424480438 1
1653298328347 0.3474900424480438 1
1653298335728 0.29739174246788025 2
1653298335747 0.29739174246788025 2
1653298342092 0.26752960681915283 3
1653298342106 0.26752960681915283 3
1653298349208 0.24917106330394745 4
1653298349224 0.24917106330394745 4
1653298357151 0.217617005109787 5
1653298357167 0.217617005109787 5
1653298363359 0.19793418049812317 6
1653298363373 0.19793418049812317 6
1653298369795 0.191209077835083 7
1653298369810 0.191209077835083 7
1653298376243 0.1693814992904663 8
1653298376257 0.1693814992904663 8
1653298383348 0.1822705864906311 9
1653298383365 0.1822705864906311 9
1653298390311 0.16766616702079773 10
1653298390326 0.16766616702079773 10
1653298397272 0.16479699313640594 11
1653298397287 0.16479699313640594 11
1653298403493 0.16692514717578888 12
1653298403507 0.16692514717578888 12
1653298410545 0.16287051141262054 13
1653298410560 0.16287051141262054 13
1653298416664 0.15845124423503876 14
1653298416678 0.15845124423503876 14
1653298423260 0.1572597324848175 15
1653298423273 0.1572597324848175 15
1653298430528 0.14826320111751556 16
1653298430544 0.14826320111751556 16
1653298436720 0.15283599495887756 17
1653298436734 0.15283599495887756 17
1653298443770 0.14738011360168457 18
1653298443786 0.14738011360168457 18
1653298451224 0.14622128009796143 19
1653298451239 0.14622128009796143 19
