1653298321314 0.24340525269508362 0
1653298321330 0.24340525269508362 0
1653298328331 0.201580211520195 1
1653298328347 0.201580211520195 1
1653298335728 0.14973561465740204 2
1653298335747 0.14973561465740204 2
1653298342092 0.11950894445180893 3
1653298342106 0.11950894445180893 3
1653298349208 0.10949806123971939 4
1653298349224 0.10949806123971939 4
1653298357151 0.08052559196949005 5
1653298357167 0.08052559196949005 5
1653298363359 0.07066766917705536 6
1653298363373 0.07066766917705536 6
1653298369795 0.05429287627339363 7
1653298369810 0.05429287627339363 7
1653298376243 0.0549105629324913 8
1653298376257 0.0549105629324913 8
1653298383348 0.04855889454483986 9
1653298383365 0.04855889454483986 9
1653298390311 0.047026511281728745 10
1653298390326 0.047026511281728745 10
1653298397272 0.04706139490008354 11
1653298397287 0.04706139490008354 11
1653298403493 0.045616939663887024 12
1653298403507 0.045616939663887024 12
1653298410545 0.05056300759315491 13
1653298410560 0.05056300759315491 13
1653298416664 0.040565308183431625 14
1653298416678 0.040565308183431625 14
1653298423260 0.044758137315511703 15
1653298423273 0.044758137315511703 15
1653298430528 0.036862555891275406 16
1653298430544 0.036862555891275406 16
1653298436720 0.0462331660091877 17
1653298436734 0.0462331660091877 17
1653298443770 0.033007942140102386 18
1653298443786 0.033007942140102386 18
1653298451224 0.04117944836616516 19
1653298451239 0.04117944836616516 19
