1653298321314 0.8805370926856995 0
1653298321330 0.8805370926856995 0
1653298328331 0.8140007853507996 1
1653298328347 0.8140007853507996 1
1653298335728 0.7489694356918335 2
1653298335747 0.7489694356918335 2
1653298342092 0.685588538646698 3
1653298342106 0.685588538646698 3
1653298349208 0.6415463089942932 4
1653298349224 0.6415463089942932 4
1653298357151 0.5319728255271912 5
1653298357167 0.5319728255271912 5
1653298363359 0.4922817051410675 6
1653298363373 0.4922817051410675 6
1653298369795 0.44690898060798645 7
1653298369810 0.44690898060798645 7
1653298376243 0.42088016867637634 8
1653298376257 0.42088016867637634 8
1653298383348 0.44261449575424194 9
1653298383365 0.44261449575424194 9
1653298390311 0.4020259380340576 10
1653298390326 0.4020259380340576 10
1653298397272 0.43071070313453674 11
1653298397287 0.43071070313453674 11
1653298403493 0.40367642045021057 12
1653298403507 0.40367642045021057 12
1653298410545 0.41626736521720886 13
1653298410560 0.41626736521720886 13
1653298416664 0.39781108498573303 14
1653298416678 0.39781108498573303 14
1653298423260 0.38808557391166687 15
1653298423273 0.38808557391166687 15
1653298430528 0.3906748592853546 16
1653298430544 0.3906748592853546 16
1653298436720 0.382043719291687 17
1653298436734 0.382043719291687 17
1653298443770 0.38920894265174866 18
1653298443786 0.38920894265174866 18
1653298451224 0.37888991832733154 19
1653298451239 0.37888991832733154 19
