1653298321314 0.06934023648500443 0
1653298321330 0.06934023648500443 0
1653298328331 0.0672663226723671 1
1653298328347 0.0672663226723671 1
1653298335728 0.04203888401389122 2
1653298335747 0.04203888401389122 2
1653298342092 0.03934356942772865 3
1653298342106 0.03934356942772865 3
1653298349208 0.030201638117432594 4
1653298349224 0.030201638117432594 4
1653298357151 0.028675129637122154 5
1653298357167 0.028675129637122154 5
1653298363359 0.029495665803551674 6
1653298363373 0.029495665803551674 6
1653298369795 0.031018037348985672 7
1653298369810 0.031018037348985672 7
1653298376243 0.020016280934214592 8
1653298376257 0.020016280934214592 8
1653298383348 0.025646796450018883 9
1653298383365 0.025646796450018883 9
1653298390311 0.015842938795685768 10
1653298390326 0.015842938795685768 10
1653298397272 0.017270073294639587 11
1653298397287 0.017270073294639587 11
1653298403493 0.017983289435505867 12
1653298403507 0.017983289435505867 12
1653298410545 0.015843139961361885 13
1653298410560 0.015843139961361885 13
1653298416664 0.016364149749279022 14
1653298416678 0.016364149749279022 14
1653298423260 0.012869409285485744 15
1653298423273 0.012869409285485744 15
1653298430528 0.010141473263502121 16
1653298430544 0.010141473263502121 16
1653298436720 0.01576942577958107 17
1653298436734 0.01576942577958107 17
1653298443770 0.011442093178629875 18
1653298443786 0.011442093178629875 18
1653298451224 0.011394910514354706 19
1653298451239 0.011394910514354706 19
