1653298321314 0.46908214688301086 0
1653298321330 0.46908214688301086 0
1653298328331 0.4290546178817749 1
1653298328347 0.4290546178817749 1
1653298335728 0.33644384145736694 2
1653298335747 0.33644384145736694 2
1653298342092 0.2867744565010071 3
1653298342106 0.2867744565010071 3
1653298349208 0.2604392170906067 4
1653298349224 0.2604392170906067 4
1653298357151 0.24728159606456757 5
1653298357167 0.24728159606456757 5
1653298363359 0.20488475263118744 6
1653298363373 0.20488475263118744 6
1653298369795 0.23286773264408112 7
1653298369810 0.23286773264408112 7
1653298376243 0.1715155988931656 8
1653298376257 0.1715155988931656 8
1653298383348 0.21930162608623505 9
1653298383365 0.21930162608623505 9
1653298390311 0.19563260674476624 10
1653298390326 0.19563260674476624 10
1653298397272 0.1620359867811203 11
1653298397287 0.1620359867811203 11
1653298403493 0.1974925547838211 12
1653298403507 0.1974925547838211 12
1653298410545 0.162534698843956 13
1653298410560 0.162534698843956 13
1653298416664 0.17535795271396637 14
1653298416678 0.17535795271396637 14
1653298423260 0.1750779151916504 15
1653298423273 0.1750779151916504 15
1653298430528 0.15296663343906403 16
1653298430544 0.15296663343906403 16
1653298436720 0.14915859699249268 17
1653298436734 0.14915859699249268 17
1653298443770 0.15389889478683472 18
1653298443786 0.15389889478683472 18
1653298451224 0.13943320512771606 19
1653298451239 0.13943320512771606 19
