1653293619325 0.5187469720840454 0
1653293619341 0.5187469720840454 0
1653293627029 0.5584287643432617 1
1653293627045 0.5584287643432617 1
1653293634553 0.5836532711982727 2
1653293634569 0.5836532711982727 2
1653293641945 0.6463490724563599 3
1653293641963 0.6463490724563599 3
1653293648616 0.7132055759429932 4
1653293648631 0.7132055759429932 4
1653293655455 0.7492013573646545 5
1653293655469 0.7492013573646545 5
1653293662135 0.7580409049987793 6
1653293662149 0.7580409049987793 6
1653293669294 0.7959924936294556 7
1653293669310 0.7959924936294556 7
1653293676616 0.7968922257423401 8
1653293676633 0.7968922257423401 8
1653293684268 0.7819286584854126 9
1653293684283 0.7819286584854126 9
1653293691359 0.8089755773544312 10
1653293691374 0.8089755773544312 10
1653293697676 0.8100278973579407 11
1653293697690 0.8100278973579407 11
1653293704996 0.8097600340843201 12
1653293705012 0.8097600340843201 12
1653293711543 0.808148205280304 13
1653293711558 0.808148205280304 13
1653293718826 0.824184000492096 14
1653293718842 0.824184000492096 14
1653293725237 0.8223614692687988 15
1653293725251 0.8223614692687988 15
1653293732505 0.8271946907043457 16
1653293732520 0.8271946907043457 16
1653293738840 0.8225106000900269 17
1653293738854 0.8225106000900269 17
1653293745509 0.8394468426704407 18
1653293745524 0.8394468426704407 18
1653293753010 0.8055622577667236 19
1653293753025 0.8055622577667236 19
