1653293619325 0.6379313468933105 0
1653293619341 0.6379313468933105 0
1653293627029 0.6329652667045593 1
1653293627045 0.6329652667045593 1
1653293634553 0.6253607273101807 2
1653293634569 0.6253607273101807 2
1653293641945 0.6136966943740845 3
1653293641963 0.6136966943740845 3
1653293648616 0.5673747658729553 4
1653293648631 0.5673747658729553 4
1653293655455 0.5450769066810608 5
1653293655469 0.5450769066810608 5
1653293662135 0.5344095826148987 6
1653293662149 0.5344095826148987 6
1653293669294 0.5023989677429199 7
1653293669310 0.5023989677429199 7
1653293676616 0.4930126965045929 8
1653293676633 0.4930126965045929 8
1653293684268 0.5097459554672241 9
1653293684283 0.5097459554672241 9
1653293691359 0.48100167512893677 10
1653293691374 0.48100167512893677 10
1653293697676 0.4825325608253479 11
1653293697690 0.4825325608253479 11
1653293704996 0.4744867980480194 12
1653293705012 0.4744867980480194 12
1653293711543 0.4761616885662079 13
1653293711558 0.4761616885662079 13
1653293718826 0.464385986328125 14
1653293718842 0.464385986328125 14
1653293725237 0.4626281261444092 15
1653293725251 0.4626281261444092 15
1653293732505 0.4494924545288086 16
1653293732520 0.4494924545288086 16
1653293738840 0.4624708592891693 17
1653293738854 0.4624708592891693 17
1653293745509 0.43687576055526733 18
1653293745524 0.43687576055526733 18
1653293753010 0.4766770303249359 19
1653293753025 0.4766770303249359 19
