1653293619325 0.29294872283935547 0
1653293619341 0.29294872283935547 0
1653293627029 0.2912352383136749 1
1653293627045 0.2912352383136749 1
1653293634553 0.2876425087451935 2
1653293634569 0.2876425087451935 2
1653293641945 0.281009316444397 3
1653293641963 0.281009316444397 3
1653293648616 0.26206791400909424 4
1653293648631 0.26206791400909424 4
1653293655455 0.2446516454219818 5
1653293655469 0.2446516454219818 5
1653293662135 0.23804150521755219 6
1653293662149 0.23804150521755219 6
1653293669294 0.22433680295944214 7
1653293669310 0.22433680295944214 7
1653293676616 0.22292765974998474 8
1653293676633 0.22292765974998474 8
1653293684268 0.22640962898731232 9
1653293684283 0.22640962898731232 9
1653293691359 0.21346494555473328 10
1653293691374 0.21346494555473328 10
1653293697676 0.2129335254430771 11
1653293697690 0.2129335254430771 11
1653293704996 0.21296392381191254 12
1653293705012 0.21296392381191254 12
1653293711543 0.21049408614635468 13
1653293711558 0.21049408614635468 13
1653293718826 0.19984914362430573 14
1653293718842 0.19984914362430573 14
1653293725237 0.20496240258216858 15
1653293725251 0.20496240258216858 15
1653293732505 0.19810940325260162 16
1653293732520 0.19810940325260162 16
1653293738840 0.19699299335479736 17
1653293738854 0.19699299335479736 17
1653293745509 0.19485902786254883 18
1653293745524 0.19485902786254883 18
1653293753010 0.20559635758399963 19
1653293753025 0.20559635758399963 19
