1653293619325 0.09938881546258926 0
1653293619341 0.09938881546258926 0
1653293627029 0.10012435168027878 1
1653293627045 0.10012435168027878 1
1653293634553 0.09840819984674454 2
1653293634569 0.09840819984674454 2
1653293641945 0.092509426176548 3
1653293641963 0.092509426176548 3
1653293648616 0.08640718460083008 4
1653293648631 0.08640718460083008 4
1653293655455 0.0682162418961525 5
1653293655469 0.0682162418961525 5
1653293662135 0.06432431936264038 6
1653293662149 0.06432431936264038 6
1653293669294 0.05431748554110527 7
1653293669310 0.05431748554110527 7
1653293676616 0.04579371213912964 8
1653293676633 0.04579371213912964 8
1653293684268 0.05905323103070259 9
1653293684283 0.05905323103070259 9
1653293691359 0.046642888337373734 10
1653293691374 0.046642888337373734 10
1653293697676 0.04923772066831589 11
1653293697690 0.04923772066831589 11
1653293704996 0.041587747633457184 12
1653293705012 0.041587747633457184 12
1653293711543 0.04578959941864014 13
1653293711558 0.04578959941864014 13
1653293718826 0.03976215422153473 14
1653293718842 0.03976215422153473 14
1653293725237 0.041557010263204575 15
1653293725251 0.041557010263204575 15
1653293732505 0.04277845844626427 16
1653293732520 0.04277845844626427 16
1653293738840 0.0365651398897171 17
1653293738854 0.0365651398897171 17
1653293745509 0.03266552835702896 18
1653293745524 0.03266552835702896 18
1653293753010 0.04762493818998337 19
1653293753025 0.04762493818998337 19
