1653293619325 0.6783726215362549 0
1653293619341 0.6783726215362549 0
1653293627029 0.6712875366210938 1
1653293627045 0.6712875366210938 1
1653293634553 0.6619361639022827 2
1653293634569 0.6619361639022827 2
1653293641945 0.6252331733703613 3
1653293641963 0.6252331733703613 3
1653293648616 0.5360955595970154 4
1653293648631 0.5360955595970154 4
1653293655455 0.48630431294441223 5
1653293655469 0.48630431294441223 5
1653293662135 0.48195403814315796 6
1653293662149 0.48195403814315796 6
1653293669294 0.43236756324768066 7
1653293669310 0.43236756324768066 7
1653293676616 0.4466243088245392 8
1653293676633 0.4466243088245392 8
1653293684268 0.43859612941741943 9
1653293684283 0.43859612941741943 9
1653293691359 0.4057149589061737 10
1653293691374 0.4057149589061737 10
1653293697676 0.42027950286865234 11
1653293697690 0.42027950286865234 11
1653293704996 0.40427830815315247 12
1653293705012 0.40427830815315247 12
1653293711543 0.4122236967086792 13
1653293711558 0.4122236967086792 13
1653293718826 0.3918088674545288 14
1653293718842 0.3918088674545288 14
1653293725237 0.4087076187133789 15
1653293725251 0.4087076187133789 15
1653293732505 0.3725883364677429 16
1653293732520 0.3725883364677429 16
1653293738840 0.39095255732536316 17
1653293738854 0.39095255732536316 17
1653293745509 0.38211432099342346 18
1653293745524 0.38211432099342346 18
1653293753010 0.39889639616012573 19
1653293753025 0.39889639616012573 19
