1653293619325 0.02876163460314274 0
1653293619341 0.02876163460314274 0
1653293627029 0.028043638914823532 1
1653293627045 0.028043638914823532 1
1653293634553 0.0282656978815794 2
1653293634569 0.0282656978815794 2
1653293641945 0.02787313424050808 3
1653293641963 0.02787313424050808 3
1653293648616 0.0285244882106781 4
1653293648631 0.0285244882106781 4
1653293655455 0.026552943512797356 5
1653293655469 0.026552943512797356 5
1653293662135 0.020399553701281548 6
1653293662149 0.020399553701281548 6
1653293669294 0.02814706228673458 7
1653293669310 0.02814706228673458 7
1653293676616 0.019146263599395752 8
1653293676633 0.019146263599395752 8
1653293684268 0.020684367045760155 9
1653293684283 0.020684367045760155 9
1653293691359 0.02097495272755623 10
1653293691374 0.02097495272755623 10
1653293697676 0.014196017757058144 11
1653293697690 0.014196017757058144 11
1653293704996 0.01733819767832756 12
1653293705012 0.01733819767832756 12
1653293711543 0.017560791224241257 13
1653293711558 0.017560791224241257 13
1653293718826 0.01454121619462967 14
1653293718842 0.01454121619462967 14
1653293725237 0.013997736386954784 15
1653293725251 0.013997736386954784 15
1653293732505 0.012184398248791695 16
1653293732520 0.012184398248791695 16
1653293738840 0.013292346149682999 17
1653293738854 0.013292346149682999 17
1653293745509 0.009241730906069279 18
1653293745524 0.009241730906069279 18
1653293753010 0.013840495608747005 19
1653293753025 0.013840495608747005 19
