1653293619325 0.24408994615077972 0
1653293619341 0.24408994615077972 0
1653293627029 0.24265319108963013 1
1653293627045 0.24265319108963013 1
1653293634553 0.23685520887374878 2
1653293634569 0.23685520887374878 2
1653293641945 0.24237698316574097 3
1653293641963 0.24237698316574097 3
1653293648616 0.2361103594303131 4
1653293648631 0.2361103594303131 4
1653293655455 0.21945226192474365 5
1653293655469 0.21945226192474365 5
1653293662135 0.20924411714076996 6
1653293662149 0.20924411714076996 6
1653293669294 0.19410008192062378 7
1653293669310 0.19410008192062378 7
1653293676616 0.20350278913974762 8
1653293676633 0.20350278913974762 8
1653293684268 0.20315147936344147 9
1653293684283 0.20315147936344147 9
1653293691359 0.18783628940582275 10
1653293691374 0.18783628940582275 10
1653293697676 0.1825563907623291 11
1653293697690 0.1825563907623291 11
1653293704996 0.20283332467079163 12
1653293705012 0.20283332467079163 12
1653293711543 0.17936964333057404 13
1653293711558 0.17936964333057404 13
1653293718826 0.15582066774368286 14
1653293718842 0.15582066774368286 14
1653293725237 0.1699255257844925 15
1653293725251 0.1699255257844925 15
1653293732505 0.16723166406154633 16
1653293732520 0.16723166406154633 16
1653293738840 0.14848269522190094 17
1653293738854 0.14848269522190094 17
1653293745509 0.16605733335018158 18
1653293745524 0.16605733335018158 18
1653293753010 0.16692006587982178 19
1653293753025 0.16692006587982178 19
