1653293619325 0.6931362748146057 0
1653293619341 0.6931362748146057 0
1653293627029 0.6928579211235046 1
1653293627045 0.6928579211235046 1
1653293634553 0.6911630034446716 2
1653293634569 0.6911630034446716 2
1653293641945 0.687499463558197 3
1653293641963 0.687499463558197 3
1653293648616 0.6832234263420105 4
1653293648631 0.6832234263420105 4
1653293655455 0.6751196384429932 5
1653293655469 0.6751196384429932 5
1653293662135 0.6690374612808228 6
1653293662149 0.6690374612808228 6
1653293669294 0.6605870723724365 7
1653293669310 0.6605870723724365 7
1653293676616 0.6604207158088684 8
1653293676633 0.6604207158088684 8
1653293684268 0.6556095480918884 9
1653293684283 0.6556095480918884 9
1653293691359 0.6547888517379761 10
1653293691374 0.6547888517379761 10
1653293697676 0.6499770283699036 11
1653293697690 0.6499770283699036 11
1653293704996 0.6486679315567017 12
1653293705012 0.6486679315567017 12
1653293711543 0.647979736328125 13
1653293711558 0.647979736328125 13
1653293718826 0.6474929451942444 14
1653293718842 0.6474929451942444 14
1653293725237 0.6474335193634033 15
1653293725251 0.6474335193634033 15
1653293732505 0.6454604864120483 16
1653293732520 0.6454604864120483 16
1653293738840 0.6469100117683411 17
1653293738854 0.6469100117683411 17
1653293745509 0.6456571221351624 18
1653293745524 0.6456571221351624 18
1653293753010 0.6454286575317383 19
1653293753025 0.6454286575317383 19
