1653311266637 0.6690279841423035 0
1653311266661 0.6690279841423035 0
1653311276606 0.6392918825149536 1
1653311276623 0.6392918825149536 1
1653311285574 0.6382687091827393 2
1653311285592 0.6382687091827393 2
1653311294459 0.588787853717804 3
1653311294478 0.588787853717804 3
1653311305378 0.5818646550178528 4
1653311305395 0.5818646550178528 4
1653311316210 0.5458264350891113 5
1653311316228 0.5458264350891113 5
1653311325163 0.5333318710327148 6
1653311325181 0.5333318710327148 6
1653311334816 0.5203844308853149 7
1653311334835 0.5203844308853149 7
1653311346602 0.529770016670227 8
1653311346621 0.529770016670227 8
1653311355473 0.5072484612464905 9
1653311355492 0.5072484612464905 9
1653311364744 0.4985872805118561 10
1653311364762 0.4985872805118561 10
1653311374289 0.49634507298469543 11
1653311374306 0.49634507298469543 11
1653311382430 0.4856303930282593 12
1653311382447 0.4856303930282593 12
1653311390842 0.482674241065979 13
1653311390860 0.482674241065979 13
1653311400659 0.48250138759613037 14
1653311400677 0.48250138759613037 14
1653311409632 0.4649442434310913 15
1653311409651 0.4649442434310913 15
1653311419169 0.4795583188533783 16
1653311419188 0.4795583188533783 16
1653311428062 0.4556528329849243 17
1653311428080 0.4556528329849243 17
1653311436600 0.45075634121894836 18
1653311436617 0.45075634121894836 18
1653311445483 0.4625106751918793 19
1653311445500 0.4625106751918793 19
