1653311266637 0.504711389541626 0
1653311266661 0.504711389541626 0
1653311276606 0.5329750180244446 1
1653311276623 0.5329750180244446 1
1653311285574 0.5563015341758728 2
1653311285592 0.5563015341758728 2
1653311294459 0.6778618097305298 3
1653311294478 0.6778618097305298 3
1653311305378 0.6900275945663452 4
1653311305395 0.6900275945663452 4
1653311316210 0.7413955330848694 5
1653311316228 0.7413955330848694 5
1653311325163 0.7598504424095154 6
1653311325181 0.7598504424095154 6
1653311334816 0.7667539715766907 7
1653311334835 0.7667539715766907 7
1653311346602 0.7559486627578735 8
1653311346621 0.7559486627578735 8
1653311355473 0.7763460278511047 9
1653311355492 0.7763460278511047 9
1653311364744 0.7824510335922241 10
1653311364762 0.7824510335922241 10
1653311374289 0.7893569469451904 11
1653311374306 0.7893569469451904 11
1653311382430 0.795615553855896 12
1653311382447 0.795615553855896 12
1653311390842 0.8014081120491028 13
1653311390860 0.8014081120491028 13
1653311400659 0.8076311945915222 14
1653311400677 0.8076311945915222 14
1653311409632 0.8147745132446289 15
1653311409651 0.8147745132446289 15
1653311419169 0.8070750832557678 16
1653311419188 0.8070750832557678 16
1653311428062 0.8286722898483276 17
1653311428080 0.8286722898483276 17
1653311436600 0.8332710862159729 18
1653311436617 0.8332710862159729 18
1653311445483 0.8220732808113098 19
1653311445500 0.8220732808113098 19
