1653311266637 0.3632340431213379 0
1653311266661 0.3632340431213379 0
1653311276606 0.25589418411254883 1
1653311276623 0.25589418411254883 1
1653311285574 0.2443990558385849 2
1653311285592 0.2443990558385849 2
1653311294459 0.22031301259994507 3
1653311294478 0.22031301259994507 3
1653311305378 0.2116226702928543 4
1653311305395 0.2116226702928543 4
1653311316210 0.196586474776268 5
1653311316228 0.196586474776268 5
1653311325163 0.18975573778152466 6
1653311325181 0.18975573778152466 6
1653311334816 0.17890328168869019 7
1653311334835 0.17890328168869019 7
1653311346602 0.1850987821817398 8
1653311346621 0.1850987821817398 8
1653311355473 0.17399288713932037 9
1653311355492 0.17399288713932037 9
1653311364744 0.17028962075710297 10
1653311364762 0.17028962075710297 10
1653311374289 0.17082449793815613 11
1653311374306 0.17082449793815613 11
1653311382430 0.16545505821704865 12
1653311382447 0.16545505821704865 12
1653311390842 0.16249504685401917 13
1653311390860 0.16249504685401917 13
1653311400659 0.1649770438671112 14
1653311400677 0.1649770438671112 14
1653311409632 0.15099896490573883 15
1653311409651 0.15099896490573883 15
1653311419169 0.15913787484169006 16
1653311419188 0.15913787484169006 16
1653311428062 0.14691220223903656 17
1653311428080 0.14691220223903656 17
1653311436600 0.14775505661964417 18
1653311436617 0.14775505661964417 18
1653311445483 0.15232858061790466 19
1653311445500 0.15232858061790466 19
