1653311266637 0.15909215807914734 0
1653311266661 0.15909215807914734 0
1653311276606 0.09851934760808945 1
1653311276623 0.09851934760808945 1
1653311285574 0.0924832671880722 2
1653311285592 0.0924832671880722 2
1653311294459 0.0733785405755043 3
1653311294478 0.0733785405755043 3
1653311305378 0.06769199669361115 4
1653311305395 0.06769199669361115 4
1653311316210 0.0631818100810051 5
1653311316228 0.0631818100810051 5
1653311325163 0.058904774487018585 6
1653311325181 0.058904774487018585 6
1653311334816 0.0453173965215683 7
1653311334835 0.0453173965215683 7
1653311346602 0.05756034702062607 8
1653311346621 0.05756034702062607 8
1653311355473 0.05151970684528351 9
1653311355492 0.05151970684528351 9
1653311364744 0.04974886402487755 10
1653311364762 0.04974886402487755 10
1653311374289 0.04974102973937988 11
1653311374306 0.04974102973937988 11
1653311382430 0.046044569462537766 12
1653311382447 0.046044569462537766 12
1653311390842 0.04210139438509941 13
1653311390860 0.04210139438509941 13
1653311400659 0.04790143296122551 14
1653311400677 0.04790143296122551 14
1653311409632 0.041038110852241516 15
1653311409651 0.041038110852241516 15
1653311419169 0.03743220493197441 16
1653311419188 0.03743220493197441 16
1653311428062 0.038346629589796066 17
1653311428080 0.038346629589796066 17
1653311436600 0.034111011773347855 18
1653311436617 0.034111011773347855 18
1653311445483 0.03890739753842354 19
1653311445500 0.03890739753842354 19
