1653311266637 1.1883790493011475 0
1653311266661 1.1883790493011475 0
1653311276606 0.6827396154403687 1
1653311276623 0.6827396154403687 1
1653311285574 0.6417616009712219 2
1653311285592 0.6417616009712219 2
1653311294459 0.5883006453514099 3
1653311294478 0.5883006453514099 3
1653311305378 0.5464101433753967 4
1653311305395 0.5464101433753967 4
1653311316210 0.4955501854419708 5
1653311316228 0.4955501854419708 5
1653311325163 0.500777006149292 6
1653311325181 0.500777006149292 6
1653311334816 0.46362191438674927 7
1653311334835 0.46362191438674927 7
1653311346602 0.47732898592948914 8
1653311346621 0.47732898592948914 8
1653311355473 0.4581521153450012 9
1653311355492 0.4581521153450012 9
1653311364744 0.4235570430755615 10
1653311364762 0.4235570430755615 10
1653311374289 0.4448660910129547 11
1653311374306 0.4448660910129547 11
1653311382430 0.4373329281806946 12
1653311382447 0.4373329281806946 12
1653311390842 0.4285379946231842 13
1653311390860 0.4285379946231842 13
1653311400659 0.42609691619873047 14
1653311400677 0.42609691619873047 14
1653311409632 0.4003641903400421 15
1653311409651 0.4003641903400421 15
1653311419169 0.41287100315093994 16
1653311419188 0.41287100315093994 16
1653311428062 0.3794494569301605 17
1653311428080 0.3794494569301605 17
1653311436600 0.3835110068321228 18
1653311436617 0.3835110068321228 18
1653311445483 0.4077681303024292 19
1653311445500 0.4077681303024292 19
