1653311266637 0.033977724611759186 0
1653311266661 0.033977724611759186 0
1653311276606 0.029476474970579147 1
1653311276623 0.029476474970579147 1
1653311285574 0.025816701352596283 2
1653311285592 0.025816701352596283 2
1653311294459 0.021779660135507584 3
1653311294478 0.021779660135507584 3
1653311305378 0.027529671788215637 4
1653311305395 0.027529671788215637 4
1653311316210 0.016064748167991638 5
1653311316228 0.016064748167991638 5
1653311325163 0.009873445145785809 6
1653311325181 0.009873445145785809 6
1653311334816 0.01184912957251072 7
1653311334835 0.01184912957251072 7
1653311346602 0.011186239309608936 8
1653311346621 0.011186239309608936 8
1653311355473 0.009880801662802696 9
1653311355492 0.009880801662802696 9
1653311364744 0.009034030139446259 10
1653311364762 0.009034030139446259 10
1653311374289 0.008425655774772167 11
1653311374306 0.008425655774772167 11
1653311382430 0.007183128967881203 12
1653311382447 0.007183128967881203 12
1653311390842 0.0077375625260174274 13
1653311390860 0.0077375625260174274 13
1653311400659 0.006555595435202122 14
1653311400677 0.006555595435202122 14
1653311409632 0.007747895549982786 15
1653311409651 0.007747895549982786 15
1653311419169 0.005751605611294508 16
1653311419188 0.005751605611294508 16
1653311428062 0.008692672476172447 17
1653311428080 0.008692672476172447 17
1653311436600 0.00650358060374856 18
1653311436617 0.00650358060374856 18
1653311445483 0.005058634094893932 19
1653311445500 0.005058634094893932 19
