1653311266637 0.3273231089115143 0
1653311266661 0.3273231089115143 0
1653311276606 0.26177653670310974 1
1653311276623 0.26177653670310974 1
1653311285574 0.24848294258117676 2
1653311285592 0.24848294258117676 2
1653311294459 0.22478993237018585 3
1653311294478 0.22478993237018585 3
1653311305378 0.21548090875148773 4
1653311305395 0.21548090875148773 4
1653311316210 0.21724538505077362 5
1653311316228 0.21724538505077362 5
1653311325163 0.20131349563598633 6
1653311325181 0.20131349563598633 6
1653311334816 0.19592319428920746 7
1653311334835 0.19592319428920746 7
1653311346602 0.19713662564754486 8
1653311346621 0.19713662564754486 8
1653311355473 0.1784808337688446 9
1653311355492 0.1784808337688446 9
1653311364744 0.19170716404914856 10
1653311364762 0.19170716404914856 10
1653311374289 0.18189701437950134 11
1653311374306 0.18189701437950134 11
1653311382430 0.1733301728963852 12
1653311382447 0.1733301728963852 12
1653311390842 0.17095962166786194 13
1653311390860 0.17095962166786194 13
1653311400659 0.17867012321949005 14
1653311400677 0.17867012321949005 14
1653311409632 0.14665503799915314 15
1653311409651 0.14665503799915314 15
1653311419169 0.1754550039768219 16
1653311419188 0.1754550039768219 16
1653311428062 0.1481977105140686 17
1653311428080 0.1481977105140686 17
1653311436600 0.1594623476266861 18
1653311436617 0.1594623476266861 18
1653311445483 0.15490879118442535 19
1653311445500 0.15490879118442535 19
