1653302042276 0.5131897330284119 0
1653302042292 0.5131897330284119 0
1653302049257 0.5335244536399841 1
1653302049273 0.5335244536399841 1
1653302056503 0.5568745136260986 2
1653302056519 0.5568745136260986 2
1653302063448 0.5892201066017151 3
1653302063469 0.5892201066017151 3
1653302069655 0.6173264384269714 4
1653302069670 0.6173264384269714 4
1653302076950 0.6355445384979248 5
1653302076968 0.6355445384979248 5
1653302083894 0.6534304618835449 6
1653302083910 0.6534304618835449 6
1653302090853 0.6689767241477966 7
1653302090869 0.6689767241477966 7
1653302098272 0.654411792755127 8
1653302098288 0.654411792755127 8
1653302104579 0.6902678608894348 9
1653302104594 0.6902678608894348 9
1653302111835 0.7052968144416809 10
1653302111851 0.7052968144416809 10
1653302118880 0.7018243074417114 11
1653302118896 0.7018243074417114 11
1653302125103 0.7152329087257385 12
1653302125117 0.7152329087257385 12
1653302131892 0.7264021039009094 13
1653302131908 0.7264021039009094 13
1653302137923 0.7185044884681702 14
1653302137938 0.7185044884681702 14
1653302144030 0.7349222898483276 15
1653302144044 0.7349222898483276 15
1653302150124 0.7357431650161743 16
1653302150139 0.7357431650161743 16
1653302156019 0.7470182180404663 17
1653302156034 0.7470182180404663 17
1653302161891 0.7634568810462952 18
1653302161906 0.7634568810462952 18
1653302168303 0.7626090049743652 19
1653302168319 0.7626090049743652 19
