1653302042276 0.6452444195747375 0
1653302042292 0.6452444195747375 0
1653302049257 0.6317777037620544 1
1653302049273 0.6317777037620544 1
1653302056503 0.6327842473983765 2
1653302056519 0.6327842473983765 2
1653302063448 0.6242157220840454 3
1653302063469 0.6242157220840454 3
1653302069655 0.6162130236625671 4
1653302069670 0.6162130236625671 4
1653302076950 0.6127911806106567 5
1653302076968 0.6127911806106567 5
1653302083894 0.6041191816329956 6
1653302083910 0.6041191816329956 6
1653302090853 0.5935404300689697 7
1653302090869 0.5935404300689697 7
1653302098272 0.6053194403648376 8
1653302098288 0.6053194403648376 8
1653302104579 0.5856958031654358 9
1653302104594 0.5856958031654358 9
1653302111835 0.5771359205245972 10
1653302111851 0.5771359205245972 10
1653302118880 0.5726176500320435 11
1653302118896 0.5726176500320435 11
1653302125103 0.5712496042251587 12
1653302125117 0.5712496042251587 12
1653302131892 0.5571105480194092 13
1653302131908 0.5571105480194092 13
1653302137923 0.5712205171585083 14
1653302137938 0.5712205171585083 14
1653302144030 0.5554624199867249 15
1653302144044 0.5554624199867249 15
1653302150124 0.5558635592460632 16
1653302150139 0.5558635592460632 16
1653302156019 0.5426599383354187 17
1653302156034 0.5426599383354187 17
1653302161891 0.5359049439430237 18
1653302161906 0.5359049439430237 18
1653302168303 0.529644250869751 19
1653302168319 0.529644250869751 19
