1653302042276 0.3914121091365814 0
1653302042292 0.3914121091365814 0
1653302049257 0.34906941652297974 1
1653302049273 0.34906941652297974 1
1653302056503 0.2943141460418701 2
1653302056519 0.2943141460418701 2
1653302063448 0.27738556265830994 3
1653302063469 0.27738556265830994 3
1653302069655 0.2578960955142975 4
1653302069670 0.2578960955142975 4
1653302076950 0.2457813024520874 5
1653302076968 0.2457813024520874 5
1653302083894 0.23641227185726166 6
1653302083910 0.23641227185726166 6
1653302090853 0.2256162464618683 7
1653302090869 0.2256162464618683 7
1653302098272 0.2359548658132553 8
1653302098288 0.2359548658132553 8
1653302104579 0.2200753539800644 9
1653302104594 0.2200753539800644 9
1653302111835 0.2203058898448944 10
1653302111851 0.2203058898448944 10
1653302118880 0.20966091752052307 11
1653302118896 0.20966091752052307 11
1653302125103 0.20951129496097565 12
1653302125117 0.20951129496097565 12
1653302131892 0.2028081864118576 13
1653302131908 0.2028081864118576 13
1653302137923 0.2108292132616043 14
1653302137938 0.2108292132616043 14
1653302144030 0.19907911121845245 15
1653302144044 0.19907911121845245 15
1653302150124 0.20103363692760468 16
1653302150139 0.20103363692760468 16
1653302156019 0.19571810960769653 17
1653302156034 0.19571810960769653 17
1653302161891 0.1901014745235443 18
1653302161906 0.1901014745235443 18
1653302168303 0.1881660670042038 19
1653302168319 0.1881660670042038 19
