1653302042276 0.2416478991508484 0
1653302042292 0.2416478991508484 0
1653302049257 0.210725799202919 1
1653302049273 0.210725799202919 1
1653302056503 0.1314881294965744 2
1653302056519 0.1314881294965744 2
1653302063448 0.13209301233291626 3
1653302063469 0.13209301233291626 3
1653302069655 0.11444323509931564 4
1653302069670 0.11444323509931564 4
1653302076950 0.10044435411691666 5
1653302076968 0.10044435411691666 5
1653302083894 0.09094783663749695 6
1653302083910 0.09094783663749695 6
1653302090853 0.08321494609117508 7
1653302090869 0.08321494609117508 7
1653302098272 0.08770255744457245 8
1653302098288 0.08770255744457245 8
1653302104579 0.08708669990301132 9
1653302104594 0.08708669990301132 9
1653302111835 0.07753609865903854 10
1653302111851 0.07753609865903854 10
1653302118880 0.07207921892404556 11
1653302118896 0.07207921892404556 11
1653302125103 0.0691741406917572 12
1653302125117 0.0691741406917572 12
1653302131892 0.0703175812959671 13
1653302131908 0.0703175812959671 13
1653302137923 0.07466986030340195 14
1653302137938 0.07466986030340195 14
1653302144030 0.061150748282670975 15
1653302144044 0.061150748282670975 15
1653302150124 0.07173707336187363 16
1653302150139 0.07173707336187363 16
1653302156019 0.06282659620046616 17
1653302156034 0.06282659620046616 17
1653302161891 0.06044267117977142 18
1653302161906 0.06044267117977142 18
1653302168303 0.061907388269901276 19
1653302168319 0.061907388269901276 19
