1653302042276 0.887957751750946 0
1653302042292 0.887957751750946 0
1653302049257 0.801949143409729 1
1653302049273 0.801949143409729 1
1653302056503 0.7610902190208435 2
1653302056519 0.7610902190208435 2
1653302063448 0.7199909687042236 3
1653302063469 0.7199909687042236 3
1653302069655 0.6741225123405457 4
1653302069670 0.6741225123405457 4
1653302076950 0.6321648359298706 5
1653302076968 0.6321648359298706 5
1653302083894 0.5937010049819946 6
1653302083910 0.5937010049819946 6
1653302090853 0.5828721523284912 7
1653302090869 0.5828721523284912 7
1653302098272 0.6108681559562683 8
1653302098288 0.6108681559562683 8
1653302104579 0.5648036003112793 9
1653302104594 0.5648036003112793 9
1653302111835 0.5626562833786011 10
1653302111851 0.5626562833786011 10
1653302118880 0.529860258102417 11
1653302118896 0.529860258102417 11
1653302125103 0.5372704267501831 12
1653302125117 0.5372704267501831 12
1653302131892 0.5148534774780273 13
1653302131908 0.5148534774780273 13
1653302137923 0.5415064692497253 14
1653302137938 0.5415064692497253 14
1653302144030 0.5108885765075684 15
1653302144044 0.5108885765075684 15
1653302150124 0.5055389404296875 16
1653302150139 0.5055389404296875 16
1653302156019 0.5065181255340576 17
1653302156034 0.5065181255340576 17
1653302161891 0.4705598056316376 18
1653302161906 0.4705598056316376 18
1653302168303 0.4816689193248749 19
1653302168319 0.4816689193248749 19
