1653302042276 0.0890580266714096 0
1653302042292 0.0890580266714096 0
1653302049257 0.06935639679431915 1
1653302049273 0.06935639679431915 1
1653302056503 0.03965487331151962 2
1653302056519 0.03965487331151962 2
1653302063448 0.03686859458684921 3
1653302063469 0.03686859458684921 3
1653302069655 0.031779006123542786 4
1653302069670 0.031779006123542786 4
1653302076950 0.030562616884708405 5
1653302076968 0.030562616884708405 5
1653302083894 0.027654841542243958 6
1653302083910 0.027654841542243958 6
1653302090853 0.030723176896572113 7
1653302090869 0.030723176896572113 7
1653302098272 0.026859868317842484 8
1653302098288 0.026859868317842484 8
1653302104579 0.02264186181128025 9
1653302104594 0.02264186181128025 9
1653302111835 0.02810755744576454 10
1653302111851 0.02810755744576454 10
1653302118880 0.025192851200699806 11
1653302118896 0.025192851200699806 11
1653302125103 0.02384180575609207 12
1653302125117 0.02384180575609207 12
1653302131892 0.0205348189920187 13
1653302131908 0.0205348189920187 13
1653302137923 0.02699049562215805 14
1653302137938 0.02699049562215805 14
1653302144030 0.01934637315571308 15
1653302144044 0.01934637315571308 15
1653302150124 0.020051049068570137 16
1653302150139 0.020051049068570137 16
1653302156019 0.02058609202504158 17
1653302156034 0.02058609202504158 17
1653302161891 0.0220606941729784 18
1653302161906 0.0220606941729784 18
1653302168303 0.023212580010294914 19
1653302168319 0.023212580010294914 19
