1653302042276 0.4996902048587799 0
1653302042292 0.4996902048587799 0
1653302049257 0.4304604232311249 1
1653302049273 0.4304604232311249 1
1653302056503 0.33722567558288574 2
1653302056519 0.33722567558288574 2
1653302063448 0.29378777742385864 3
1653302063469 0.29378777742385864 3
1653302069655 0.26595592498779297 4
1653302069670 0.26595592498779297 4
1653302076950 0.25793275237083435 5
1653302076968 0.25793275237083435 5
1653302083894 0.25949352979660034 6
1653302083910 0.25949352979660034 6
1653302090853 0.22751984000205994 7
1653302090869 0.22751984000205994 7
1653302098272 0.2502953112125397 8
1653302098288 0.2502953112125397 8
1653302104579 0.22346478700637817 9
1653302104594 0.22346478700637817 9
1653302111835 0.23440192639827728 10
1653302111851 0.23440192639827728 10
1653302118880 0.2196291834115982 11
1653302118896 0.2196291834115982 11
1653302125103 0.21982301771640778 12
1653302125117 0.21982301771640778 12
1653302131892 0.21352437138557434 13
1653302131908 0.21352437138557434 13
1653302137923 0.2126127928495407 14
1653302137938 0.2126127928495407 14
1653302144030 0.21217314898967743 15
1653302144044 0.21217314898967743 15
1653302150124 0.2110925018787384 16
1653302150139 0.2110925018787384 16
1653302156019 0.20223653316497803 17
1653302156034 0.20223653316497803 17
1653302161891 0.20449048280715942 18
1653302161906 0.20449048280715942 18
1653302168303 0.18807753920555115 19
1653302168319 0.18807753920555115 19
