1653305969812 0.6377447843551636 0
1653305969831 0.6377447843551636 0
1653305976717 0.6293444633483887 1
1653305976736 0.6293444633483887 1
1653305984925 0.632013738155365 2
1653305984944 0.632013738155365 2
1653305992289 0.627799391746521 3
1653305992308 0.627799391746521 3
1653305999048 0.6183401942253113 4
1653305999076 0.6183401942253113 4
1653306005690 0.6123814582824707 5
1653306005708 0.6123814582824707 5
1653306013564 0.6024225950241089 6
1653306013583 0.6024225950241089 6
1653306021359 0.6007886528968811 7
1653306021379 0.6007886528968811 7
1653306027974 0.5999805927276611 8
1653306027995 0.5999805927276611 8
1653306035773 0.5860047936439514 9
1653306035792 0.5860047936439514 9
1653306043064 0.5915336608886719 10
1653306043084 0.5915336608886719 10
1653306049959 0.5808848738670349 11
1653306049976 0.5808848738670349 11
1653306056763 0.575171947479248 12
1653306056782 0.575171947479248 12
1653306063568 0.5726310014724731 13
1653306063585 0.5726310014724731 13
1653306071344 0.5691662430763245 14
1653306071363 0.5691662430763245 14
1653306078357 0.5564597845077515 15
1653306078376 0.5564597845077515 15
1653306085033 0.5656867027282715 16
1653306085051 0.5656867027282715 16
1653306092564 0.5499729514122009 17
1653306092584 0.5499729514122009 17
1653306099027 0.5286436676979065 18
1653306099046 0.5286436676979065 18
1653306106358 0.5564864873886108 19
1653306106378 0.5564864873886108 19
