1653305969812 0.3978230953216553 0
1653305969831 0.3978230953216553 0
1653305976717 0.3818920850753784 1
1653305976736 0.3818920850753784 1
1653305984925 0.3379957973957062 2
1653305984944 0.3379957973957062 2
1653305992289 0.3143238425254822 3
1653305992308 0.3143238425254822 3
1653305999048 0.2987416386604309 4
1653305999076 0.2987416386604309 4
1653306005690 0.2839231491088867 5
1653306005708 0.2839231491088867 5
1653306013564 0.2775569260120392 6
1653306013583 0.2775569260120392 6
1653306021359 0.2719148099422455 7
1653306021379 0.2719148099422455 7
1653306027974 0.2617286145687103 8
1653306027995 0.2617286145687103 8
1653306035773 0.26445743441581726 9
1653306035792 0.26445743441581726 9
1653306043064 0.26064255833625793 10
1653306043084 0.26064255833625793 10
1653306049959 0.2571614384651184 11
1653306049976 0.2571614384651184 11
1653306056763 0.2555021047592163 12
1653306056782 0.2555021047592163 12
1653306063568 0.2488986700773239 13
1653306063585 0.2488986700773239 13
1653306071344 0.25338029861450195 14
1653306071363 0.25338029861450195 14
1653306078357 0.23936454951763153 15
1653306078376 0.23936454951763153 15
1653306085033 0.2478504478931427 16
1653306085051 0.2478504478931427 16
1653306092564 0.2407134473323822 17
1653306092584 0.2407134473323822 17
1653306099027 0.2278788685798645 18
1653306099046 0.2278788685798645 18
1653306106358 0.24342331290245056 19
1653306106378 0.24342331290245056 19
