1653305969812 0.20804893970489502 0
1653305969831 0.20804893970489502 0
1653305976717 0.20338653028011322 1
1653305976736 0.20338653028011322 1
1653305984925 0.1450098603963852 2
1653305984944 0.1450098603963852 2
1653305992289 0.1254514753818512 3
1653305992308 0.1254514753818512 3
1653305999048 0.11257490515708923 4
1653305999076 0.11257490515708923 4
1653306005690 0.09384656697511673 5
1653306005708 0.09384656697511673 5
1653306013564 0.1029970571398735 6
1653306013583 0.1029970571398735 6
1653306021359 0.08528352528810501 7
1653306021379 0.08528352528810501 7
1653306027974 0.08101925253868103 8
1653306027995 0.08101925253868103 8
1653306035773 0.0812358483672142 9
1653306035792 0.0812358483672142 9
1653306043064 0.08212461322546005 10
1653306043084 0.08212461322546005 10
1653306049959 0.07992716133594513 11
1653306049976 0.07992716133594513 11
1653306056763 0.0795125961303711 12
1653306056782 0.0795125961303711 12
1653306063568 0.07160341739654541 13
1653306063585 0.07160341739654541 13
1653306071344 0.07140632718801498 14
1653306071363 0.07140632718801498 14
1653306078357 0.06603558361530304 15
1653306078376 0.06603558361530304 15
1653306085033 0.07188817113637924 16
1653306085051 0.07188817113637924 16
1653306092564 0.07098338752985 17
1653306092584 0.07098338752985 17
1653306099027 0.05757223069667816 18
1653306099046 0.05757223069667816 18
1653306106358 0.07382703572511673 19
1653306106378 0.07382703572511673 19
