1653305969812 0.8867535591125488 0
1653305969831 0.8867535591125488 0
1653305976717 0.8164026737213135 1
1653305976736 0.8164026737213135 1
1653305984925 0.7600923776626587 2
1653305984944 0.7600923776626587 2
1653305992289 0.7037873268127441 3
1653305992308 0.7037873268127441 3
1653305999048 0.6697204113006592 4
1653305999076 0.6697204113006592 4
1653306005690 0.6299706697463989 5
1653306005708 0.6299706697463989 5
1653306013564 0.6047875285148621 6
1653306013583 0.6047875285148621 6
1653306021359 0.5981816053390503 7
1653306021379 0.5981816053390503 7
1653306027974 0.5653338432312012 8
1653306027995 0.5653338432312012 8
1653306035773 0.5847142338752747 9
1653306035792 0.5847142338752747 9
1653306043064 0.5358576774597168 10
1653306043084 0.5358576774597168 10
1653306049959 0.5694734454154968 11
1653306049976 0.5694734454154968 11
1653306056763 0.5295354127883911 12
1653306056782 0.5295354127883911 12
1653306063568 0.5361687541007996 13
1653306063585 0.5361687541007996 13
1653306071344 0.5458501577377319 14
1653306071363 0.5458501577377319 14
1653306078357 0.5130041837692261 15
1653306078376 0.5130041837692261 15
1653306085033 0.518840491771698 16
1653306085051 0.518840491771698 16
1653306092564 0.5077661871910095 17
1653306092584 0.5077661871910095 17
1653306099027 0.4737487733364105 18
1653306099046 0.4737487733364105 18
1653306106358 0.5122724175453186 19
1653306106378 0.5122724175453186 19
