1653305969812 0.057449374347925186 0
1653305969831 0.057449374347925186 0
1653305976717 0.07493910193443298 1
1653305976736 0.07493910193443298 1
1653305984925 0.05518408492207527 2
1653305984944 0.05518408492207527 2
1653305992289 0.03781510889530182 3
1653305992308 0.03781510889530182 3
1653305999048 0.03287025913596153 4
1653305999076 0.03287025913596153 4
1653306005690 0.03097677230834961 5
1653306005708 0.03097677230834961 5
1653306013564 0.02737259864807129 6
1653306013583 0.02737259864807129 6
1653306021359 0.029109859839081764 7
1653306021379 0.029109859839081764 7
1653306027974 0.021825460717082024 8
1653306027995 0.021825460717082024 8
1653306035773 0.027931610122323036 9
1653306035792 0.027931610122323036 9
1653306043064 0.028435148298740387 10
1653306043084 0.028435148298740387 10
1653306049959 0.024855373427271843 11
1653306049976 0.024855373427271843 11
1653306056763 0.02414943464100361 12
1653306056782 0.02414943464100361 12
1653306063568 0.026140756905078888 13
1653306063585 0.026140756905078888 13
1653306071344 0.025904787704348564 14
1653306071363 0.025904787704348564 14
1653306078357 0.019187582656741142 15
1653306078376 0.019187582656741142 15
1653306085033 0.02371237985789776 16
1653306085051 0.02371237985789776 16
1653306092564 0.02251860499382019 17
1653306092584 0.02251860499382019 17
1653306099027 0.018229035660624504 18
1653306099046 0.018229035660624504 18
1653306106358 0.02440541982650757 19
1653306106378 0.02440541982650757 19
