1653305969812 0.4721192419528961 0
1653305969831 0.4721192419528961 0
1653305976717 0.4256214201450348 1
1653305976736 0.4256214201450348 1
1653305984925 0.3340950608253479 2
1653305984944 0.3340950608253479 2
1653305992289 0.29930949211120605 3
1653305992308 0.29930949211120605 3
1653305999048 0.2711879014968872 4
1653305999076 0.2711879014968872 4
1653306005690 0.25657230615615845 5
1653306005708 0.25657230615615845 5
1653306013564 0.2426263988018036 6
1653306013583 0.2426263988018036 6
1653306021359 0.24064595997333527 7
1653306021379 0.24064595997333527 7
1653306027974 0.22793202102184296 8
1653306027995 0.22793202102184296 8
1653306035773 0.22755050659179688 9
1653306035792 0.22755050659179688 9
1653306043064 0.23687197268009186 10
1653306043084 0.23687197268009186 10
1653306049959 0.20903965830802917 11
1653306049976 0.20903965830802917 11
1653306056763 0.23284663259983063 12
1653306056782 0.23284663259983063 12
1653306063568 0.20294073224067688 13
1653306063585 0.20294073224067688 13
1653306071344 0.22197802364826202 14
1653306071363 0.22197802364826202 14
1653306078357 0.19557584822177887 15
1653306078376 0.19557584822177887 15
1653306085033 0.2164406031370163 16
1653306085051 0.2164406031370163 16
1653306092564 0.1971973031759262 17
1653306092584 0.1971973031759262 17
1653306099027 0.18670392036437988 18
1653306099046 0.18670392036437988 18
1653306106358 0.19984452426433563 19
1653306106378 0.19984452426433563 19
