1653305969812 0.6931834816932678 0
1653305969831 0.6931834816932678 0
1653305976717 0.6931140422821045 1
1653305976736 0.6931140422821045 1
1653305984925 0.6917936205863953 2
1653305984944 0.6917936205863953 2
1653305992289 0.6904324889183044 3
1653305992308 0.6904324889183044 3
1653305999048 0.6858644485473633 4
1653305999076 0.6858644485473633 4
1653306005690 0.6718711256980896 5
1653306005708 0.6718711256980896 5
1653306013564 0.6654084324836731 6
1653306013583 0.6654084324836731 6
1653306021359 0.6597797870635986 7
1653306021379 0.6597797870635986 7
1653306027974 0.6546484231948853 8
1653306027995 0.6546484231948853 8
1653306035773 0.6547722220420837 9
1653306035792 0.6547722220420837 9
1653306043064 0.6535329222679138 10
1653306043084 0.6535329222679138 10
1653306049959 0.6538744568824768 11
1653306049976 0.6538744568824768 11
1653306056763 0.6503961682319641 12
1653306056782 0.6503961682319641 12
1653306063568 0.6507318615913391 13
1653306063585 0.6507318615913391 13
1653306071344 0.6494669318199158 14
1653306071363 0.6494669318199158 14
1653306078357 0.645565927028656 15
1653306078376 0.645565927028656 15
1653306085033 0.6480185389518738 16
1653306085051 0.6480185389518738 16
1653306092564 0.6491733193397522 17
1653306092584 0.6491733193397522 17
1653306099027 0.6481616497039795 18
1653306099046 0.6481616497039795 18
1653306106358 0.6475624442100525 19
1653306106378 0.6475624442100525 19
