1653292238275 0.5102987885475159 0
1653292238289 0.5102987885475159 0
1653292244944 0.5334962606430054 1
1653292244960 0.5334962606430054 1
1653292251807 0.5842532515525818 2
1653292251821 0.5842532515525818 2
1653292258801 0.637522280216217 3
1653292258815 0.637522280216217 3
1653292266259 0.6690704226493835 4
1653292266275 0.6690704226493835 4
1653292273353 0.7375434637069702 5
1653292273366 0.7375434637069702 5
1653292280007 0.7548481822013855 6
1653292280020 0.7548481822013855 6
1653292287451 0.7854199409484863 7
1653292287466 0.7854199409484863 7
1653292294351 0.7803962826728821 8
1653292294366 0.7803962826728821 8
1653292301592 0.7996696829795837 9
1653292301605 0.7996696829795837 9
1653292309128 0.8088374733924866 10
1653292309144 0.8088374733924866 10
1653292316929 0.803127646446228 11
1653292316945 0.803127646446228 11
1653292324518 0.8083391189575195 12
1653292324532 0.8083391189575195 12
1653292331314 0.8146053552627563 13
1653292331329 0.8146053552627563 13
1653292338126 0.8219201564788818 14
1653292338140 0.8219201564788818 14
1653292344743 0.8188238143920898 15
1653292344757 0.8188238143920898 15
1653292351349 0.8375130891799927 16
1653292351363 0.8375130891799927 16
1653292357968 0.8157331347465515 17
1653292357982 0.8157331347465515 17
1653292365403 0.8260453343391418 18
1653292365419 0.8260453343391418 18
1653292373072 0.8272810578346252 19
1653292373087 0.8272810578346252 19
