1653292238275 0.6417701244354248 0
1653292238289 0.6417701244354248 0
1653292244944 0.6307373046875 1
1653292244960 0.6307373046875 1
1653292251807 0.6273179054260254 2
1653292251821 0.6273179054260254 2
1653292258801 0.6163288950920105 3
1653292258815 0.6163288950920105 3
1653292266259 0.5940073728561401 4
1653292266275 0.5940073728561401 4
1653292273353 0.5563116669654846 5
1653292273366 0.5563116669654846 5
1653292280007 0.5396924614906311 6
1653292280020 0.5396924614906311 6
1653292287451 0.5096373558044434 7
1653292287466 0.5096373558044434 7
1653292294351 0.517452597618103 8
1653292294366 0.517452597618103 8
1653292301592 0.49344268441200256 9
1653292301605 0.49344268441200256 9
1653292309128 0.48311468958854675 10
1653292309144 0.48311468958854675 10
1653292316929 0.4867839515209198 11
1653292316945 0.4867839515209198 11
1653292324518 0.4791976511478424 12
1653292324532 0.4791976511478424 12
1653292331314 0.4647100269794464 13
1653292331329 0.4647100269794464 13
1653292338126 0.46438872814178467 14
1653292338140 0.46438872814178467 14
1653292344743 0.47044193744659424 15
1653292344757 0.47044193744659424 15
1653292351349 0.4440978467464447 16
1653292351363 0.4440978467464447 16
1653292357968 0.46251237392425537 17
1653292357982 0.46251237392425537 17
1653292365403 0.46330928802490234 18
1653292365419 0.46330928802490234 18
1653292373072 0.4531875550746918 19
1653292373087 0.4531875550746918 19
