1653292238275 0.22655224800109863 0
1653292238289 0.22655224800109863 0
1653292244944 0.221316397190094 1
1653292244960 0.221316397190094 1
1653292251807 0.22405247390270233 2
1653292251821 0.22405247390270233 2
1653292258801 0.209977388381958 3
1653292258815 0.209977388381958 3
1653292266259 0.19217199087142944 4
1653292266275 0.19217199087142944 4
1653292273353 0.17069187760353088 5
1653292273366 0.17069187760353088 5
1653292280007 0.15916109085083008 6
1653292280020 0.15916109085083008 6
1653292287451 0.15323393046855927 7
1653292287466 0.15323393046855927 7
1653292294351 0.14978809654712677 8
1653292294366 0.14978809654712677 8
1653292301592 0.1468583643436432 9
1653292301605 0.1468583643436432 9
1653292309128 0.13553392887115479 10
1653292309144 0.13553392887115479 10
1653292316929 0.14201828837394714 11
1653292316945 0.14201828837394714 11
1653292324518 0.13410450518131256 12
1653292324532 0.13410450518131256 12
1653292331314 0.13345025479793549 13
1653292331329 0.13345025479793549 13
1653292338126 0.12560294568538666 14
1653292338140 0.12560294568538666 14
1653292344743 0.13354314863681793 15
1653292344757 0.13354314863681793 15
1653292351349 0.12508802115917206 16
1653292351363 0.12508802115917206 16
1653292357968 0.12626522779464722 17
1653292357982 0.12626522779464722 17
1653292365403 0.12461018562316895 18
1653292365419 0.12461018562316895 18
1653292373072 0.12482494115829468 19
1653292373087 0.12482494115829468 19
