1653292238275 0.09626039117574692 0
1653292238289 0.09626039117574692 0
1653292244944 0.10205322504043579 1
1653292244960 0.10205322504043579 1
1653292251807 0.0964428260922432 2
1653292251821 0.0964428260922432 2
1653292258801 0.09287715703248978 3
1653292258815 0.09287715703248978 3
1653292266259 0.09156014025211334 4
1653292266275 0.09156014025211334 4
1653292273353 0.06976599246263504 5
1653292273366 0.06976599246263504 5
1653292280007 0.05845896899700165 6
1653292280020 0.05845896899700165 6
1653292287451 0.05993572995066643 7
1653292287466 0.05993572995066643 7
1653292294351 0.059626255184412 8
1653292294366 0.059626255184412 8
1653292301592 0.049128834158182144 9
1653292301605 0.049128834158182144 9
1653292309128 0.046608176082372665 10
1653292309144 0.046608176082372665 10
1653292316929 0.055863235145807266 11
1653292316945 0.055863235145807266 11
1653292324518 0.04593149945139885 12
1653292324532 0.04593149945139885 12
1653292331314 0.04570493474602699 13
1653292331329 0.04570493474602699 13
1653292338126 0.04429209232330322 14
1653292338140 0.04429209232330322 14
1653292344743 0.04587400704622269 15
1653292344757 0.04587400704622269 15
1653292351349 0.04079475998878479 16
1653292351363 0.04079475998878479 16
1653292357968 0.0456872321665287 17
1653292357982 0.0456872321665287 17
1653292365403 0.04337054118514061 18
1653292365419 0.04337054118514061 18
1653292373072 0.040248285979032516 19
1653292373087 0.040248285979032516 19
