1653292238275 0.6771074533462524 0
1653292238289 0.6771074533462524 0
1653292244944 0.6594681739807129 1
1653292244960 0.6594681739807129 1
1653292251807 0.6653062701225281 2
1653292251821 0.6653062701225281 2
1653292258801 0.6277197003364563 3
1653292258815 0.6277197003364563 3
1653292266259 0.5761876702308655 4
1653292266275 0.5761876702308655 4
1653292273353 0.49507710337638855 5
1653292273366 0.49507710337638855 5
1653292280007 0.48681575059890747 6
1653292280020 0.48681575059890747 6
1653292287451 0.45053598284721375 7
1653292287466 0.45053598284721375 7
1653292294351 0.451265424489975 8
1653292294366 0.451265424489975 8
1653292301592 0.4315536618232727 9
1653292301605 0.4315536618232727 9
1653292309128 0.4248967170715332 10
1653292309144 0.4248967170715332 10
1653292316929 0.41056913137435913 11
1653292316945 0.41056913137435913 11
1653292324518 0.4073852598667145 12
1653292324532 0.4073852598667145 12
1653292331314 0.3945174217224121 13
1653292331329 0.3945174217224121 13
1653292338126 0.39954468607902527 14
1653292338140 0.39954468607902527 14
1653292344743 0.39870938658714294 15
1653292344757 0.39870938658714294 15
1653292351349 0.37954455614089966 16
1653292351363 0.37954455614089966 16
1653292357968 0.3926292657852173 17
1653292357982 0.3926292657852173 17
1653292365403 0.3841066062450409 18
1653292365419 0.3841066062450409 18
1653292373072 0.3909603953361511 19
1653292373087 0.3909603953361511 19
