1653292238275 0.0290202833712101 0
1653292238289 0.0290202833712101 0
1653292244944 0.028500093147158623 1
1653292244960 0.028500093147158623 1
1653292251807 0.027015237137675285 2
1653292251821 0.027015237137675285 2
1653292258801 0.03009258583188057 3
1653292258815 0.03009258583188057 3
1653292266259 0.02572859823703766 4
1653292266275 0.02572859823703766 4
1653292273353 0.027235286310315132 5
1653292273366 0.027235286310315132 5
1653292280007 0.026826120913028717 6
1653292280020 0.026826120913028717 6
1653292287451 0.02113674394786358 7
1653292287466 0.02113674394786358 7
1653292294351 0.024089939892292023 8
1653292294366 0.024089939892292023 8
1653292301592 0.018471553921699524 9
1653292301605 0.018471553921699524 9
1653292309128 0.019931815564632416 10
1653292309144 0.019931815564632416 10
1653292316929 0.016262119635939598 11
1653292316945 0.016262119635939598 11
1653292324518 0.016851220279932022 12
1653292324532 0.016851220279932022 12
1653292331314 0.016690049320459366 13
1653292331329 0.016690049320459366 13
1653292338126 0.01344554778188467 14
1653292338140 0.01344554778188467 14
1653292344743 0.0162171833217144 15
1653292344757 0.0162171833217144 15
1653292351349 0.01189453061670065 16
1653292351363 0.01189453061670065 16
1653292357968 0.011726213619112968 17
1653292357982 0.011726213619112968 17
1653292365403 0.013739475049078465 18
1653292365419 0.013739475049078465 18
1653292373072 0.01195704285055399 19
1653292373087 0.01195704285055399 19
