1653292238275 0.24361801147460938 0
1653292238289 0.24361801147460938 0
1653292244944 0.23772962391376495 1
1653292244960 0.23772962391376495 1
1653292251807 0.24018748104572296 2
1653292251821 0.24018748104572296 2
1653292258801 0.23522815108299255 3
1653292258815 0.23522815108299255 3
1653292266259 0.230021670460701 4
1653292266275 0.230021670460701 4
1653292273353 0.23373153805732727 5
1653292273366 0.23373153805732727 5
1653292280007 0.2008194923400879 6
1653292280020 0.2008194923400879 6
1653292287451 0.20998911559581757 7
1653292287466 0.20998911559581757 7
1653292294351 0.18747352063655853 8
1653292294366 0.18747352063655853 8
1653292301592 0.21614617109298706 9
1653292301605 0.21614617109298706 9
1653292309128 0.16465188562870026 10
1653292309144 0.16465188562870026 10
1653292316929 0.20366674661636353 11
1653292316945 0.20366674661636353 11
1653292324518 0.17421472072601318 12
1653292324532 0.17421472072601318 12
1653292331314 0.19056029617786407 13
1653292331329 0.19056029617786407 13
1653292338126 0.14630326628684998 14
1653292338140 0.14630326628684998 14
1653292344743 0.18020130693912506 15
1653292344757 0.18020130693912506 15
1653292351349 0.1727062314748764 16
1653292351363 0.1727062314748764 16
1653292357968 0.15668977797031403 17
1653292357982 0.15668977797031403 17
1653292365403 0.15417331457138062 18
1653292365419 0.15417331457138062 18
1653292373072 0.1600966602563858 19
1653292373087 0.1600966602563858 19
