1653292238275 0.13089942932128906 0
1653292238289 0.13089942932128906 0
1653292244944 0.1193099319934845 1
1653292244960 0.1193099319934845 1
1653292251807 0.13619257509708405 2
1653292251821 0.13619257509708405 2
1653292258801 0.09695294499397278 3
1653292258815 0.09695294499397278 3
1653292266259 0.05790449678897858 4
1653292266275 0.05790449678897858 4
1653292273353 0.03071269951760769 5
1653292273366 0.03071269951760769 5
1653292280007 0.025548474863171577 6
1653292280020 0.025548474863171577 6
1653292287451 0.026087084785103798 7
1653292287466 0.026087084785103798 7
1653292294351 0.021915696561336517 8
1653292294366 0.021915696561336517 8
1653292301592 0.020619507879018784 9
1653292301605 0.020619507879018784 9
1653292309128 0.01803014986217022 10
1653292309144 0.01803014986217022 10
1653292316929 0.01769774593412876 11
1653292316945 0.01769774593412876 11
1653292324518 0.01836429350078106 12
1653292324532 0.01836429350078106 12
1653292331314 0.014728444628417492 13
1653292331329 0.014728444628417492 13
1653292338126 0.016316184774041176 14
1653292338140 0.016316184774041176 14
1653292344743 0.019733447581529617 15
1653292344757 0.019733447581529617 15
1653292351349 0.01601061038672924 16
1653292351363 0.01601061038672924 16
1653292357968 0.015802940353751183 17
1653292357982 0.015802940353751183 17
1653292365403 0.014488782733678818 18
1653292365419 0.014488782733678818 18
1653292373072 0.015814634039998055 19
1653292373087 0.015814634039998055 19
