1653309401538 0.6675098538398743 0
1653309401557 0.6675098538398743 0
1653309413699 0.6426240801811218 1
1653309413720 0.6426240801811218 1
1653309422637 0.6380367279052734 2
1653309422656 0.6380367279052734 2
1653309433371 0.6334115862846375 3
1653309433391 0.6334115862846375 3
1653309444775 0.6281670928001404 4
1653309444794 0.6281670928001404 4
1653309454383 0.6259713768959045 5
1653309454403 0.6259713768959045 5
1653309465011 0.6249148845672607 6
1653309465030 0.6249148845672607 6
1653309474137 0.6174300312995911 7
1653309474165 0.6174300312995911 7
1653309483386 0.6096549034118652 8
1653309483405 0.6096549034118652 8
1653309492112 0.5978904366493225 9
1653309492131 0.5978904366493225 9
1653309503022 0.6025941371917725 10
1653309503041 0.6025941371917725 10
1653309513027 0.5950599908828735 11
1653309513047 0.5950599908828735 11
1653309521499 0.5751875638961792 12
1653309521518 0.5751875638961792 12
1653309530005 0.5886523127555847 13
1653309530024 0.5886523127555847 13
1653309540241 0.570143461227417 14
1653309540260 0.570143461227417 14
1653309548856 0.5679896473884583 15
1653309548876 0.5679896473884583 15
1653309558043 0.56319260597229 16
1653309558063 0.56319260597229 16
1653309566498 0.5380998849868774 17
1653309566517 0.5380998849868774 17
1653309576631 0.5444797277450562 18
1653309576652 0.5444797277450562 18
1653309585682 0.5382320880889893 19
1653309585710 0.5382320880889893 19
