1653309401538 0.49777764081954956 0
1653309401557 0.49777764081954956 0
1653309413699 0.5112790465354919 1
1653309413720 0.5112790465354919 1
1653309422637 0.5132840871810913 2
1653309422656 0.5132840871810913 2
1653309433371 0.5365868210792542 3
1653309433391 0.5365868210792542 3
1653309444775 0.5580074787139893 4
1653309444794 0.5580074787139893 4
1653309454383 0.5820192694664001 5
1653309454403 0.5820192694664001 5
1653309465011 0.5951477885246277 6
1653309465030 0.5951477885246277 6
1653309474137 0.5972918272018433 7
1653309474165 0.5972918272018433 7
1653309483386 0.6454949975013733 8
1653309483405 0.6454949975013733 8
1653309492112 0.6509712934494019 9
1653309492131 0.6509712934494019 9
1653309503022 0.6533145904541016 10
1653309503041 0.6533145904541016 10
1653309513027 0.667750358581543 11
1653309513047 0.667750358581543 11
1653309521499 0.7116559743881226 12
1653309521518 0.7116559743881226 12
1653309530005 0.6771059036254883 13
1653309530024 0.6771059036254883 13
1653309540241 0.7153841257095337 14
1653309540260 0.7153841257095337 14
1653309548856 0.7151296138763428 15
1653309548876 0.7151296138763428 15
1653309558043 0.7179299592971802 16
1653309558063 0.7179299592971802 16
1653309566498 0.7549727559089661 17
1653309566517 0.7549727559089661 17
1653309576631 0.7396469712257385 18
1653309576652 0.7396469712257385 18
1653309585682 0.7495714426040649 19
1653309585710 0.7495714426040649 19
