1653309401538 0.33248183131217957 0
1653309401557 0.33248183131217957 0
1653309413699 0.23363927006721497 1
1653309413720 0.23363927006721497 1
1653309422637 0.22637788951396942 2
1653309422656 0.22637788951396942 2
1653309433371 0.2210947424173355 3
1653309433391 0.2210947424173355 3
1653309444775 0.21500882506370544 4
1653309444794 0.21500882506370544 4
1653309454383 0.2186586707830429 5
1653309454403 0.2186586707830429 5
1653309465011 0.21810506284236908 6
1653309465030 0.21810506284236908 6
1653309474137 0.21227464079856873 7
1653309474165 0.21227464079856873 7
1653309483386 0.20023411512374878 8
1653309483405 0.20023411512374878 8
1653309492112 0.20458170771598816 9
1653309492131 0.20458170771598816 9
1653309503022 0.19891880452632904 10
1653309503041 0.19891880452632904 10
1653309513027 0.19833745062351227 11
1653309513047 0.19833745062351227 11
1653309521499 0.19038644433021545 12
1653309521518 0.19038644433021545 12
1653309530005 0.1917094588279724 13
1653309530024 0.1917094588279724 13
1653309540241 0.18120302259922028 14
1653309540260 0.18120302259922028 14
1653309548856 0.18568092584609985 15
1653309548876 0.18568092584609985 15
1653309558043 0.1801661103963852 16
1653309558063 0.1801661103963852 16
1653309566498 0.16968706250190735 17
1653309566517 0.16968706250190735 17
1653309576631 0.167592391371727 18
1653309576652 0.167592391371727 18
1653309585682 0.16655050218105316 19
1653309585710 0.16655050218105316 19
