1653309401538 0.12395207583904266 0
1653309401557 0.12395207583904266 0
1653309413699 0.11357490718364716 1
1653309413720 0.11357490718364716 1
1653309422637 0.10089976340532303 2
1653309422656 0.10089976340532303 2
1653309433371 0.09827260673046112 3
1653309433391 0.09827260673046112 3
1653309444775 0.10161060094833374 4
1653309444794 0.10161060094833374 4
1653309454383 0.0950707346200943 5
1653309454403 0.0950707346200943 5
1653309465011 0.09518725425004959 6
1653309465030 0.09518725425004959 6
1653309474137 0.0889197513461113 7
1653309474165 0.0889197513461113 7
1653309483386 0.07514955848455429 8
1653309483405 0.07514955848455429 8
1653309492112 0.08560071140527725 9
1653309492131 0.08560071140527725 9
1653309503022 0.07324286550283432 10
1653309503041 0.07324286550283432 10
1653309513027 0.07810670882463455 11
1653309513047 0.07810670882463455 11
1653309521499 0.06893143057823181 12
1653309521518 0.06893143057823181 12
1653309530005 0.06662990152835846 13
1653309530024 0.06662990152835846 13
1653309540241 0.058872733265161514 14
1653309540260 0.058872733265161514 14
1653309548856 0.06442154198884964 15
1653309548876 0.06442154198884964 15
1653309558043 0.060669828206300735 16
1653309558063 0.060669828206300735 16
1653309566498 0.05970006808638573 17
1653309566517 0.05970006808638573 17
1653309576631 0.05106072127819061 18
1653309576652 0.05106072127819061 18
1653309585682 0.05741378664970398 19
1653309585710 0.05741378664970398 19
