1653309401538 1.164214015007019 0
1653309401557 1.164214015007019 0
1653309413699 0.7011809945106506 1
1653309413720 0.7011809945106506 1
1653309422637 0.6824747920036316 2
1653309422656 0.6824747920036316 2
1653309433371 0.6816575527191162 3
1653309433391 0.6816575527191162 3
1653309444775 0.6727967858314514 4
1653309444794 0.6727967858314514 4
1653309454383 0.649020254611969 5
1653309454403 0.649020254611969 5
1653309465011 0.6548100113868713 6
1653309465030 0.6548100113868713 6
1653309474137 0.6483732461929321 7
1653309474165 0.6483732461929321 7
1653309483386 0.6185705661773682 8
1653309483405 0.6185705661773682 8
1653309492112 0.6075212359428406 9
1653309492131 0.6075212359428406 9
1653309503022 0.6241102814674377 10
1653309503041 0.6241102814674377 10
1653309513027 0.5908887982368469 11
1653309513047 0.5908887982368469 11
1653309521499 0.5575313568115234 12
1653309521518 0.5575313568115234 12
1653309530005 0.565177857875824 13
1653309530024 0.565177857875824 13
1653309540241 0.5599768757820129 14
1653309540260 0.5599768757820129 14
1653309548856 0.5545554161071777 15
1653309548876 0.5545554161071777 15
1653309558043 0.5477129220962524 16
1653309558063 0.5477129220962524 16
1653309566498 0.486386775970459 17
1653309566517 0.486386775970459 17
1653309576631 0.5051998496055603 18
1653309576652 0.5051998496055603 18
1653309585682 0.49745723605155945 19
1653309585710 0.49745723605155945 19
