1653309401538 0.036137353628873825 0
1653309401557 0.036137353628873825 0
1653309413699 0.031107690185308456 1
1653309413720 0.031107690185308456 1
1653309422637 0.03229875490069389 2
1653309422656 0.03229875490069389 2
1653309433371 0.026369458064436913 3
1653309433391 0.026369458064436913 3
1653309444775 0.029963411390781403 4
1653309444794 0.029963411390781403 4
1653309454383 0.028851253911852837 5
1653309454403 0.028851253911852837 5
1653309465011 0.03232477977871895 6
1653309465030 0.03232477977871895 6
1653309474137 0.028544384986162186 7
1653309474165 0.028544384986162186 7
1653309483386 0.024649377912282944 8
1653309483405 0.024649377912282944 8
1653309492112 0.029459282755851746 9
1653309492131 0.029459282755851746 9
1653309503022 0.024342548102140427 10
1653309503041 0.024342548102140427 10
1653309513027 0.02357426844537258 11
1653309513047 0.02357426844537258 11
1653309521499 0.022592727094888687 12
1653309521518 0.022592727094888687 12
1653309530005 0.026375196874141693 13
1653309530024 0.026375196874141693 13
1653309540241 0.02029898203909397 14
1653309540260 0.02029898203909397 14
1653309548856 0.01950877346098423 15
1653309548876 0.01950877346098423 15
1653309558043 0.021066462621092796 16
1653309558063 0.021066462621092796 16
1653309566498 0.0210721455514431 17
1653309566517 0.0210721455514431 17
1653309576631 0.017919495701789856 18
1653309576652 0.017919495701789856 18
1653309585682 0.018610602244734764 19
1653309585710 0.018610602244734764 19
