1653309401538 0.41314220428466797 0
1653309401557 0.41314220428466797 0
1653309413699 0.2591237723827362 1
1653309413720 0.2591237723827362 1
1653309422637 0.2544136345386505 2
1653309422656 0.2544136345386505 2
1653309433371 0.24533063173294067 3
1653309433391 0.24533063173294067 3
1653309444775 0.2183370739221573 4
1653309444794 0.2183370739221573 4
1653309454383 0.24161295592784882 5
1653309454403 0.24161295592784882 5
1653309465011 0.26467087864875793 6
1653309465030 0.26467087864875793 6
1653309474137 0.22759369015693665 7
1653309474165 0.22759369015693665 7
1653309483386 0.2208033949136734 8
1653309483405 0.2208033949136734 8
1653309492112 0.2375543713569641 9
1653309492131 0.2375543713569641 9
1653309503022 0.22449348866939545 10
1653309503041 0.22449348866939545 10
1653309513027 0.22033818066120148 11
1653309513047 0.22033818066120148 11
1653309521499 0.21995964646339417 12
1653309521518 0.21995964646339417 12
1653309530005 0.22984245419502258 13
1653309530024 0.22984245419502258 13
1653309540241 0.19756744801998138 14
1653309540260 0.19756744801998138 14
1653309548856 0.22941096127033234 15
1653309548876 0.22941096127033234 15
1653309558043 0.20913778245449066 16
1653309558063 0.20913778245449066 16
1653309566498 0.20856699347496033 17
1653309566517 0.20856699347496033 17
1653309576631 0.19682173430919647 18
1653309576652 0.19682173430919647 18
1653309585682 0.18339209258556366 19
1653309585710 0.18339209258556366 19
