1653309401538 0.18678618967533112 0
1653309401557 0.18678618967533112 0
1653309413699 0.12053246796131134 1
1653309413720 0.12053246796131134 1
1653309422637 0.1128300204873085 2
1653309422656 0.1128300204873085 2
1653309433371 0.10602259635925293 3
1653309433391 0.10602259635925293 3
1653309444775 0.09909466654062271 4
1653309444794 0.09909466654062271 4
1653309454383 0.11921539157629013 5
1653309454403 0.11921539157629013 5
1653309465011 0.090204156935215 6
1653309465030 0.090204156935215 6
1653309474137 0.11021503806114197 7
1653309474165 0.11021503806114197 7
1653309483386 0.094978928565979 8
1653309483405 0.094978928565979 8
1653309492112 0.09735798835754395 9
1653309492131 0.09735798835754395 9
1653309503022 0.08738502860069275 10
1653309503041 0.08738502860069275 10
1653309513027 0.10578799992799759 11
1653309513047 0.10578799992799759 11
1653309521499 0.10429562628269196 12
1653309521518 0.10429562628269196 12
1653309530005 0.09084582328796387 13
1653309530024 0.09084582328796387 13
1653309540241 0.09160511195659637 14
1653309540260 0.09160511195659637 14
1653309548856 0.0856432095170021 15
1653309548876 0.0856432095170021 15
1653309558043 0.08378223329782486 16
1653309558063 0.08378223329782486 16
1653309566498 0.07864601910114288 17
1653309566517 0.07864601910114288 17
1653309576631 0.07725413143634796 18
1653309576652 0.07725413143634796 18
1653309585682 0.0833532065153122 19
1653309585710 0.0833532065153122 19
