1653295785999 0.5308555960655212 0
1653295786016 0.5308555960655212 0
1653295794144 0.5488109588623047 1
1653295794159 0.5488109588623047 1
1653295800796 0.5640329718589783 2
1653295800811 0.5640329718589783 2
1653295808157 0.6067492961883545 3
1653295808175 0.6067492961883545 3
1653295815628 0.6333392858505249 4
1653295815644 0.6333392858505249 4
1653295823266 0.6323580145835876 5
1653295823283 0.6323580145835876 5
1653295830192 0.6507317423820496 6
1653295830207 0.6507317423820496 6
1653295836840 0.6635379791259766 7
1653295836855 0.6635379791259766 7
1653295844556 0.6924922466278076 8
1653295844572 0.6924922466278076 8
1653295851272 0.6857326030731201 9
1653295851287 0.6857326030731201 9
1653295858093 0.6863176822662354 10
1653295858108 0.6863176822662354 10
1653295865672 0.6947043538093567 11
1653295865688 0.6947043538093567 11
1653295872066 0.7108877301216125 12
1653295872083 0.7108877301216125 12
1653295878444 0.7268782258033752 13
1653295878458 0.7268782258033752 13
1653295885372 0.7182126045227051 14
1653295885387 0.7182126045227051 14
1653295892002 0.7342946529388428 15
1653295892016 0.7342946529388428 15
1653295899222 0.7410828471183777 16
1653295899237 0.7410828471183777 16
1653295905466 0.7500700354576111 17
1653295905481 0.7500700354576111 17
1653295911969 0.7467206716537476 18
1653295911984 0.7467206716537476 18
1653295919613 0.7569600343704224 19
1653295919629 0.7569600343704224 19
