1653295785999 0.6368932723999023 0
1653295786016 0.6368932723999023 0
1653295794144 0.6332662105560303 1
1653295794159 0.6332662105560303 1
1653295800796 0.6290743947029114 2
1653295800811 0.6290743947029114 2
1653295808157 0.6222367286682129 3
1653295808175 0.6222367286682129 3
1653295815628 0.6128835678100586 4
1653295815644 0.6128835678100586 4
1653295823266 0.6114473342895508 5
1653295823283 0.6114473342895508 5
1653295830192 0.6004444360733032 6
1653295830207 0.6004444360733032 6
1653295836840 0.5982442498207092 7
1653295836855 0.5982442498207092 7
1653295844556 0.5814679265022278 8
1653295844572 0.5814679265022278 8
1653295851272 0.5842334628105164 9
1653295851287 0.5842334628105164 9
1653295858093 0.5917660593986511 10
1653295858108 0.5917660593986511 10
1653295865672 0.5769262313842773 11
1653295865688 0.5769262313842773 11
1653295872066 0.5711535215377808 12
1653295872083 0.5711535215377808 12
1653295878444 0.5592026114463806 13
1653295878458 0.5592026114463806 13
1653295885372 0.5684406757354736 14
1653295885387 0.5684406757354736 14
1653295892002 0.5535052418708801 15
1653295892016 0.5535052418708801 15
1653295899222 0.5512943267822266 16
1653295899237 0.5512943267822266 16
1653295905466 0.5406887531280518 17
1653295905481 0.5406887531280518 17
1653295911969 0.5419176816940308 18
1653295911984 0.5419176816940308 18
1653295919613 0.5384122133255005 19
1653295919629 0.5384122133255005 19
