1653295785999 0.2278745472431183 0
1653295786016 0.2278745472431183 0
1653295794144 0.2254261076450348 1
1653295794159 0.2254261076450348 1
1653295800796 0.2234349250793457 2
1653295800811 0.2234349250793457 2
1653295808157 0.22131139039993286 3
1653295808175 0.22131139039993286 3
1653295815628 0.21469242870807648 4
1653295815644 0.21469242870807648 4
1653295823266 0.2121654450893402 5
1653295823283 0.2121654450893402 5
1653295830192 0.20832036435604095 6
1653295830207 0.20832036435604095 6
1653295836840 0.20126008987426758 7
1653295836855 0.20126008987426758 7
1653295844556 0.2009880095720291 8
1653295844572 0.2009880095720291 8
1653295851272 0.19736739993095398 9
1653295851287 0.19736739993095398 9
1653295858093 0.19190175831317902 10
1653295858108 0.19190175831317902 10
1653295865672 0.1855643093585968 11
1653295865688 0.1855643093585968 11
1653295872066 0.1819448471069336 12
1653295872083 0.1819448471069336 12
1653295878444 0.17457880079746246 13
1653295878458 0.17457880079746246 13
1653295885372 0.17264236509799957 14
1653295885387 0.17264236509799957 14
1653295892002 0.17087620496749878 15
1653295892016 0.17087620496749878 15
1653295899222 0.16411885619163513 16
1653295899237 0.16411885619163513 16
1653295905466 0.1617092341184616 17
1653295905481 0.1617092341184616 17
1653295911969 0.1613185554742813 18
1653295911984 0.1613185554742813 18
1653295919613 0.15982665121555328 19
1653295919629 0.15982665121555328 19
