1653295785999 0.09926766902208328 0
1653295786016 0.09926766902208328 0
1653295794144 0.097628153860569 1
1653295794159 0.097628153860569 1
1653295800796 0.09984049201011658 2
1653295800811 0.09984049201011658 2
1653295808157 0.09986758232116699 3
1653295808175 0.09986758232116699 3
1653295815628 0.09057031571865082 4
1653295815644 0.09057031571865082 4
1653295823266 0.08513704687356949 5
1653295823283 0.08513704687356949 5
1653295830192 0.09409967064857483 6
1653295830207 0.09409967064857483 6
1653295836840 0.08239363133907318 7
1653295836855 0.08239363133907318 7
1653295844556 0.08567652106285095 8
1653295844572 0.08567652106285095 8
1653295851272 0.07694189995527267 9
1653295851287 0.07694189995527267 9
1653295858093 0.07656565308570862 10
1653295858108 0.07656565308570862 10
1653295865672 0.07631004601716995 11
1653295865688 0.07631004601716995 11
1653295872066 0.0802626833319664 12
1653295872083 0.0802626833319664 12
1653295878444 0.0699928030371666 13
1653295878458 0.0699928030371666 13
1653295885372 0.07094034552574158 14
1653295885387 0.07094034552574158 14
1653295892002 0.06878551095724106 15
1653295892016 0.06878551095724106 15
1653295899222 0.060431383550167084 16
1653295899237 0.060431383550167084 16
1653295905466 0.06707176566123962 17
1653295905481 0.06707176566123962 17
1653295911969 0.06149042770266533 18
1653295911984 0.06149042770266533 18
1653295919613 0.060804277658462524 19
1653295919629 0.060804277658462524 19
