1653295785999 0.6769266724586487 0
1653295786016 0.6769266724586487 0
1653295794144 0.6679286956787109 1
1653295794159 0.6679286956787109 1
1653295800796 0.6657891869544983 2
1653295800811 0.6657891869544983 2
1653295808157 0.6491506695747375 3
1653295808175 0.6491506695747375 3
1653295815628 0.6122477054595947 4
1653295815644 0.6122477054595947 4
1653295823266 0.6173921823501587 5
1653295823283 0.6173921823501587 5
1653295830192 0.5831426382064819 6
1653295830207 0.5831426382064819 6
1653295836840 0.5833399295806885 7
1653295836855 0.5833399295806885 7
1653295844556 0.5761243104934692 8
1653295844572 0.5761243104934692 8
1653295851272 0.5705514550209045 9
1653295851287 0.5705514550209045 9
1653295858093 0.5604638457298279 10
1653295858108 0.5604638457298279 10
1653295865672 0.5535354018211365 11
1653295865688 0.5535354018211365 11
1653295872066 0.5310885310173035 12
1653295872083 0.5310885310173035 12
1653295878444 0.5228496789932251 13
1653295878458 0.5228496789932251 13
1653295885372 0.5279366970062256 14
1653295885387 0.5279366970062256 14
1653295892002 0.513651430606842 15
1653295892016 0.513651430606842 15
1653295899222 0.5069625377655029 16
1653295899237 0.5069625377655029 16
1653295905466 0.505977213382721 17
1653295905481 0.505977213382721 17
1653295911969 0.4922272264957428 18
1653295911984 0.4922272264957428 18
1653295919613 0.4910176694393158 19
1653295919629 0.4910176694393158 19
