1653295785999 0.029017938300967216 0
1653295786016 0.029017938300967216 0
1653295794144 0.02608148753643036 1
1653295794159 0.02608148753643036 1
1653295800796 0.03012031503021717 2
1653295800811 0.03012031503021717 2
1653295808157 0.028782857581973076 3
1653295808175 0.028782857581973076 3
1653295815628 0.027073949575424194 4
1653295815644 0.027073949575424194 4
1653295823266 0.027963396161794662 5
1653295823283 0.027963396161794662 5
1653295830192 0.026302887126803398 6
1653295830207 0.026302887126803398 6
1653295836840 0.026158660650253296 7
1653295836855 0.026158660650253296 7
1653295844556 0.024247584864497185 8
1653295844572 0.024247584864497185 8
1653295851272 0.022338949143886566 9
1653295851287 0.022338949143886566 9
1653295858093 0.025802960619330406 10
1653295858108 0.025802960619330406 10
1653295865672 0.020685270428657532 11
1653295865688 0.020685270428657532 11
1653295872066 0.021394915878772736 12
1653295872083 0.021394915878772736 12
1653295878444 0.023503363132476807 13
1653295878458 0.023503363132476807 13
1653295885372 0.020002996549010277 14
1653295885387 0.020002996549010277 14
1653295892002 0.019335417076945305 15
1653295892016 0.019335417076945305 15
1653295899222 0.018410228192806244 16
1653295899237 0.018410228192806244 16
1653295905466 0.020087366923689842 17
1653295905481 0.020087366923689842 17
1653295911969 0.020585371181368828 18
1653295911984 0.020585371181368828 18
1653295919613 0.017374509945511818 19
1653295919629 0.017374509945511818 19
