1653295785999 0.24741481244564056 0
1653295786016 0.24741481244564056 0
1653295794144 0.24866488575935364 1
1653295794159 0.24866488575935364 1
1653295800796 0.24887549877166748 2
1653295800811 0.24887549877166748 2
1653295808157 0.24778473377227783 3
1653295808175 0.24778473377227783 3
1653295815628 0.2372487336397171 4
1653295815644 0.2372487336397171 4
1653295823266 0.2472538948059082 5
1653295823283 0.2472538948059082 5
1653295830192 0.22857601940631866 6
1653295830207 0.22857601940631866 6
1653295836840 0.22954599559307098 7
1653295836855 0.22954599559307098 7
1653295844556 0.22957953810691833 8
1653295844572 0.22957953810691833 8
1653295851272 0.21750737726688385 9
1653295851287 0.21750737726688385 9
1653295858093 0.248853862285614 10
1653295858108 0.248853862285614 10
1653295865672 0.21783991158008575 11
1653295865688 0.21783991158008575 11
1653295872066 0.2351078987121582 12
1653295872083 0.2351078987121582 12
1653295878444 0.20834502577781677 13
1653295878458 0.20834502577781677 13
1653295885372 0.2156798094511032 14
1653295885387 0.2156798094511032 14
1653295892002 0.22450846433639526 15
1653295892016 0.22450846433639526 15
1653295899222 0.20852284133434296 16
1653295899237 0.20852284133434296 16
1653295905466 0.1983502209186554 17
1653295905481 0.1983502209186554 17
1653295911969 0.21086063981056213 18
1653295911984 0.21086063981056213 18
1653295919613 0.2031373530626297 19
1653295919629 0.2031373530626297 19
