1653295785999 0.13321973383426666 0
1653295786016 0.13321973383426666 0
1653295794144 0.13151580095291138 1
1653295794159 0.13151580095291138 1
1653295800796 0.11772818118333817 2
1653295800811 0.11772818118333817 2
1653295808157 0.12192225456237793 3
1653295808175 0.12192225456237793 3
1653295815628 0.13456504046916962 4
1653295815644 0.13456504046916962 4
1653295823266 0.11557269841432571 5
1653295823283 0.11557269841432571 5
1653295830192 0.12948697805404663 6
1653295830207 0.12948697805404663 6
1653295836840 0.10649756342172623 7
1653295836855 0.10649756342172623 7
1653295844556 0.11491379141807556 8
1653295844572 0.11491379141807556 8
1653295851272 0.12045428156852722 9
1653295851287 0.12045428156852722 9
1653295858093 0.06542752683162689 10
1653295858108 0.06542752683162689 10
1653295865672 0.0767662525177002 11
1653295865688 0.0767662525177002 11
1653295872066 0.05426907166838646 12
1653295872083 0.05426907166838646 12
1653295878444 0.05871940776705742 13
1653295878458 0.05871940776705742 13
1653295885372 0.03887011110782623 14
1653295885387 0.03887011110782623 14
1653295892002 0.039740532636642456 15
1653295892016 0.039740532636642456 15
1653295899222 0.03432270511984825 16
1653295899237 0.03432270511984825 16
1653295905466 0.027490666136145592 17
1653295905481 0.027490666136145592 17
1653295911969 0.02725130319595337 18
1653295911984 0.02725130319595337 18
1653295919613 0.03288055211305618 19
1653295919629 0.03288055211305618 19
