1653297248982 0.5013291835784912 0
1653297248999 0.5013291835784912 0
1653297255518 0.542690634727478 1
1653297255534 0.542690634727478 1
1653297262355 0.5691685676574707 2
1653297262372 0.5691685676574707 2
1653297269603 0.6595569849014282 3
1653297269618 0.6595569849014282 3
1653297275946 0.6994501352310181 4
1653297275964 0.6994501352310181 4
1653297283307 0.743770956993103 5
1653297283323 0.743770956993103 5
1653297289801 0.7693496346473694 6
1653297289816 0.7693496346473694 6
1653297297441 0.7766834497451782 7
1653297297458 0.7766834497451782 7
1653297304740 0.7932583689689636 8
1653297304757 0.7932583689689636 8
1653297311183 0.8099730014801025 9
1653297311199 0.8099730014801025 9
1653297318041 0.7904964089393616 10
1653297318057 0.7904964089393616 10
1653297325309 0.820972740650177 11
1653297325325 0.820972740650177 11
1653297331643 0.8092328310012817 12
1653297331658 0.8092328310012817 12
1653297338953 0.8137772679328918 13
1653297338971 0.8137772679328918 13
1653297346665 0.827849268913269 14
1653297346685 0.827849268913269 14
1653297353166 0.8095600008964539 15
1653297353182 0.8095600008964539 15
1653297359968 0.8297552466392517 16
1653297359984 0.8297552466392517 16
1653297366495 0.821560263633728 17
1653297366512 0.821560263633728 17
1653297373866 0.8266283273696899 18
1653297373882 0.8266283273696899 18
1653297380470 0.8357731103897095 19
1653297380486 0.8357731103897095 19
