1653297248982 0.6405438184738159 0
1653297248999 0.6405438184738159 0
1653297255518 0.6307535171508789 1
1653297255534 0.6307535171508789 1
1653297262355 0.6245661377906799 2
1653297262372 0.6245661377906799 2
1653297269603 0.6110457181930542 3
1653297269618 0.6110457181930542 3
1653297275946 0.5841162800788879 4
1653297275964 0.5841162800788879 4
1653297283307 0.5474928021430969 5
1653297283323 0.5474928021430969 5
1653297289801 0.5249388813972473 6
1653297289816 0.5249388813972473 6
1653297297441 0.5175337195396423 7
1653297297458 0.5175337195396423 7
1653297304740 0.4945662319660187 8
1653297304757 0.4945662319660187 8
1653297311183 0.48248350620269775 9
1653297311199 0.48248350620269775 9
1653297318041 0.49433207511901855 10
1653297318057 0.49433207511901855 10
1653297325309 0.4697728455066681 11
1653297325325 0.4697728455066681 11
1653297331643 0.4652775526046753 12
1653297331658 0.4652775526046753 12
1653297338953 0.4722842276096344 13
1653297338971 0.4722842276096344 13
1653297346665 0.457613080739975 14
1653297346685 0.457613080739975 14
1653297353166 0.4762687087059021 15
1653297353182 0.4762687087059021 15
1653297359968 0.4476069211959839 16
1653297359984 0.4476069211959839 16
1653297366495 0.464981347322464 17
1653297366512 0.464981347322464 17
1653297373866 0.453344464302063 18
1653297373882 0.453344464302063 18
1653297380470 0.442618727684021 19
1653297380486 0.442618727684021 19
