1653297248982 0.2934623658657074 0
1653297248999 0.2934623658657074 0
1653297255518 0.2892146706581116 1
1653297255534 0.2892146706581116 1
1653297262355 0.2890404760837555 2
1653297262372 0.2890404760837555 2
1653297269603 0.27809131145477295 3
1653297269618 0.27809131145477295 3
1653297275946 0.2661649286746979 4
1653297275964 0.2661649286746979 4
1653297283307 0.24674707651138306 5
1653297283323 0.24674707651138306 5
1653297289801 0.2351370006799698 6
1653297289816 0.2351370006799698 6
1653297297441 0.23120221495628357 7
1653297297458 0.23120221495628357 7
1653297304740 0.2213824987411499 8
1653297304757 0.2213824987411499 8
1653297311183 0.21360331773757935 9
1653297311199 0.21360331773757935 9
1653297318041 0.22212842106819153 10
1653297318057 0.22212842106819153 10
1653297325309 0.20861859619617462 11
1653297325325 0.20861859619617462 11
1653297331643 0.2063523232936859 12
1653297331658 0.2063523232936859 12
1653297338953 0.20664246380329132 13
1653297338971 0.20664246380329132 13
1653297346665 0.20079472661018372 14
1653297346685 0.20079472661018372 14
1653297353166 0.20642399787902832 15
1653297353182 0.20642399787902832 15
1653297359968 0.1983407437801361 16
1653297359984 0.1983407437801361 16
1653297366495 0.19723016023635864 17
1653297366512 0.19723016023635864 17
1653297373866 0.1997385174036026 18
1653297373882 0.1997385174036026 18
1653297380470 0.1906789094209671 19
1653297380486 0.1906789094209671 19
