1653297248982 0.1004144623875618 0
1653297248999 0.1004144623875618 0
1653297255518 0.09861155599355698 1
1653297255534 0.09861155599355698 1
1653297262355 0.0971359983086586 2
1653297262372 0.0971359983086586 2
1653297269603 0.09198827296495438 3
1653297269618 0.09198827296495438 3
1653297275946 0.08087261766195297 4
1653297275964 0.08087261766195297 4
1653297283307 0.08136575669050217 5
1653297283323 0.08136575669050217 5
1653297289801 0.06299266964197159 6
1653297289816 0.06299266964197159 6
1653297297441 0.05214889720082283 7
1653297297458 0.05214889720082283 7
1653297304740 0.054066989570856094 8
1653297304757 0.054066989570856094 8
1653297311183 0.05035329982638359 9
1653297311199 0.05035329982638359 9
1653297318041 0.05910244584083557 10
1653297318057 0.05910244584083557 10
1653297325309 0.03810134902596474 11
1653297325325 0.03810134902596474 11
1653297331643 0.051348570734262466 12
1653297331658 0.051348570734262466 12
1653297338953 0.04598303511738777 13
1653297338971 0.04598303511738777 13
1653297346665 0.042154401540756226 14
1653297346685 0.042154401540756226 14
1653297353166 0.047127045691013336 15
1653297353182 0.047127045691013336 15
1653297359968 0.04026741161942482 16
1653297359984 0.04026741161942482 16
1653297366495 0.042785871773958206 17
1653297366512 0.042785871773958206 17
1653297373866 0.04337279498577118 18
1653297373882 0.04337279498577118 18
1653297380470 0.03866023197770119 19
1653297380486 0.03866023197770119 19
