1653297248982 0.6772218346595764 0
1653297248999 0.6772218346595764 0
1653297255518 0.663054883480072 1
1653297255534 0.663054883480072 1
1653297262355 0.6668131947517395 2
1653297262372 0.6668131947517395 2
1653297269603 0.599976658821106 3
1653297269618 0.599976658821106 3
1653297275946 0.5688384771347046 4
1653297275964 0.5688384771347046 4
1653297283307 0.4773922860622406 5
1653297283323 0.4773922860622406 5
1653297289801 0.47605249285697937 6
1653297289816 0.47605249285697937 6
1653297297441 0.45318490266799927 7
1653297297458 0.45318490266799927 7
1653297304740 0.4339112937450409 8
1653297304757 0.4339112937450409 8
1653297311183 0.4111420810222626 9
1653297311199 0.4111420810222626 9
1653297318041 0.4336584508419037 10
1653297318057 0.4336584508419037 10
1653297325309 0.4021269381046295 11
1653297325325 0.4021269381046295 11
1653297331643 0.3982290029525757 12
1653297331658 0.3982290029525757 12
1653297338953 0.4016697108745575 13
1653297338971 0.4016697108745575 13
1653297346665 0.3982369601726532 14
1653297346685 0.3982369601726532 14
1653297353166 0.41005590558052063 15
1653297353182 0.41005590558052063 15
1653297359968 0.3929762542247772 16
1653297359984 0.3929762542247772 16
1653297366495 0.4037476181983948 17
1653297366512 0.4037476181983948 17
1653297373866 0.38530099391937256 18
1653297373882 0.38530099391937256 18
1653297380470 0.3803490102291107 19
1653297380486 0.3803490102291107 19
