1653297248982 0.028573621064424515 0
1653297248999 0.028573621064424515 0
1653297255518 0.026220185682177544 1
1653297255534 0.026220185682177544 1
1653297262355 0.029489174485206604 2
1653297262372 0.029489174485206604 2
1653297269603 0.028544209897518158 3
1653297269618 0.028544209897518158 3
1653297275946 0.028835926204919815 4
1653297275964 0.028835926204919815 4
1653297283307 0.027296429499983788 5
1653297283323 0.027296429499983788 5
1653297289801 0.022587919607758522 6
1653297289816 0.022587919607758522 6
1653297297441 0.0270414836704731 7
1653297297458 0.0270414836704731 7
1653297304740 0.022589094936847687 8
1653297304757 0.022589094936847687 8
1653297311183 0.02122400887310505 9
1653297311199 0.02122400887310505 9
1653297318041 0.019661912694573402 10
1653297318057 0.019661912694573402 10
1653297325309 0.017687663435935974 11
1653297325325 0.017687663435935974 11
1653297331643 0.015409343875944614 12
1653297331658 0.015409343875944614 12
1653297338953 0.01651804894208908 13
1653297338971 0.01651804894208908 13
1653297346665 0.016321176663041115 14
1653297346685 0.016321176663041115 14
1653297353166 0.013741561211645603 15
1653297353182 0.013741561211645603 15
1653297359968 0.0157756470143795 16
1653297359984 0.0157756470143795 16
1653297366495 0.011937985196709633 17
1653297366512 0.011937985196709633 17
1653297373866 0.014086970128118992 18
1653297373882 0.014086970128118992 18
1653297380470 0.011634010821580887 19
1653297380486 0.011634010821580887 19
