1653297248982 0.24516268074512482 0
1653297248999 0.24516268074512482 0
1653297255518 0.24314963817596436 1
1653297255534 0.24314963817596436 1
1653297262355 0.24089334905147552 2
1653297262372 0.24089334905147552 2
1653297269603 0.24457842111587524 3
1653297269618 0.24457842111587524 3
1653297275946 0.2325083613395691 4
1653297275964 0.2325083613395691 4
1653297283307 0.21671020984649658 5
1653297283323 0.21671020984649658 5
1653297289801 0.2012932151556015 6
1653297289816 0.2012932151556015 6
1653297297441 0.2108377069234848 7
1653297297458 0.2108377069234848 7
1653297304740 0.1908547431230545 8
1653297304757 0.1908547431230545 8
1653297311183 0.1784692257642746 9
1653297311199 0.1784692257642746 9
1653297318041 0.19427219033241272 10
1653297318057 0.19427219033241272 10
1653297325309 0.1858605146408081 11
1653297325325 0.1858605146408081 11
1653297331643 0.1691356599330902 12
1653297331658 0.1691356599330902 12
1653297338953 0.16930332779884338 13
1653297338971 0.16930332779884338 13
1653297346665 0.15478412806987762 14
1653297346685 0.15478412806987762 14
1653297353166 0.1645590364933014 15
1653297353182 0.1645590364933014 15
1653297359968 0.15375356376171112 16
1653297359984 0.15375356376171112 16
1653297366495 0.13494782149791718 17
1653297366512 0.13494782149791718 17
1653297373866 0.16233494877815247 18
1653297373882 0.16233494877815247 18
1653297380470 0.1340898871421814 19
1653297380486 0.1340898871421814 19
