1653297248982 0.6933085322380066 0
1653297248999 0.6933085322380066 0
1653297255518 0.6926266551017761 1
1653297255534 0.6926266551017761 1
1653297262355 0.6914878487586975 2
1653297262372 0.6914878487586975 2
1653297269603 0.6891903877258301 3
1653297269618 0.6891903877258301 3
1653297275946 0.6849221587181091 4
1653297275964 0.6849221587181091 4
1653297283307 0.6785536408424377 5
1653297283323 0.6785536408424377 5
1653297289801 0.6701009273529053 6
1653297289816 0.6701009273529053 6
1653297297441 0.6625664830207825 7
1653297297458 0.6625664830207825 7
1653297304740 0.6570879220962524 8
1653297304757 0.6570879220962524 8
1653297311183 0.6570602655410767 9
1653297311199 0.6570602655410767 9
1653297318041 0.6536934971809387 10
1653297318057 0.6536934971809387 10
1653297325309 0.6535958051681519 11
1653297325325 0.6535958051681519 11
1653297331643 0.647782564163208 12
1653297331658 0.647782564163208 12
1653297338953 0.6490737199783325 13
1653297338971 0.6490737199783325 13
1653297346665 0.6469422578811646 14
1653297346685 0.6469422578811646 14
1653297353166 0.6455911993980408 15
1653297353182 0.6455911993980408 15
1653297359968 0.6465005874633789 16
1653297359984 0.6465005874633789 16
1653297366495 0.6457542181015015 17
1653297366512 0.6457542181015015 17
1653297373866 0.6450239419937134 18
1653297373882 0.6450239419937134 18
1653297380470 0.6439367532730103 19
1653297380486 0.6439367532730103 19
