1653296236591 0.5166860222816467 0
1653296236608 0.5166860222816467 0
1653296242926 0.54688560962677 1
1653296242941 0.54688560962677 1
1653296250228 0.5870329737663269 2
1653296250244 0.5870329737663269 2
1653296256632 0.6409875154495239 3
1653296256648 0.6409875154495239 3
1653296264183 0.7021099925041199 4
1653296264199 0.7021099925041199 4
1653296271373 0.7480889558792114 5
1653296271390 0.7480889558792114 5
1653296279442 0.7515542507171631 6
1653296279458 0.7515542507171631 6
1653296285992 0.7893100380897522 7
1653296286007 0.7893100380897522 7
1653296293328 0.7833471894264221 8
1653296293344 0.7833471894264221 8
1653296300881 0.7955707907676697 9
1653296300897 0.7955707907676697 9
1653296308534 0.8027398586273193 10
1653296308550 0.8027398586273193 10
1653296316091 0.8022167086601257 11
1653296316108 0.8022167086601257 11
1653296322868 0.8159147500991821 12
1653296322884 0.8159147500991821 12
1653296329167 0.8134851455688477 13
1653296329183 0.8134851455688477 13
1653296336448 0.8203364014625549 14
1653296336464 0.8203364014625549 14
1653296342768 0.8129742741584778 15
1653296342784 0.8129742741584778 15
1653296349674 0.8301414847373962 16
1653296349689 0.8301414847373962 16
1653296356036 0.8084433674812317 17
1653296356055 0.8084433674812317 17
1653296362590 0.8392879366874695 18
1653296362605 0.8392879366874695 18
1653296370273 0.8280230760574341 19
1653296370289 0.8280230760574341 19
