1653296236591 0.6400278806686401 0
1653296236608 0.6400278806686401 0
1653296242926 0.6316605806350708 1
1653296242941 0.6316605806350708 1
1653296250228 0.6313988566398621 2
1653296250244 0.6313988566398621 2
1653296256632 0.6127915382385254 3
1653296256648 0.6127915382385254 3
1653296264183 0.5798066854476929 4
1653296264199 0.5798066854476929 4
1653296271373 0.5440290570259094 5
1653296271390 0.5440290570259094 5
1653296279442 0.5431660413742065 6
1653296279458 0.5431660413742065 6
1653296285992 0.506095826625824 7
1653296286007 0.506095826625824 7
1653296293328 0.5084891319274902 8
1653296293344 0.5084891319274902 8
1653296300881 0.4931851625442505 9
1653296300897 0.4931851625442505 9
1653296308534 0.4821150302886963 10
1653296308550 0.4821150302886963 10
1653296316091 0.4870632290840149 11
1653296316108 0.4870632290840149 11
1653296322868 0.47175323963165283 12
1653296322884 0.47175323963165283 12
1653296329167 0.4697960913181305 13
1653296329183 0.4697960913181305 13
1653296336448 0.46580779552459717 14
1653296336464 0.46580779552459717 14
1653296342768 0.4727416932582855 15
1653296342784 0.4727416932582855 15
1653296349674 0.4513673484325409 16
1653296349689 0.4513673484325409 16
1653296356036 0.4784056544303894 17
1653296356055 0.4784056544303894 17
1653296362590 0.4361713230609894 18
1653296362605 0.4361713230609894 18
1653296370273 0.4570193588733673 19
1653296370289 0.4570193588733673 19
