1653296236591 0.2213444709777832 0
1653296236608 0.2213444709777832 0
1653296242926 0.21772557497024536 1
1653296242941 0.21772557497024536 1
1653296250228 0.2180970460176468 2
1653296250244 0.2180970460176468 2
1653296256632 0.2092263102531433 3
1653296256648 0.2092263102531433 3
1653296264183 0.1946122795343399 4
1653296264199 0.1946122795343399 4
1653296271373 0.1769169420003891 5
1653296271390 0.1769169420003891 5
1653296279442 0.1792224794626236 6
1653296279458 0.1792224794626236 6
1653296285992 0.1661931872367859 7
1653296286007 0.1661931872367859 7
1653296293328 0.1656363606452942 8
1653296293344 0.1656363606452942 8
1653296300881 0.15520668029785156 9
1653296300897 0.15520668029785156 9
1653296308534 0.1530780792236328 10
1653296308550 0.1530780792236328 10
1653296316091 0.15310075879096985 11
1653296316108 0.15310075879096985 11
1653296322868 0.1454225331544876 12
1653296322884 0.1454225331544876 12
1653296329167 0.1408187448978424 13
1653296329183 0.1408187448978424 13
1653296336448 0.1394227147102356 14
1653296336464 0.1394227147102356 14
1653296342768 0.13988560438156128 15
1653296342784 0.13988560438156128 15
1653296349674 0.13294242322444916 16
1653296349689 0.13294242322444916 16
1653296356036 0.1370709389448166 17
1653296356055 0.1370709389448166 17
1653296362590 0.12451828271150589 18
1653296362605 0.12451828271150589 18
1653296370273 0.12738296389579773 19
1653296370289 0.12738296389579773 19
