1653296236591 0.09908663481473923 0
1653296236608 0.09908663481473923 0
1653296242926 0.09673065692186356 1
1653296242941 0.09673065692186356 1
1653296250228 0.0968715250492096 2
1653296250244 0.0968715250492096 2
1653296256632 0.094171904027462 3
1653296256648 0.094171904027462 3
1653296264183 0.08977915346622467 4
1653296264199 0.08977915346622467 4
1653296271373 0.07150321453809738 5
1653296271390 0.07150321453809738 5
1653296279442 0.066590815782547 6
1653296279458 0.066590815782547 6
1653296285992 0.056115347892045975 7
1653296286007 0.056115347892045975 7
1653296293328 0.05710285156965256 8
1653296293344 0.05710285156965256 8
1653296300881 0.052391648292541504 9
1653296300897 0.052391648292541504 9
1653296308534 0.05033092573285103 10
1653296308550 0.05033092573285103 10
1653296316091 0.04949522390961647 11
1653296316108 0.04949522390961647 11
1653296322868 0.04783524572849274 12
1653296322884 0.04783524572849274 12
1653296329167 0.04281367361545563 13
1653296329183 0.04281367361545563 13
1653296336448 0.04216612130403519 14
1653296336464 0.04216612130403519 14
1653296342768 0.04188895970582962 15
1653296342784 0.04188895970582962 15
1653296349674 0.0495748296380043 16
1653296349689 0.0495748296380043 16
1653296356036 0.03907427564263344 17
1653296356055 0.03907427564263344 17
1653296362590 0.039701614528894424 18
1653296362605 0.039701614528894424 18
1653296370273 0.03748775273561478 19
1653296370289 0.03748775273561478 19
