1653296236591 0.6707919239997864 0
1653296236608 0.6707919239997864 0
1653296242926 0.6779672503471375 1
1653296242941 0.6779672503471375 1
1653296250228 0.6518079042434692 2
1653296250244 0.6518079042434692 2
1653296256632 0.6233018040657043 3
1653296256648 0.6233018040657043 3
1653296264183 0.5382112860679626 4
1653296264199 0.5382112860679626 4
1653296271373 0.4860623776912689 5
1653296271390 0.4860623776912689 5
1653296279442 0.49762022495269775 6
1653296279458 0.49762022495269775 6
1653296285992 0.4415559768676758 7
1653296286007 0.4415559768676758 7
1653296293328 0.45947912335395813 8
1653296293344 0.45947912335395813 8
1653296300881 0.4145727753639221 9
1653296300897 0.4145727753639221 9
1653296308534 0.44041016697883606 10
1653296308550 0.44041016697883606 10
1653296316091 0.4181518852710724 11
1653296316108 0.4181518852710724 11
1653296322868 0.41240811347961426 12
1653296322884 0.41240811347961426 12
1653296329167 0.4040476381778717 13
1653296329183 0.4040476381778717 13
1653296336448 0.41799044609069824 14
1653296336464 0.41799044609069824 14
1653296342768 0.4132804572582245 15
1653296342784 0.4132804572582245 15
1653296349674 0.3857734203338623 16
1653296349689 0.3857734203338623 16
1653296356036 0.4052126407623291 17
1653296356055 0.4052126407623291 17
1653296362590 0.37081438302993774 18
1653296362605 0.37081438302993774 18
1653296370273 0.3862241804599762 19
1653296370289 0.3862241804599762 19
