1653296236591 0.02854716219007969 0
1653296236608 0.02854716219007969 0
1653296242926 0.028895428404211998 1
1653296242941 0.028895428404211998 1
1653296250228 0.026767659932374954 2
1653296250244 0.026767659932374954 2
1653296256632 0.027384677901864052 3
1653296256648 0.027384677901864052 3
1653296264183 0.028476616367697716 4
1653296264199 0.028476616367697716 4
1653296271373 0.0274564940482378 5
1653296271390 0.0274564940482378 5
1653296279442 0.025673499330878258 6
1653296279458 0.025673499330878258 6
1653296285992 0.02621813677251339 7
1653296286007 0.02621813677251339 7
1653296293328 0.019941596314311028 8
1653296293344 0.019941596314311028 8
1653296300881 0.01924552582204342 9
1653296300897 0.01924552582204342 9
1653296308534 0.01873496174812317 10
1653296308550 0.01873496174812317 10
1653296316091 0.020465467125177383 11
1653296316108 0.020465467125177383 11
1653296322868 0.01667781174182892 12
1653296322884 0.01667781174182892 12
1653296329167 0.014381672255694866 13
1653296329183 0.014381672255694866 13
1653296336448 0.01426364853978157 14
1653296336464 0.01426364853978157 14
1653296342768 0.016532326117157936 15
1653296342784 0.016532326117157936 15
1653296349674 0.014954551123082638 16
1653296349689 0.014954551123082638 16
1653296356036 0.013184657320380211 17
1653296356055 0.013184657320380211 17
1653296362590 0.012468915432691574 18
1653296362605 0.012468915432691574 18
1653296370273 0.013526761904358864 19
1653296370289 0.013526761904358864 19
