1653296236591 0.24646268784999847 0
1653296236608 0.24646268784999847 0
1653296242926 0.2400761991739273 1
1653296242941 0.2400761991739273 1
1653296250228 0.2494696080684662 2
1653296250244 0.2494696080684662 2
1653296256632 0.23151454329490662 3
1653296256648 0.23151454329490662 3
1653296264183 0.23383651673793793 4
1653296264199 0.23383651673793793 4
1653296271373 0.20361876487731934 5
1653296271390 0.20361876487731934 5
1653296279442 0.2154456079006195 6
1653296279458 0.2154456079006195 6
1653296285992 0.2151688188314438 7
1653296286007 0.2151688188314438 7
1653296293328 0.18892602622509003 8
1653296293344 0.18892602622509003 8
1653296300881 0.19348447024822235 9
1653296300897 0.19348447024822235 9
1653296308534 0.18102598190307617 10
1653296308550 0.18102598190307617 10
1653296316091 0.19407357275485992 11
1653296316108 0.19407357275485992 11
1653296322868 0.17143796384334564 12
1653296322884 0.17143796384334564 12
1653296329167 0.17175664007663727 13
1653296329183 0.17175664007663727 13
1653296336448 0.1607515513896942 14
1653296336464 0.1607515513896942 14
1653296342768 0.17379167675971985 15
1653296342784 0.17379167675971985 15
1653296349674 0.15680675208568573 16
1653296349689 0.15680675208568573 16
1653296356036 0.1691872477531433 17
1653296356055 0.1691872477531433 17
1653296362590 0.15195660293102264 18
1653296362605 0.15195660293102264 18
1653296370273 0.1552550047636032 19
1653296370289 0.1552550047636032 19
