1653296236591 0.10655822604894638 0
1653296236608 0.10655822604894638 0
1653296242926 0.09561369568109512 1
1653296242941 0.09561369568109512 1
1653296250228 0.10642508417367935 2
1653296250244 0.10642508417367935 2
1653296256632 0.10391969233751297 3
1653296256648 0.10391969233751297 3
1653296264183 0.09492962807416916 4
1653296264199 0.09492962807416916 4
1653296271373 0.09732990711927414 5
1653296271390 0.09732990711927414 5
1653296279442 0.09924201667308807 6
1653296279458 0.09924201667308807 6
1653296285992 0.09222718328237534 7
1653296286007 0.09222718328237534 7
1653296293328 0.10651267319917679 8
1653296293344 0.10651267319917679 8
1653296300881 0.08853734284639359 9
1653296300897 0.08853734284639359 9
1653296308534 0.08126804977655411 10
1653296308550 0.08126804977655411 10
1653296316091 0.07978846877813339 11
1653296316108 0.07978846877813339 11
1653296322868 0.07662805914878845 12
1653296322884 0.07662805914878845 12
1653296329167 0.06681980937719345 13
1653296329183 0.06681980937719345 13
1653296336448 0.0638890266418457 14
1653296336464 0.0638890266418457 14
1653296342768 0.05273998901247978 15
1653296342784 0.05273998901247978 15
1653296349674 0.051333583891391754 16
1653296349689 0.051333583891391754 16
1653296356036 0.05154009535908699 17
1653296356055 0.05154009535908699 17
1653296362590 0.04137929901480675 18
1653296362605 0.04137929901480675 18
1653296370273 0.036549508571624756 19
1653296370289 0.036549508571624756 19
