1653307540317 0.6705778241157532 0
1653307540337 0.6705778241157532 0
1653307550441 0.6364872455596924 1
1653307550457 0.6364872455596924 1
1653307560893 0.6177006363868713 2
1653307560909 0.6177006363868713 2
1653307570041 0.5888811349868774 3
1653307570058 0.5888811349868774 3
1653307580211 0.5631218552589417 4
1653307580229 0.5631218552589417 4
1653307588869 0.5410854816436768 5
1653307588885 0.5410854816436768 5
1653307597742 0.5308206677436829 6
1653307597758 0.5308206677436829 6
1653307608355 0.5462710857391357 7
1653307608372 0.5462710857391357 7
1653307617460 0.5069601535797119 8
1653307617477 0.5069601535797119 8
1653307625691 0.5008955597877502 9
1653307625707 0.5008955597877502 9
1653307634571 0.4902345836162567 10
1653307634588 0.4902345836162567 10
1653307643993 0.5242905616760254 11
1653307644009 0.5242905616760254 11
1653307654248 0.49367740750312805 12
1653307654264 0.49367740750312805 12
1653307663644 0.485719233751297 13
1653307663662 0.485719233751297 13
1653307672694 0.4913565516471863 14
1653307672710 0.4913565516471863 14
1653307681706 0.47843170166015625 15
1653307681724 0.47843170166015625 15
1653307692021 0.4778450131416321 16
1653307692039 0.4778450131416321 16
1653307702342 0.47124019265174866 17
1653307702360 0.47124019265174866 17
1653307710731 0.45144927501678467 18
1653307710748 0.45144927501678467 18
1653307719718 0.46451467275619507 19
1653307719736 0.46451467275619507 19
