1653307540317 0.5129209756851196 0
1653307540337 0.5129209756851196 0
1653307550441 0.5452049970626831 1
1653307550457 0.5452049970626831 1
1653307560893 0.6125282049179077 2
1653307560909 0.6125282049179077 2
1653307570041 0.6784422397613525 3
1653307570058 0.6784422397613525 3
1653307580211 0.7192050814628601 4
1653307580229 0.7192050814628601 4
1653307588869 0.7463862895965576 5
1653307588885 0.7463862895965576 5
1653307597742 0.7545510530471802 6
1653307597758 0.7545510530471802 6
1653307608355 0.7346013784408569 7
1653307608372 0.7346013784408569 7
1653307617460 0.7874152064323425 8
1653307617477 0.7874152064323425 8
1653307625691 0.7853997349739075 9
1653307625707 0.7853997349739075 9
1653307634571 0.7998213768005371 10
1653307634588 0.7998213768005371 10
1653307643993 0.7658279538154602 11
1653307644009 0.7658279538154602 11
1653307654248 0.7886903882026672 12
1653307654264 0.7886903882026672 12
1653307663644 0.8013809323310852 13
1653307663662 0.8013809323310852 13
1653307672694 0.8043063879013062 14
1653307672710 0.8043063879013062 14
1653307681706 0.8100295066833496 15
1653307681724 0.8100295066833496 15
1653307692021 0.8108000159263611 16
1653307692039 0.8108000159263611 16
1653307702342 0.815086841583252 17
1653307702360 0.815086841583252 17
1653307710731 0.8331438302993774 18
1653307710748 0.8331438302993774 18
1653307719718 0.8228870630264282 19
1653307719736 0.8228870630264282 19
