1653307540317 0.3577318489551544 0
1653307540337 0.3577318489551544 0
1653307550441 0.25497376918792725 1
1653307550457 0.25497376918792725 1
1653307560893 0.23312659561634064 2
1653307560909 0.23312659561634064 2
1653307570041 0.22583040595054626 3
1653307570058 0.22583040595054626 3
1653307580211 0.207334965467453 4
1653307580229 0.207334965467453 4
1653307588869 0.195787712931633 5
1653307588885 0.195787712931633 5
1653307597742 0.19030146300792694 6
1653307597758 0.19030146300792694 6
1653307608355 0.19046474993228912 7
1653307608372 0.19046474993228912 7
1653307617460 0.1766396313905716 8
1653307617477 0.1766396313905716 8
1653307625691 0.17238537967205048 9
1653307625707 0.17238537967205048 9
1653307634571 0.16604141891002655 10
1653307634588 0.16604141891002655 10
1653307643993 0.178922638297081 11
1653307644009 0.178922638297081 11
1653307654248 0.16636966168880463 12
1653307654264 0.16636966168880463 12
1653307663644 0.16215896606445312 13
1653307663662 0.16215896606445312 13
1653307672694 0.16442294418811798 14
1653307672710 0.16442294418811798 14
1653307681706 0.15900781750679016 15
1653307681724 0.15900781750679016 15
1653307692021 0.15983590483665466 16
1653307692039 0.15983590483665466 16
1653307702342 0.15810297429561615 17
1653307702360 0.15810297429561615 17
1653307710731 0.14369076490402222 18
1653307710748 0.14369076490402222 18
1653307719718 0.1510160267353058 19
1653307719736 0.1510160267353058 19
