1653307540317 0.12816189229488373 0
1653307540337 0.12816189229488373 0
1653307550441 0.10801396518945694 1
1653307550457 0.10801396518945694 1
1653307560893 0.08845431357622147 2
1653307560909 0.08845431357622147 2
1653307570041 0.07651891559362411 3
1653307570058 0.07651891559362411 3
1653307580211 0.07676514238119125 4
1653307580229 0.07676514238119125 4
1653307588869 0.05651392787694931 5
1653307588885 0.05651392787694931 5
1653307597742 0.06318873912096024 6
1653307597758 0.06318873912096024 6
1653307608355 0.050749894231557846 7
1653307608372 0.050749894231557846 7
1653307617460 0.051547806710004807 8
1653307617477 0.051547806710004807 8
1653307625691 0.052084892988204956 9
1653307625707 0.052084892988204956 9
1653307634571 0.04353754222393036 10
1653307634588 0.04353754222393036 10
1653307643993 0.054281074553728104 11
1653307644009 0.054281074553728104 11
1653307654248 0.04121264070272446 12
1653307654264 0.04121264070272446 12
1653307663644 0.04673098027706146 13
1653307663662 0.04673098027706146 13
1653307672694 0.04450782388448715 14
1653307672710 0.04450782388448715 14
1653307681706 0.04498673975467682 15
1653307681724 0.04498673975467682 15
1653307692021 0.04337286949157715 16
1653307692039 0.04337286949157715 16
1653307702342 0.03997953608632088 17
1653307702360 0.03997953608632088 17
1653307710731 0.03752958029508591 18
1653307710748 0.03752958029508591 18
1653307719718 0.04341130331158638 19
1653307719736 0.04341130331158638 19
