1653307540317 1.2107102870941162 0
1653307540337 1.2107102870941162 0
1653307550441 0.6795626878738403 1
1653307550457 0.6795626878738403 1
1653307560893 0.6204057335853577 2
1653307560909 0.6204057335853577 2
1653307570041 0.5721139311790466 3
1653307570058 0.5721139311790466 3
1653307580211 0.5308918356895447 4
1653307580229 0.5308918356895447 4
1653307588869 0.5015649199485779 5
1653307588885 0.5015649199485779 5
1653307597742 0.48393070697784424 6
1653307597758 0.48393070697784424 6
1653307608355 0.49993306398391724 7
1653307608372 0.49993306398391724 7
1653307617460 0.4497290551662445 8
1653307617477 0.4497290551662445 8
1653307625691 0.44795680046081543 9
1653307625707 0.44795680046081543 9
1653307634571 0.42879247665405273 10
1653307634588 0.42879247665405273 10
1653307643993 0.4802477955818176 11
1653307644009 0.4802477955818176 11
1653307654248 0.4363414943218231 12
1653307654264 0.4363414943218231 12
1653307663644 0.4010871350765228 13
1653307663662 0.4010871350765228 13
1653307672694 0.44870996475219727 14
1653307672710 0.44870996475219727 14
1653307681706 0.3967372477054596 15
1653307681724 0.3967372477054596 15
1653307692021 0.41922032833099365 16
1653307692039 0.41922032833099365 16
1653307702342 0.3942371606826782 17
1653307702360 0.3942371606826782 17
1653307710731 0.3789123594760895 18
1653307710748 0.3789123594760895 18
1653307719718 0.3818710446357727 19
1653307719736 0.3818710446357727 19
