1653307540317 0.04031842574477196 0
1653307540337 0.04031842574477196 0
1653307550441 0.02996262162923813 1
1653307550457 0.02996262162923813 1
1653307560893 0.03144421800971031 2
1653307560909 0.03144421800971031 2
1653307570041 0.025812607258558273 3
1653307570058 0.025812607258558273 3
1653307580211 0.0230238176882267 4
1653307580229 0.0230238176882267 4
1653307588869 0.02143830806016922 5
1653307588885 0.02143830806016922 5
1653307597742 0.014515644870698452 6
1653307597758 0.014515644870698452 6
1653307608355 0.012106504291296005 7
1653307608372 0.012106504291296005 7
1653307617460 0.017662301659584045 8
1653307617477 0.017662301659584045 8
1653307625691 0.010192124173045158 9
1653307625707 0.010192124173045158 9
1653307634571 0.008700573816895485 10
1653307634588 0.008700573816895485 10
1653307643993 0.010284875519573689 11
1653307644009 0.010284875519573689 11
1653307654248 0.009462624788284302 12
1653307654264 0.009462624788284302 12
1653307663644 0.008761752396821976 13
1653307663662 0.008761752396821976 13
1653307672694 0.006466802675276995 14
1653307672710 0.006466802675276995 14
1653307681706 0.009496214799582958 15
1653307681724 0.009496214799582958 15
1653307692021 0.005817342549562454 16
1653307692039 0.005817342549562454 16
1653307702342 0.00936912652105093 17
1653307702360 0.00936912652105093 17
1653307710731 0.007112626917660236 18
1653307710748 0.007112626917660236 18
1653307719718 0.007705499418079853 19
1653307719736 0.007705499418079853 19
