1653307540317 0.31509771943092346 0
1653307540337 0.31509771943092346 0
1653307550441 0.24918204545974731 1
1653307550457 0.24918204545974731 1
1653307560893 0.21845553815364838 2
1653307560909 0.21845553815364838 2
1653307570041 0.25194430351257324 3
1653307570058 0.25194430351257324 3
1653307580211 0.21002712845802307 4
1653307580229 0.21002712845802307 4
1653307588869 0.21296469867229462 5
1653307588885 0.21296469867229462 5
1653307597742 0.20525677502155304 6
1653307597758 0.20525677502155304 6
1653307608355 0.20576320588588715 7
1653307608372 0.20576320588588715 7
1653307617460 0.1864730268716812 8
1653307617477 0.1864730268716812 8
1653307625691 0.17983904480934143 9
1653307625707 0.17983904480934143 9
1653307634571 0.18052327632904053 10
1653307634588 0.18052327632904053 10
1653307643993 0.17453740537166595 11
1653307644009 0.17453740537166595 11
1653307654248 0.17716991901397705 12
1653307654264 0.17716991901397705 12
1653307663644 0.1793896108865738 13
1653307663662 0.1793896108865738 13
1653307672694 0.16105851531028748 14
1653307672710 0.16105851531028748 14
1653307681706 0.1724432408809662 15
1653307681724 0.1724432408809662 15
1653307692021 0.16817478835582733 16
1653307692039 0.16817478835582733 16
1653307702342 0.17945441603660583 17
1653307702360 0.17945441603660583 17
1653307710731 0.13875925540924072 18
1653307710748 0.13875925540924072 18
1653307719718 0.15643352270126343 19
1653307719736 0.15643352270126343 19
