1653308987103 0.6621881127357483 0
1653308987121 0.6621881127357483 0
1653308999665 0.6436828374862671 1
1653308999682 0.6436828374862671 1
1653309009434 0.6301064491271973 2
1653309009453 0.6301064491271973 2
1653309020489 0.6336165070533752 3
1653309020516 0.6336165070533752 3
1653309031288 0.6337763667106628 4
1653309031308 0.6337763667106628 4
1653309040661 0.6263028979301453 5
1653309040680 0.6263028979301453 5
1653309051304 0.6263468265533447 6
1653309051323 0.6263468265533447 6
1653309061725 0.6173164248466492 7
1653309061743 0.6173164248466492 7
1653309072461 0.6080722808837891 8
1653309072479 0.6080722808837891 8
1653309082974 0.6183544993400574 9
1653309082995 0.6183544993400574 9
1653309091521 0.5731189846992493 10
1653309091539 0.5731189846992493 10
1653309101113 0.5891563892364502 11
1653309101131 0.5891563892364502 11
1653309109545 0.5852161645889282 12
1653309109563 0.5852161645889282 12
1653309118202 0.5775349140167236 13
1653309118220 0.5775349140167236 13
1653309128009 0.5621923208236694 14
1653309128027 0.5621923208236694 14
1653309137304 0.5273478627204895 15
1653309137322 0.5273478627204895 15
1653309145807 0.5968413352966309 16
1653309145825 0.5968413352966309 16
1653309155169 0.6011372208595276 17
1653309155186 0.6011372208595276 17
1653309164281 0.5570827126502991 18
1653309164299 0.5570827126502991 18
1653309172769 0.5370624661445618 19
1653309172787 0.5370624661445618 19
