1653308987103 0.5041192770004272 0
1653308987121 0.5041192770004272 0
1653308999665 0.5165481567382812 1
1653308999682 0.5165481567382812 1
1653309009434 0.543906569480896 2
1653309009453 0.543906569480896 2
1653309020489 0.5331538319587708 3
1653309020516 0.5331538319587708 3
1653309031288 0.5352169275283813 4
1653309031308 0.5352169275283813 4
1653309040661 0.5782944560050964 5
1653309040680 0.5782944560050964 5
1653309051304 0.5862528681755066 6
1653309051323 0.5862528681755066 6
1653309061725 0.6118203401565552 7
1653309061743 0.6118203401565552 7
1653309072461 0.6324902772903442 8
1653309072479 0.6324902772903442 8
1653309082974 0.6208230257034302 9
1653309082995 0.6208230257034302 9
1653309091521 0.7016878724098206 10
1653309091539 0.7016878724098206 10
1653309101113 0.6749157905578613 11
1653309101131 0.6749157905578613 11
1653309109545 0.6876343488693237 12
1653309109563 0.6876343488693237 12
1653309118202 0.689974844455719 13
1653309118220 0.689974844455719 13
1653309128009 0.7232393026351929 14
1653309128027 0.7232393026351929 14
1653309137304 0.7674863338470459 15
1653309137322 0.7674863338470459 15
1653309145807 0.6785236597061157 16
1653309145825 0.6785236597061157 16
1653309155169 0.6949049830436707 17
1653309155186 0.6949049830436707 17
1653309164281 0.7285964488983154 18
1653309164299 0.7285964488983154 18
1653309172769 0.7527101635932922 19
1653309172787 0.7527101635932922 19
