1653308987103 0.32266053557395935 0
1653308987121 0.32266053557395935 0
1653308999665 0.22960813343524933 1
1653308999682 0.22960813343524933 1
1653309009434 0.22405818104743958 2
1653309009453 0.22405818104743958 2
1653309020489 0.2235945165157318 3
1653309020516 0.2235945165157318 3
1653309031288 0.2199556529521942 4
1653309031308 0.2199556529521942 4
1653309040661 0.21351760625839233 5
1653309040680 0.21351760625839233 5
1653309051304 0.21572904288768768 6
1653309051323 0.21572904288768768 6
1653309061725 0.2073974311351776 7
1653309061743 0.2073974311351776 7
1653309072461 0.20511479675769806 8
1653309072479 0.20511479675769806 8
1653309082974 0.20598390698432922 9
1653309082995 0.20598390698432922 9
1653309091521 0.19496990740299225 10
1653309091539 0.19496990740299225 10
1653309101113 0.18557798862457275 11
1653309101131 0.18557798862457275 11
1653309109545 0.19016937911510468 12
1653309109563 0.19016937911510468 12
1653309118202 0.18707644939422607 13
1653309118220 0.18707644939422607 13
1653309128009 0.180007204413414 14
1653309128027 0.180007204413414 14
1653309137304 0.16326192021369934 15
1653309137322 0.16326192021369934 15
1653309145807 0.1866062730550766 16
1653309145825 0.1866062730550766 16
1653309155169 0.19372662901878357 17
1653309155186 0.19372662901878357 17
1653309164281 0.17415307462215424 18
1653309164299 0.17415307462215424 18
1653309172769 0.1617296040058136 19
1653309172787 0.1617296040058136 19
