1653308987103 0.13841071724891663 0
1653308987121 0.13841071724891663 0
1653308999665 0.10470820963382721 1
1653308999682 0.10470820963382721 1
1653309009434 0.10300567746162415 2
1653309009453 0.10300567746162415 2
1653309020489 0.09797254204750061 3
1653309020516 0.09797254204750061 3
1653309031288 0.10458158701658249 4
1653309031308 0.10458158701658249 4
1653309040661 0.09858579933643341 5
1653309040680 0.09858579933643341 5
1653309051304 0.09124276787042618 6
1653309051323 0.09124276787042618 6
1653309061725 0.0955769419670105 7
1653309061743 0.0955769419670105 7
1653309072461 0.0849921852350235 8
1653309072479 0.0849921852350235 8
1653309082974 0.08799204230308533 9
1653309082995 0.08799204230308533 9
1653309091521 0.06670762598514557 10
1653309091539 0.06670762598514557 10
1653309101113 0.05969591811299324 11
1653309101131 0.05969591811299324 11
1653309109545 0.08651382476091385 12
1653309109563 0.08651382476091385 12
1653309118202 0.06501969695091248 13
1653309118220 0.06501969695091248 13
1653309128009 0.05516044795513153 14
1653309128027 0.05516044795513153 14
1653309137304 0.056189436465501785 15
1653309137322 0.056189436465501785 15
1653309145807 0.061132144182920456 16
1653309145825 0.061132144182920456 16
1653309155169 0.06802605092525482 17
1653309155186 0.06802605092525482 17
1653309164281 0.06455252319574356 18
1653309164299 0.06455252319574356 18
1653309172769 0.05178669095039368 19
1653309172787 0.05178669095039368 19
