1653308987103 1.1893688440322876 0
1653308987121 1.1893688440322876 0
1653308999665 0.6985415816307068 1
1653308999682 0.6985415816307068 1
1653309009434 0.6800093650817871 2
1653309009453 0.6800093650817871 2
1653309020489 0.6949042677879333 3
1653309020516 0.6949042677879333 3
1653309031288 0.6534910202026367 4
1653309031308 0.6534910202026367 4
1653309040661 0.630628228187561 5
1653309040680 0.630628228187561 5
1653309051304 0.6749748587608337 6
1653309051323 0.6749748587608337 6
1653309061725 0.5999355316162109 7
1653309061743 0.5999355316162109 7
1653309072461 0.6289116144180298 8
1653309072479 0.6289116144180298 8
1653309082974 0.6324165463447571 9
1653309082995 0.6324165463447571 9
1653309091521 0.5496675372123718 10
1653309091539 0.5496675372123718 10
1653309101113 0.5804766416549683 11
1653309101131 0.5804766416549683 11
1653309109545 0.5450804233551025 12
1653309109563 0.5450804233551025 12
1653309118202 0.5784045457839966 13
1653309118220 0.5784045457839966 13
1653309128009 0.5247363448143005 14
1653309128027 0.5247363448143005 14
1653309137304 0.4728889465332031 15
1653309137322 0.4728889465332031 15
1653309145807 0.5813478231430054 16
1653309145825 0.5813478231430054 16
1653309155169 0.6201429963111877 17
1653309155186 0.6201429963111877 17
1653309164281 0.5227901935577393 18
1653309164299 0.5227901935577393 18
1653309172769 0.4942816197872162 19
1653309172787 0.4942816197872162 19
