1653308987103 0.04882896691560745 0
1653308987121 0.04882896691560745 0
1653308999665 0.03026047721505165 1
1653308999682 0.03026047721505165 1
1653309009434 0.02960101142525673 2
1653309009453 0.02960101142525673 2
1653309020489 0.02581932209432125 3
1653309020516 0.02581932209432125 3
1653309031288 0.03228514641523361 4
1653309031308 0.03228514641523361 4
1653309040661 0.02169816754758358 5
1653309040680 0.02169816754758358 5
1653309051304 0.031273528933525085 6
1653309051323 0.031273528933525085 6
1653309061725 0.02299816906452179 7
1653309061743 0.02299816906452179 7
1653309072461 0.02579120174050331 8
1653309072479 0.02579120174050331 8
1653309082974 0.031230242922902107 9
1653309082995 0.031230242922902107 9
1653309091521 0.024363534525036812 10
1653309091539 0.024363534525036812 10
1653309101113 0.02107236534357071 11
1653309101131 0.02107236534357071 11
1653309109545 0.02601492591202259 12
1653309109563 0.02601492591202259 12
1653309118202 0.023597614839673042 13
1653309118220 0.023597614839673042 13
1653309128009 0.02155461721122265 14
1653309128027 0.02155461721122265 14
1653309137304 0.022199783474206924 15
1653309137322 0.022199783474206924 15
1653309145807 0.01873135194182396 16
1653309145825 0.01873135194182396 16
1653309155169 0.021854477003216743 17
1653309155186 0.021854477003216743 17
1653309164281 0.02258080244064331 18
1653309164299 0.02258080244064331 18
1653309172769 0.017386073246598244 19
1653309172787 0.017386073246598244 19
