1653308987103 0.3476676940917969 0
1653308987121 0.3476676940917969 0
1653308999665 0.25493955612182617 1
1653308999682 0.25493955612182617 1
1653309009434 0.25076648592948914 2
1653309009453 0.25076648592948914 2
1653309020489 0.2519283592700958 3
1653309020516 0.2519283592700958 3
1653309031288 0.24576547741889954 4
1653309031308 0.24576547741889954 4
1653309040661 0.23925256729125977 5
1653309040680 0.23925256729125977 5
1653309051304 0.23783327639102936 6
1653309051323 0.23783327639102936 6
1653309061725 0.23382391035556793 7
1653309061743 0.23382391035556793 7
1653309072461 0.2344350665807724 8
1653309072479 0.2344350665807724 8
1653309082974 0.21675966680049896 9
1653309082995 0.21675966680049896 9
1653309091521 0.24846771359443665 10
1653309091539 0.24846771359443665 10
1653309101113 0.2067442238330841 11
1653309101131 0.2067442238330841 11
1653309109545 0.2231457531452179 12
1653309109563 0.2231457531452179 12
1653309118202 0.21889370679855347 13
1653309118220 0.21889370679855347 13
1653309128009 0.2315664142370224 14
1653309128027 0.2315664142370224 14
1653309137304 0.19463087618350983 15
1653309137322 0.19463087618350983 15
1653309145807 0.19376540184020996 16
1653309145825 0.19376540184020996 16
1653309155169 0.23278005421161652 17
1653309155186 0.23278005421161652 17
1653309164281 0.19773593544960022 18
1653309164299 0.19773593544960022 18
1653309172769 0.19079884886741638 19
1653309172787 0.19079884886741638 19
