1653308987103 0.15423883497714996 0
1653308987121 0.15423883497714996 0
1653308999665 0.11522220820188522 1
1653308999682 0.11522220820188522 1
1653309009434 0.10995888710021973 2
1653309009453 0.10995888710021973 2
1653309020489 0.10599703341722488 3
1653309020516 0.10599703341722488 3
1653309031288 0.10310885310173035 4
1653309031308 0.10310885310173035 4
1653309040661 0.1104176864027977 5
1653309040680 0.1104176864027977 5
1653309051304 0.09455180168151855 6
1653309051323 0.09455180168151855 6
1653309061725 0.10762803256511688 7
1653309061743 0.10762803256511688 7
1653309072461 0.09098771214485168 8
1653309072479 0.09098771214485168 8
1653309082974 0.09528739005327225 9
1653309082995 0.09528739005327225 9
1653309091521 0.1080896258354187 10
1653309091539 0.1080896258354187 10
1653309101113 0.08430187404155731 11
1653309101131 0.08430187404155731 11
1653309109545 0.08213218301534653 12
1653309109563 0.08213218301534653 12
1653309118202 0.07912805676460266 13
1653309118220 0.07912805676460266 13
1653309128009 0.08228027075529099 14
1653309128027 0.08228027075529099 14
1653309137304 0.07331942021846771 15
1653309137322 0.07331942021846771 15
1653309145807 0.09784307330846786 16
1653309145825 0.09784307330846786 16
1653309155169 0.06563976407051086 17
1653309155186 0.06563976407051086 17
1653309164281 0.07502922415733337 18
1653309164299 0.07502922415733337 18
1653309172769 0.06266861408948898 19
1653309172787 0.06266861408948898 19
