1653311063330 0.6669676303863525 0
1653311063352 0.6669676303863525 0
1653311076636 0.6413127779960632 1
1653311076656 0.6413127779960632 1
1653311086067 0.6343241930007935 2
1653311086087 0.6343241930007935 2
1653311096336 0.6356229782104492 3
1653311096359 0.6356229782104492 3
1653311104957 0.6309254765510559 4
1653311104976 0.6309254765510559 4
1653311114281 0.6251783967018127 5
1653311114300 0.6251783967018127 5
1653311124960 0.6224910020828247 6
1653311124980 0.6224910020828247 6
1653311133764 0.6199858784675598 7
1653311133783 0.6199858784675598 7
1653311142930 0.6055434346199036 8
1653311142951 0.6055434346199036 8
1653311152121 0.5980934500694275 9
1653311152141 0.5980934500694275 9
1653311160826 0.5968166589736938 10
1653311160848 0.5968166589736938 10
1653311171358 0.5878015160560608 11
1653311171379 0.5878015160560608 11
1653311180582 0.5759554505348206 12
1653311180602 0.5759554505348206 12
1653311189221 0.5931032299995422 13
1653311189239 0.5931032299995422 13
1653311198555 0.5597517490386963 14
1653311198575 0.5597517490386963 14
1653311207919 0.5647000074386597 15
1653311207938 0.5647000074386597 15
1653311219137 0.5542920827865601 16
1653311219157 0.5542920827865601 16
1653311228279 0.5390986800193787 17
1653311228299 0.5390986800193787 17
1653311237888 0.612593412399292 18
1653311237908 0.612593412399292 18
1653311247060 0.5800176858901978 19
1653311247080 0.5800176858901978 19
