1653311063330 0.49898195266723633 0
1653311063352 0.49898195266723633 0
1653311076636 0.516613245010376 1
1653311076656 0.516613245010376 1
1653311086067 0.5351728796958923 2
1653311086087 0.5351728796958923 2
1653311096336 0.5387095212936401 3
1653311096359 0.5387095212936401 3
1653311104957 0.5558367371559143 4
1653311104976 0.5558367371559143 4
1653311114281 0.5823987126350403 5
1653311114300 0.5823987126350403 5
1653311124960 0.5963131189346313 6
1653311124980 0.5963131189346313 6
1653311133764 0.6068500876426697 7
1653311133783 0.6068500876426697 7
1653311142930 0.6351302862167358 8
1653311142951 0.6351302862167358 8
1653311152121 0.658419132232666 9
1653311152141 0.658419132232666 9
1653311160826 0.6602338552474976 10
1653311160848 0.6602338552474976 10
1653311171358 0.6914138197898865 11
1653311171379 0.6914138197898865 11
1653311180582 0.6881012916564941 12
1653311180602 0.6881012916564941 12
1653311189221 0.6839248538017273 13
1653311189239 0.6839248538017273 13
1653311198555 0.7176018357276917 14
1653311198575 0.7176018357276917 14
1653311207919 0.7133759260177612 15
1653311207938 0.7133759260177612 15
1653311219137 0.7284509539604187 16
1653311219157 0.7284509539604187 16
1653311228279 0.7584523558616638 17
1653311228299 0.7584523558616638 17
1653311237888 0.6660536527633667 18
1653311237908 0.6660536527633667 18
1653311247060 0.6895577907562256 19
1653311247080 0.6895577907562256 19
