1653311063330 0.5430946946144104 0
1653311063352 0.5430946946144104 0
1653311076636 0.3531779646873474 1
1653311076656 0.3531779646873474 1
1653311086067 0.34030309319496155 2
1653311086087 0.34030309319496155 2
1653311096336 0.35473352670669556 3
1653311096359 0.35473352670669556 3
1653311104957 0.3161948323249817 4
1653311104976 0.3161948323249817 4
1653311114281 0.3268279433250427 5
1653311114300 0.3268279433250427 5
1653311124960 0.3484616279602051 6
1653311124980 0.3484616279602051 6
1653311133764 0.3250117599964142 7
1653311133783 0.3250117599964142 7
1653311142930 0.32250553369522095 8
1653311142951 0.32250553369522095 8
1653311152121 0.31443771719932556 9
1653311152141 0.31443771719932556 9
1653311160826 0.30154621601104736 10
1653311160848 0.30154621601104736 10
1653311171358 0.30392080545425415 11
1653311171379 0.30392080545425415 11
1653311180582 0.3212527930736542 12
1653311180602 0.3212527930736542 12
1653311189221 0.27956393361091614 13
1653311189239 0.27956393361091614 13
1653311198555 0.28520143032073975 14
1653311198575 0.28520143032073975 14
1653311207919 0.304896742105484 15
1653311207938 0.304896742105484 15
1653311219137 0.27534493803977966 16
1653311219157 0.27534493803977966 16
1653311228279 0.2769670784473419 17
1653311228299 0.2769670784473419 17
1653311237888 0.3347596228122711 18
1653311237908 0.3347596228122711 18
1653311247060 0.28505370020866394 19
1653311247080 0.28505370020866394 19
