1653311063330 2.5822744369506836 0
1653311063352 2.5822744369506836 0
1653311076636 1.2590328454971313 1
1653311076656 1.2590328454971313 1
1653311086067 1.184763789176941 2
1653311086087 1.184763789176941 2
1653311096336 1.3354077339172363 3
1653311096359 1.3354077339172363 3
1653311104957 0.9224179983139038 4
1653311104976 0.9224179983139038 4
1653311114281 1.106621503829956 5
1653311114300 1.106621503829956 5
1653311124960 1.364107608795166 6
1653311124980 1.364107608795166 6
1653311133764 1.103186011314392 7
1653311133783 1.103186011314392 7
1653311142930 1.2385389804840088 8
1653311142951 1.2385389804840088 8
1653311152121 1.1721935272216797 9
1653311152141 1.1721935272216797 9
1653311160826 0.9942411184310913 10
1653311160848 0.9942411184310913 10
1653311171358 1.0764882564544678 11
1653311171379 1.0764882564544678 11
1653311180582 1.299396276473999 12
1653311180602 1.299396276473999 12
1653311189221 0.8743513822555542 13
1653311189239 0.8743513822555542 13
1653311198555 1.051369071006775 14
1653311198575 1.051369071006775 14
1653311207919 1.197157621383667 15
1653311207938 1.197157621383667 15
1653311219137 0.9642083644866943 16
1653311219157 0.9642083644866943 16
1653311228279 1.0563032627105713 17
1653311228299 1.0563032627105713 17
1653311237888 1.3310467004776 18
1653311237908 1.3310467004776 18
1653311247060 0.951136589050293 19
1653311247080 0.951136589050293 19
