1653311063330 0.1388523429632187 0
1653311063352 0.1388523429632187 0
1653311076636 0.10710220038890839 1
1653311076656 0.10710220038890839 1
1653311086067 0.10597021877765656 2
1653311086087 0.10597021877765656 2
1653311096336 0.10301821678876877 3
1653311096359 0.10301821678876877 3
1653311104957 0.10512139648199081 4
1653311104976 0.10512139648199081 4
1653311114281 0.09768880903720856 5
1653311114300 0.09768880903720856 5
1653311124960 0.09405805915594101 6
1653311124980 0.09405805915594101 6
1653311133764 0.0934470146894455 7
1653311133783 0.0934470146894455 7
1653311142930 0.08027239143848419 8
1653311142951 0.08027239143848419 8
1653311152121 0.08002226799726486 9
1653311152141 0.08002226799726486 9
1653311160826 0.08630052953958511 10
1653311160848 0.08630052953958511 10
1653311171358 0.07217298448085785 11
1653311171379 0.07217298448085785 11
1653311180582 0.08277479559183121 12
1653311180602 0.08277479559183121 12
1653311189221 0.06589749455451965 13
1653311189239 0.06589749455451965 13
1653311198555 0.07227446138858795 14
1653311198575 0.07227446138858795 14
1653311207919 0.06575872749090195 15
1653311207938 0.06575872749090195 15
1653311219137 0.07317107170820236 16
1653311219157 0.07317107170820236 16
1653311228279 0.05545416474342346 17
1653311228299 0.05545416474342346 17
1653311237888 0.08834199607372284 18
1653311237908 0.08834199607372284 18
1653311247060 0.08038244396448135 19
1653311247080 0.08038244396448135 19
