1653311063330 0.8878445625305176 0
1653311063352 0.8878445625305176 0
1653311076636 0.6966249942779541 1
1653311076656 0.6966249942779541 1
1653311086067 0.6731703877449036 2
1653311086087 0.6731703877449036 2
1653311096336 0.683737576007843 3
1653311096359 0.683737576007843 3
1653311104957 0.6537578701972961 4
1653311104976 0.6537578701972961 4
1653311114281 0.6518651843070984 5
1653311114300 0.6518651843070984 5
1653311124960 0.655780017375946 6
1653311124980 0.655780017375946 6
1653311133764 0.6494794487953186 7
1653311133783 0.6494794487953186 7
1653311142930 0.6141587495803833 8
1653311142951 0.6141587495803833 8
1653311152121 0.5804010629653931 9
1653311152141 0.5804010629653931 9
1653311160826 0.6101869940757751 10
1653311160848 0.6101869940757751 10
1653311171358 0.5832374691963196 11
1653311171379 0.5832374691963196 11
1653311180582 0.5760074257850647 12
1653311180602 0.5760074257850647 12
1653311189221 0.5805943608283997 13
1653311189239 0.5805943608283997 13
1653311198555 0.5264623761177063 14
1653311198575 0.5264623761177063 14
1653311207919 0.5405650734901428 15
1653311207938 0.5405650734901428 15
1653311219137 0.5286603569984436 16
1653311219157 0.5286603569984436 16
1653311228279 0.5096818804740906 17
1653311228299 0.5096818804740906 17
1653311237888 0.6245970129966736 18
1653311237908 0.6245970129966736 18
1653311247060 0.5680089592933655 19
1653311247080 0.5680089592933655 19
