1653311063330 0.04225597530603409 0
1653311063352 0.04225597530603409 0
1653311076636 0.03261891007423401 1
1653311076656 0.03261891007423401 1
1653311086067 0.027664916589856148 2
1653311086087 0.027664916589856148 2
1653311096336 0.03672874718904495 3
1653311096359 0.03672874718904495 3
1653311104957 0.0275995135307312 4
1653311104976 0.0275995135307312 4
1653311114281 0.029885565862059593 5
1653311114300 0.029885565862059593 5
1653311124960 0.02755248360335827 6
1653311124980 0.02755248360335827 6
1653311133764 0.024315547198057175 7
1653311133783 0.024315547198057175 7
1653311142930 0.028323307633399963 8
1653311142951 0.028323307633399963 8
1653311152121 0.027009667828679085 9
1653311152141 0.027009667828679085 9
1653311160826 0.033815186470746994 10
1653311160848 0.033815186470746994 10
1653311171358 0.022672686725854874 11
1653311171379 0.022672686725854874 11
1653311180582 0.024018200114369392 12
1653311180602 0.024018200114369392 12
1653311189221 0.026024093851447105 13
1653311189239 0.026024093851447105 13
1653311198555 0.0230973269790411 14
1653311198575 0.0230973269790411 14
1653311207919 0.023685460910201073 15
1653311207938 0.023685460910201073 15
1653311219137 0.02289677783846855 16
1653311219157 0.02289677783846855 16
1653311228279 0.022609127685427666 17
1653311228299 0.022609127685427666 17
1653311237888 0.027834879234433174 18
1653311237908 0.027834879234433174 18
1653311247060 0.016522709280252457 19
1653311247080 0.016522709280252457 19
