1653311063330 0.39219143986701965 0
1653311063352 0.39219143986701965 0
1653311076636 0.25117361545562744 1
1653311076656 0.25117361545562744 1
1653311086067 0.24792221188545227 2
1653311086087 0.24792221188545227 2
1653311096336 0.2335035651922226 3
1653311096359 0.2335035651922226 3
1653311104957 0.26665782928466797 4
1653311104976 0.26665782928466797 4
1653311114281 0.24247774481773376 5
1653311114300 0.24247774481773376 5
1653311124960 0.23502123355865479 6
1653311124980 0.23502123355865479 6
1653311133764 0.25101912021636963 7
1653311133783 0.25101912021636963 7
1653311142930 0.2145681530237198 8
1653311142951 0.2145681530237198 8
1653311152121 0.2332598865032196 9
1653311152141 0.2332598865032196 9
1653311160826 0.21781334280967712 10
1653311160848 0.21781334280967712 10
1653311171358 0.2434747815132141 11
1653311171379 0.2434747815132141 11
1653311180582 0.22105753421783447 12
1653311180602 0.22105753421783447 12
1653311189221 0.21908500790596008 13
1653311189239 0.21908500790596008 13
1653311198555 0.21109174191951752 14
1653311198575 0.21109174191951752 14
1653311207919 0.23643198609352112 15
1653311207938 0.23643198609352112 15
1653311219137 0.20314961671829224 16
1653311219157 0.20314961671829224 16
1653311228279 0.20852410793304443 17
1653311228299 0.20852410793304443 17
1653311237888 0.2132466435432434 18
1653311237908 0.2132466435432434 18
1653311247060 0.2196909636259079 19
1653311247080 0.2196909636259079 19
