1653311891835 0.6626414656639099 0
1653311891853 0.6626414656639099 0
1653311904753 0.6409046649932861 1
1653311904771 0.6409046649932861 1
1653311913997 0.6339293122291565 2
1653311914015 0.6339293122291565 2
1653311923095 0.6292763948440552 3
1653311923114 0.6292763948440552 3
1653311932556 0.6232951283454895 4
1653311932574 0.6232951283454895 4
1653311942799 0.6106473803520203 5
1653311942816 0.6106473803520203 5
1653311950946 0.614955723285675 6
1653311950964 0.614955723285675 6
1653311959881 0.597079873085022 7
1653311959900 0.597079873085022 7
1653311968285 0.6092503070831299 8
1653311968303 0.6092503070831299 8
1653311976931 0.6205094456672668 9
1653311976948 0.6205094456672668 9
1653311985849 0.5865396857261658 10
1653311985868 0.5865396857261658 10
1653311994791 0.5724430084228516 11
1653311994810 0.5724430084228516 11
1653312004602 0.5772454142570496 12
1653312004619 0.5772454142570496 12
1653312013711 0.5569122433662415 13
1653312013730 0.5569122433662415 13
1653312022033 0.5325404405593872 14
1653312022052 0.5325404405593872 14
1653312030157 0.5620738863945007 15
1653312030175 0.5620738863945007 15
1653312038891 0.5406959056854248 16
1653312038909 0.5406959056854248 16
1653312048405 0.538040280342102 17
1653312048423 0.538040280342102 17
1653312059972 0.5257288813591003 18
1653312059992 0.5257288813591003 18
1653312068736 0.5279630422592163 19
1653312068755 0.5279630422592163 19
