1653311891835 0.5104818344116211 0
1653311891853 0.5104818344116211 0
1653311904753 0.5113517642021179 1
1653311904771 0.5113517642021179 1
1653311913997 0.5409199595451355 2
1653311914015 0.5409199595451355 2
1653311923095 0.5713351368904114 3
1653311923114 0.5713351368904114 3
1653311932556 0.5836734175682068 4
1653311932574 0.5836734175682068 4
1653311942799 0.6336276531219482 5
1653311942816 0.6336276531219482 5
1653311950946 0.6198633909225464 6
1653311950964 0.6198633909225464 6
1653311959881 0.6551820039749146 7
1653311959900 0.6551820039749146 7
1653311968285 0.6626143455505371 8
1653311968303 0.6626143455505371 8
1653311976931 0.6476157307624817 9
1653311976948 0.6476157307624817 9
1653311985849 0.6824432611465454 10
1653311985868 0.6824432611465454 10
1653311994791 0.7012064456939697 11
1653311994810 0.7012064456939697 11
1653312004602 0.6966646909713745 12
1653312004619 0.6966646909713745 12
1653312013711 0.7275974750518799 13
1653312013730 0.7275974750518799 13
1653312022033 0.754852831363678 14
1653312022052 0.754852831363678 14
1653312030157 0.7279011011123657 15
1653312030175 0.7279011011123657 15
1653312038891 0.7476993203163147 16
1653312038909 0.7476993203163147 16
1653312048405 0.7477095127105713 17
1653312048423 0.7477095127105713 17
1653312059972 0.7632339596748352 18
1653312059992 0.7632339596748352 18
1653312068736 0.7687448263168335 19
1653312068755 0.7687448263168335 19
