1653311891835 0.35659295320510864 0
1653311891853 0.35659295320510864 0
1653311904753 0.26143771409988403 1
1653311904771 0.26143771409988403 1
1653311913997 0.2532062828540802 2
1653311914015 0.2532062828540802 2
1653311923095 0.24658045172691345 3
1653311923114 0.24658045172691345 3
1653311932556 0.24371035397052765 4
1653311932574 0.24371035397052765 4
1653311942799 0.23914740979671478 5
1653311942816 0.23914740979671478 5
1653311950946 0.23921369016170502 6
1653311950964 0.23921369016170502 6
1653311959881 0.22679810225963593 7
1653311959900 0.22679810225963593 7
1653311968285 0.2360275536775589 8
1653311968303 0.2360275536775589 8
1653311976931 0.23342595994472504 9
1653311976948 0.23342595994472504 9
1653311985849 0.2237328141927719 10
1653311985868 0.2237328141927719 10
1653311994791 0.21785441040992737 11
1653311994810 0.21785441040992737 11
1653312004602 0.21730591356754303 12
1653312004619 0.21730591356754303 12
1653312013711 0.20332995057106018 13
1653312013730 0.20332995057106018 13
1653312022033 0.19175086915493011 14
1653312022052 0.19175086915493011 14
1653312030157 0.20702962577342987 15
1653312030175 0.20702962577342987 15
1653312038891 0.19676189124584198 16
1653312038909 0.19676189124584198 16
1653312048405 0.19476741552352905 17
1653312048423 0.19476741552352905 17
1653312059972 0.1862749606370926 18
1653312059992 0.1862749606370926 18
1653312068736 0.1861727088689804 19
1653312068755 0.1861727088689804 19
