1653311891835 0.1454257220029831 0
1653311891853 0.1454257220029831 0
1653311904753 0.10667066276073456 1
1653311904771 0.10667066276073456 1
1653311913997 0.10269314795732498 2
1653311914015 0.10269314795732498 2
1653311923095 0.09357910603284836 3
1653311923114 0.09357910603284836 3
1653311932556 0.08589647710323334 4
1653311932574 0.08589647710323334 4
1653311942799 0.10065625607967377 5
1653311942816 0.10065625607967377 5
1653311950946 0.08424320071935654 6
1653311950964 0.08424320071935654 6
1653311959881 0.0841563418507576 7
1653311959900 0.0841563418507576 7
1653311968285 0.08934784680604935 8
1653311968303 0.08934784680604935 8
1653311976931 0.08242753148078918 9
1653311976948 0.08242753148078918 9
1653311985849 0.08165427297353745 10
1653311985868 0.08165427297353745 10
1653311994791 0.06925511360168457 11
1653311994810 0.06925511360168457 11
1653312004602 0.06829625368118286 12
1653312004619 0.06829625368118286 12
1653312013711 0.06439849734306335 13
1653312013730 0.06439849734306335 13
1653312022033 0.05493682250380516 14
1653312022052 0.05493682250380516 14
1653312030157 0.06606999039649963 15
1653312030175 0.06606999039649963 15
1653312038891 0.056041087955236435 16
1653312038909 0.056041087955236435 16
1653312048405 0.055227331817150116 17
1653312048423 0.055227331817150116 17
1653312059972 0.05768755450844765 18
1653312059992 0.05768755450844765 18
1653312068736 0.05095389485359192 19
1653312068755 0.05095389485359192 19
