1653311891835 1.117956519126892 0
1653311891853 1.117956519126892 0
1653311904753 0.6950297951698303 1
1653311904771 0.6950297951698303 1
1653311913997 0.670944094657898 2
1653311914015 0.670944094657898 2
1653311923095 0.6584553718566895 3
1653311923114 0.6584553718566895 3
1653311932556 0.6535110473632812 4
1653311932574 0.6535110473632812 4
1653311942799 0.6363465189933777 5
1653311942816 0.6363465189933777 5
1653311950946 0.6151096820831299 6
1653311950964 0.6151096820831299 6
1653311959881 0.585038959980011 7
1653311959900 0.585038959980011 7
1653311968285 0.6199678778648376 8
1653311968303 0.6199678778648376 8
1653311976931 0.6381140351295471 9
1653311976948 0.6381140351295471 9
1653311985849 0.5812798142433167 10
1653311985868 0.5812798142433167 10
1653311994791 0.57522052526474 11
1653311994810 0.57522052526474 11
1653312004602 0.5646697282791138 12
1653312004619 0.5646697282791138 12
1653312013711 0.5152238607406616 13
1653312013730 0.5152238607406616 13
1653312022033 0.4989926517009735 14
1653312022052 0.4989926517009735 14
1653312030157 0.5347805619239807 15
1653312030175 0.5347805619239807 15
1653312038891 0.5119147300720215 16
1653312038909 0.5119147300720215 16
1653312048405 0.5093129277229309 17
1653312048423 0.5093129277229309 17
1653312059972 0.4646805226802826 18
1653312059992 0.4646805226802826 18
1653312068736 0.4892811179161072 19
1653312068755 0.4892811179161072 19
