1653311891835 0.04026011750102043 0
1653311891853 0.04026011750102043 0
1653311904753 0.037194930016994476 1
1653311904771 0.037194930016994476 1
1653311913997 0.02907923422753811 2
1653311914015 0.02907923422753811 2
1653311923095 0.030444085597991943 3
1653311923114 0.030444085597991943 3
1653311932556 0.02991783432662487 4
1653311932574 0.02991783432662487 4
1653311942799 0.023127732798457146 5
1653311942816 0.023127732798457146 5
1653311950946 0.03132258728146553 6
1653311950964 0.03132258728146553 6
1653311959881 0.026455720886588097 7
1653311959900 0.026455720886588097 7
1653311968285 0.02976282127201557 8
1653311968303 0.02976282127201557 8
1653311976931 0.021955540403723717 9
1653311976948 0.021955540403723717 9
1653311985849 0.028710486367344856 10
1653311985868 0.028710486367344856 10
1653311994791 0.029038356617093086 11
1653311994810 0.029038356617093086 11
1653312004602 0.02413538098335266 12
1653312004619 0.02413538098335266 12
1653312013711 0.02284763753414154 13
1653312013730 0.02284763753414154 13
1653312022033 0.018025264143943787 14
1653312022052 0.018025264143943787 14
1653312030157 0.0270562581717968 15
1653312030175 0.0270562581717968 15
1653312038891 0.01996244303882122 16
1653312038909 0.01996244303882122 16
1653312048405 0.01741359941661358 17
1653312048423 0.01741359941661358 17
1653312059972 0.01719456911087036 18
1653312059992 0.01719456911087036 18
1653312068736 0.01841425523161888 19
1653312068755 0.01841425523161888 19
