1653311891835 0.354775071144104 0
1653311891853 0.354775071144104 0
1653311904753 0.258908212184906 1
1653311904771 0.258908212184906 1
1653311913997 0.2554064989089966 2
1653311914015 0.2554064989089966 2
1653311923095 0.24458204209804535 3
1653311923114 0.24458204209804535 3
1653311932556 0.24729213118553162 4
1653311932574 0.24729213118553162 4
1653311942799 0.2349301129579544 5
1653311942816 0.2349301129579544 5
1653311950946 0.25627341866493225 6
1653311950964 0.25627341866493225 6
1653311959881 0.23408037424087524 7
1653311959900 0.23408037424087524 7
1653311968285 0.2371290773153305 8
1653311968303 0.2371290773153305 8
1653311976931 0.22584637999534607 9
1653311976948 0.22584637999534607 9
1653311985849 0.22766537964344025 10
1653311985868 0.22766537964344025 10
1653311994791 0.22569440305233002 11
1653311994810 0.22569440305233002 11
1653312004602 0.23519045114517212 12
1653312004619 0.23519045114517212 12
1653312013711 0.21983230113983154 13
1653312013730 0.21983230113983154 13
1653312022033 0.20641304552555084 14
1653312022052 0.20641304552555084 14
1653312030157 0.2140905261039734 15
1653312030175 0.2140905261039734 15
1653312038891 0.21317459642887115 16
1653312038909 0.21317459642887115 16
1653312048405 0.21120303869247437 17
1653312048423 0.21120303869247437 17
1653312059972 0.20509618520736694 18
1653312059992 0.20509618520736694 18
1653312068736 0.1936875432729721 19
1653312068755 0.1936875432729721 19
