1653306629941 0.6395663619041443 0
1653306629961 0.6395663619041443 0
1653306637774 0.6315565705299377 1
1653306637795 0.6315565705299377 1
1653306645228 0.6290929913520813 2
1653306645247 0.6290929913520813 2
1653306651702 0.6271370649337769 3
1653306651722 0.6271370649337769 3
1653306658436 0.6143132448196411 4
1653306658455 0.6143132448196411 4
1653306666467 0.6109653115272522 5
1653306666488 0.6109653115272522 5
1653306673336 0.6075701117515564 6
1653306673355 0.6075701117515564 6
1653306680043 0.5978246331214905 7
1653306680063 0.5978246331214905 7
1653306687620 0.588414192199707 8
1653306687640 0.588414192199707 8
1653306694108 0.5948346257209778 9
1653306694127 0.5948346257209778 9
1653306700871 0.589874267578125 10
1653306700889 0.589874267578125 10
1653306707130 0.5830836892127991 11
1653306707149 0.5830836892127991 11
1653306714290 0.5775585174560547 12
1653306714308 0.5775585174560547 12
1653306720902 0.5717363953590393 13
1653306720921 0.5717363953590393 13
1653306727245 0.5621572136878967 14
1653306727265 0.5621572136878967 14
1653306734591 0.5657281279563904 15
1653306734610 0.5657281279563904 15
1653306741082 0.559956967830658 16
1653306741102 0.559956967830658 16
1653306747864 0.5534385442733765 17
1653306747883 0.5534385442733765 17
1653306755101 0.5462415218353271 18
1653306755121 0.5462415218353271 18
1653306762404 0.5383254289627075 19
1653306762425 0.5383254289627075 19
