1653306629941 0.5155223608016968 0
1653306629961 0.5155223608016968 0
1653306637774 0.5377975702285767 1
1653306637795 0.5377975702285767 1
1653306645228 0.5655167102813721 2
1653306645247 0.5655167102813721 2
1653306651702 0.5910834074020386 3
1653306651722 0.5910834074020386 3
1653306658436 0.6275977492332458 4
1653306658455 0.6275977492332458 4
1653306666467 0.6356416344642639 5
1653306666488 0.6356416344642639 5
1653306673336 0.6404951214790344 6
1653306673355 0.6404951214790344 6
1653306680043 0.6736918687820435 7
1653306680063 0.6736918687820435 7
1653306687620 0.6695829033851624 8
1653306687640 0.6695829033851624 8
1653306694108 0.6669464707374573 9
1653306694127 0.6669464707374573 9
1653306700871 0.6812127232551575 10
1653306700889 0.6812127232551575 10
1653306707130 0.6932765245437622 11
1653306707149 0.6932765245437622 11
1653306714290 0.704692542552948 12
1653306714308 0.704692542552948 12
1653306720902 0.7092629075050354 13
1653306720921 0.7092629075050354 13
1653306727245 0.7127238512039185 14
1653306727265 0.7127238512039185 14
1653306734591 0.7228454351425171 15
1653306734610 0.7228454351425171 15
1653306741082 0.7273512482643127 16
1653306741102 0.7273512482643127 16
1653306747864 0.7325931787490845 17
1653306747883 0.7325931787490845 17
1653306755101 0.7540653347969055 18
1653306755121 0.7540653347969055 18
1653306762404 0.7518438100814819 19
1653306762425 0.7518438100814819 19
