1653306629941 0.45050421357154846 0
1653306629961 0.45050421357154846 0
1653306637774 0.42647093534469604 1
1653306637795 0.42647093534469604 1
1653306645228 0.3829423785209656 2
1653306645247 0.3829423785209656 2
1653306651702 0.34747785329818726 3
1653306651722 0.34747785329818726 3
1653306658436 0.3412971496582031 4
1653306658455 0.3412971496582031 4
1653306666467 0.3381246328353882 5
1653306666488 0.3381246328353882 5
1653306673336 0.31280580163002014 6
1653306673355 0.31280580163002014 6
1653306680043 0.3264637589454651 7
1653306680063 0.3264637589454651 7
1653306687620 0.3056540787220001 8
1653306687640 0.3056540787220001 8
1653306694108 0.3089847266674042 9
1653306694127 0.3089847266674042 9
1653306700871 0.29037466645240784 10
1653306700889 0.29037466645240784 10
1653306707130 0.30946555733680725 11
1653306707149 0.30946555733680725 11
1653306714290 0.3100208342075348 12
1653306714308 0.3100208342075348 12
1653306720902 0.29608315229415894 13
1653306720921 0.29608315229415894 13
1653306727245 0.3155038058757782 14
1653306727265 0.3155038058757782 14
1653306734591 0.27907711267471313 15
1653306734610 0.27907711267471313 15
1653306741082 0.28629714250564575 16
1653306741102 0.28629714250564575 16
1653306747864 0.2829575836658478 17
1653306747883 0.2829575836658478 17
1653306755101 0.29108327627182007 18
1653306755121 0.29108327627182007 18
1653306762404 0.25416895747184753 19
1653306762425 0.25416895747184753 19
