1653306629941 1.121738076210022 0
1653306629961 1.121738076210022 0
1653306637774 1.1513502597808838 1
1653306637795 1.1513502597808838 1
1653306645228 1.216752052307129 2
1653306645247 1.216752052307129 2
1653306651702 1.0468289852142334 3
1653306651722 1.0468289852142334 3
1653306658436 1.1398067474365234 4
1653306658455 1.1398067474365234 4
1653306666467 1.214272141456604 5
1653306666488 1.214272141456604 5
1653306673336 1.04630446434021 6
1653306673355 1.04630446434021 6
1653306680043 1.2399423122406006 7
1653306680063 1.2399423122406006 7
1653306687620 1.0952820777893066 8
1653306687640 1.0952820777893066 8
1653306694108 1.1068322658538818 9
1653306694127 1.1068322658538818 9
1653306700871 0.9895941019058228 10
1653306700889 0.9895941019058228 10
1653306707130 1.1876453161239624 11
1653306707149 1.1876453161239624 11
1653306714290 1.2741984128952026 12
1653306714308 1.2741984128952026 12
1653306720902 1.0920135974884033 13
1653306720921 1.0920135974884033 13
1653306727245 1.3977205753326416 14
1653306727265 1.3977205753326416 14
1653306734591 0.9678377509117126 15
1653306734610 0.9678377509117126 15
1653306741082 1.0838335752487183 16
1653306741102 1.0838335752487183 16
1653306747864 1.098227620124817 17
1653306747883 1.098227620124817 17
1653306755101 1.2412209510803223 18
1653306755121 1.2412209510803223 18
1653306762404 0.8366557955741882 19
1653306762425 0.8366557955741882 19
