1653306629941 0.21551808714866638 0
1653306629961 0.21551808714866638 0
1653306637774 0.2105359435081482 1
1653306637795 0.2105359435081482 1
1653306645228 0.14193403720855713 2
1653306645247 0.14193403720855713 2
1653306651702 0.12649498879909515 3
1653306651722 0.12649498879909515 3
1653306658436 0.11495007574558258 4
1653306658455 0.11495007574558258 4
1653306666467 0.09765887260437012 5
1653306666488 0.09765887260437012 5
1653306673336 0.09021621197462082 6
1653306673355 0.09021621197462082 6
1653306680043 0.08516425639390945 7
1653306680063 0.08516425639390945 7
1653306687620 0.08653448522090912 8
1653306687640 0.08653448522090912 8
1653306694108 0.0857454314827919 9
1653306694127 0.0857454314827919 9
1653306700871 0.07257333397865295 10
1653306700889 0.07257333397865295 10
1653306707130 0.0763312503695488 11
1653306707149 0.0763312503695488 11
1653306714290 0.06799472868442535 12
1653306714308 0.06799472868442535 12
1653306720902 0.07649998366832733 13
1653306720921 0.07649998366832733 13
1653306727245 0.06538483500480652 14
1653306727265 0.06538483500480652 14
1653306734591 0.0709436759352684 15
1653306734610 0.0709436759352684 15
1653306741082 0.06949717551469803 16
1653306741102 0.06949717551469803 16
1653306747864 0.05900484696030617 17
1653306747883 0.05900484696030617 17
1653306755101 0.05824529007077217 18
1653306755121 0.05824529007077217 18
1653306762404 0.059344273060560226 19
1653306762425 0.059344273060560226 19
