1653306629941 0.8896756768226624 0
1653306629961 0.8896756768226624 0
1653306637774 0.8184718489646912 1
1653306637795 0.8184718489646912 1
1653306645228 0.7449101209640503 2
1653306645247 0.7449101209640503 2
1653306651702 0.7089563608169556 3
1653306651722 0.7089563608169556 3
1653306658436 0.6717294454574585 4
1653306658455 0.6717294454574585 4
1653306666467 0.6329495906829834 5
1653306666488 0.6329495906829834 5
1653306673336 0.610243558883667 6
1653306673355 0.610243558883667 6
1653306680043 0.5930278301239014 7
1653306680063 0.5930278301239014 7
1653306687620 0.5546371340751648 8
1653306687640 0.5546371340751648 8
1653306694108 0.5962685346603394 9
1653306694127 0.5962685346603394 9
1653306700871 0.5696853399276733 10
1653306700889 0.5696853399276733 10
1653306707130 0.5488697290420532 11
1653306707149 0.5488697290420532 11
1653306714290 0.5457146167755127 12
1653306714308 0.5457146167755127 12
1653306720902 0.5259771943092346 13
1653306720921 0.5259771943092346 13
1653306727245 0.5271407961845398 14
1653306727265 0.5271407961845398 14
1653306734591 0.5356139540672302 15
1653306734610 0.5356139540672302 15
1653306741082 0.5253265500068665 16
1653306741102 0.5253265500068665 16
1653306747864 0.5097907185554504 17
1653306747883 0.5097907185554504 17
1653306755101 0.48827463388442993 18
1653306755121 0.48827463388442993 18
1653306762404 0.49458953738212585 19
1653306762425 0.49458953738212585 19
