1653306629941 0.07781219482421875 0
1653306629961 0.07781219482421875 0
1653306637774 0.06392800807952881 1
1653306637795 0.06392800807952881 1
1653306645228 0.0426599346101284 2
1653306645247 0.0426599346101284 2
1653306651702 0.04064546152949333 3
1653306651722 0.04064546152949333 3
1653306658436 0.032776884734630585 4
1653306658455 0.032776884734630585 4
1653306666467 0.03412248194217682 5
1653306666488 0.03412248194217682 5
1653306673336 0.02601066417992115 6
1653306673355 0.02601066417992115 6
1653306680043 0.028747130185365677 7
1653306680063 0.028747130185365677 7
1653306687620 0.020067941397428513 8
1653306687640 0.020067941397428513 8
1653306694108 0.028804190456867218 9
1653306694127 0.028804190456867218 9
1653306700871 0.023035718128085136 10
1653306700889 0.023035718128085136 10
1653306707130 0.024544233456254005 11
1653306707149 0.024544233456254005 11
1653306714290 0.02179654873907566 12
1653306714308 0.02179654873907566 12
1653306720902 0.024819275364279747 13
1653306720921 0.024819275364279747 13
1653306727245 0.021583788096904755 14
1653306727265 0.021583788096904755 14
1653306734591 0.021912457421422005 15
1653306734610 0.021912457421422005 15
1653306741082 0.020106805488467216 16
1653306741102 0.020106805488467216 16
1653306747864 0.021188046783208847 17
1653306747883 0.021188046783208847 17
1653306755101 0.01905103772878647 18
1653306755121 0.01905103772878647 18
1653306762404 0.01977085880935192 19
1653306762425 0.01977085880935192 19
