1653306629941 0.49689629673957825 0
1653306629961 0.49689629673957825 0
1653306637774 0.4355942904949188 1
1653306637795 0.4355942904949188 1
1653306645228 0.34195926785469055 2
1653306645247 0.34195926785469055 2
1653306651702 0.28913629055023193 3
1653306651722 0.28913629055023193 3
1653306658436 0.26785963773727417 4
1653306658455 0.26785963773727417 4
1653306666467 0.2622924745082855 5
1653306666488 0.2622924745082855 5
1653306673336 0.2500062584877014 6
1653306673355 0.2500062584877014 6
1653306680043 0.2453053593635559 7
1653306680063 0.2453053593635559 7
1653306687620 0.2482728511095047 8
1653306687640 0.2482728511095047 8
1653306694108 0.2189057171344757 9
1653306694127 0.2189057171344757 9
1653306700871 0.22347651422023773 10
1653306700889 0.22347651422023773 10
1653306707130 0.23626808822155 11
1653306707149 0.23626808822155 11
1653306714290 0.21583808958530426 12
1653306714308 0.21583808958530426 12
1653306720902 0.23420953750610352 13
1653306720921 0.23420953750610352 13
1653306727245 0.20765995979309082 14
1653306727265 0.20765995979309082 14
1653306734591 0.21412719786167145 15
1653306734610 0.21412719786167145 15
1653306741082 0.2088799923658371 16
1653306741102 0.2088799923658371 16
1653306747864 0.20954132080078125 17
1653306747883 0.20954132080078125 17
1653306755101 0.2037222981452942 18
1653306755121 0.2037222981452942 18
1653306762404 0.20732885599136353 19
1653306762425 0.20732885599136353 19
