1653298171998 0.5098550915718079 0
1653298172015 0.5098550915718079 0
1653298179383 0.5381059646606445 1
1653298179401 0.5381059646606445 1
1653298186663 0.5739798545837402 2
1653298186679 0.5739798545837402 2
1653298193344 0.5986243486404419 3
1653298193360 0.5986243486404419 3
1653298201064 0.6236552000045776 4
1653298201082 0.6236552000045776 4
1653298209218 0.6332427263259888 5
1653298209235 0.6332427263259888 5
1653298215873 0.6557794809341431 6
1653298215888 0.6557794809341431 6
1653298223064 0.6597504615783691 7
1653298223081 0.6597504615783691 7
1653298230306 0.6698288917541504 8
1653298230323 0.6698288917541504 8
1653298237700 0.686225414276123 9
1653298237716 0.686225414276123 9
1653298244228 0.6991010308265686 10
1653298244243 0.6991010308265686 10
1653298250901 0.7067269086837769 11
1653298250917 0.7067269086837769 11
1653298257563 0.7170758247375488 12
1653298257580 0.7170758247375488 12
1653298264815 0.706272304058075 13
1653298264832 0.706272304058075 13
1653298271229 0.7153792977333069 14
1653298271245 0.7153792977333069 14
1653298278551 0.7459507584571838 15
1653298278568 0.7459507584571838 15
1653298285038 0.7318088412284851 16
1653298285055 0.7318088412284851 16
1653298292662 0.7487195134162903 17
1653298292679 0.7487195134162903 17
1653298299490 0.753370463848114 18
1653298299507 0.753370463848114 18
1653298305754 0.765633225440979 19
1653298305770 0.765633225440979 19
