1653298171998 0.6419852375984192 0
1653298172015 0.6419852375984192 0
1653298179383 0.6316091418266296 1
1653298179401 0.6316091418266296 1
1653298186663 0.6291271448135376 2
1653298186679 0.6291271448135376 2
1653298193344 0.6216937899589539 3
1653298193360 0.6216937899589539 3
1653298201064 0.6151047348976135 4
1653298201082 0.6151047348976135 4
1653298209218 0.6128465533256531 5
1653298209235 0.6128465533256531 5
1653298215873 0.6024798154830933 6
1653298215888 0.6024798154830933 6
1653298223064 0.595172643661499 7
1653298223081 0.595172643661499 7
1653298230306 0.595598578453064 8
1653298230323 0.595598578453064 8
1653298237700 0.5832339525222778 9
1653298237716 0.5832339525222778 9
1653298244228 0.5808262825012207 10
1653298244243 0.5808262825012207 10
1653298250901 0.5743986964225769 11
1653298250917 0.5743986964225769 11
1653298257563 0.5643393993377686 12
1653298257580 0.5643393993377686 12
1653298264815 0.5748966932296753 13
1653298264832 0.5748966932296753 13
1653298271229 0.5691930055618286 14
1653298271245 0.5691930055618286 14
1653298278551 0.5513342022895813 15
1653298278568 0.5513342022895813 15
1653298285038 0.5577318072319031 16
1653298285055 0.5577318072319031 16
1653298292662 0.537824273109436 17
1653298292679 0.537824273109436 17
1653298299490 0.543495774269104 18
1653298299507 0.543495774269104 18
1653298305754 0.529895544052124 19
1653298305770 0.529895544052124 19
