1653298171998 0.33856382966041565 0
1653298172015 0.33856382966041565 0
1653298179383 0.32990074157714844 1
1653298179401 0.32990074157714844 1
1653298186663 0.3327678143978119 2
1653298186679 0.3327678143978119 2
1653298193344 0.32707205414772034 3
1653298193360 0.32707205414772034 3
1653298201064 0.3264067769050598 4
1653298201082 0.3264067769050598 4
1653298209218 0.3149598240852356 5
1653298209235 0.3149598240852356 5
1653298215873 0.3400532603263855 6
1653298215888 0.3400532603263855 6
1653298223064 0.2929350733757019 7
1653298223081 0.2929350733757019 7
1653298230306 0.3081190884113312 8
1653298230323 0.3081190884113312 8
1653298237700 0.3117606043815613 9
1653298237716 0.3117606043815613 9
1653298244228 0.2759281098842621 10
1653298244243 0.2759281098842621 10
1653298250901 0.3173995316028595 11
1653298250917 0.3173995316028595 11
1653298257563 0.2950436770915985 12
1653298257580 0.2950436770915985 12
1653298264815 0.32448920607566833 13
1653298264832 0.32448920607566833 13
1653298271229 0.2732833921909332 14
1653298271245 0.2732833921909332 14
1653298278551 0.279811829328537 15
1653298278568 0.279811829328537 15
1653298285038 0.2979831099510193 16
1653298285055 0.2979831099510193 16
1653298292662 0.2803785502910614 17
1653298292679 0.2803785502910614 17
1653298299490 0.29050612449645996 18
1653298299507 0.29050612449645996 18
1653298305754 0.2693767249584198 19
1653298305770 0.2693767249584198 19
