1653298171998 1.1865577697753906 0
1653298172015 1.1865577697753906 0
1653298179383 1.084482192993164 1
1653298179401 1.084482192993164 1
1653298186663 1.1598438024520874 2
1653298186679 1.1598438024520874 2
1653298193344 1.1394490003585815 3
1653298193360 1.1394490003585815 3
1653298201064 1.1862293481826782 4
1653298201082 1.1862293481826782 4
1653298209218 1.0703679323196411 5
1653298209235 1.0703679323196411 5
1653298215873 1.348725438117981 6
1653298215888 1.348725438117981 6
1653298223064 0.9310451149940491 7
1653298223081 0.9310451149940491 7
1653298230306 1.1666027307510376 8
1653298230323 1.1666027307510376 8
1653298237700 1.2031773328781128 9
1653298237716 1.2031773328781128 9
1653298244228 0.8615097999572754 10
1653298244243 0.8615097999572754 10
1653298250901 1.34201979637146 11
1653298250917 1.34201979637146 11
1653298257563 1.132189393043518 12
1653298257580 1.132189393043518 12
1653298264815 1.408329725265503 13
1653298264832 1.408329725265503 13
1653298271229 0.8923172950744629 14
1653298271245 0.8923172950744629 14
1653298278551 1.054476022720337 15
1653298278568 1.054476022720337 15
1653298285038 1.1768711805343628 16
1653298285055 1.1768711805343628 16
1653298292662 1.110119342803955 17
1653298292679 1.110119342803955 17
1653298299490 1.2185921669006348 18
1653298299507 1.2185921669006348 18
1653298305754 1.037714958190918 19
1653298305770 1.037714958190918 19
