1653298171998 0.09767408668994904 0
1653298172015 0.09767408668994904 0
1653298179383 0.09853479266166687 1
1653298179401 0.09853479266166687 1
1653298186663 0.09956006705760956 2
1653298186679 0.09956006705760956 2
1653298193344 0.09985648095607758 3
1653298193360 0.09985648095607758 3
1653298201064 0.08960167318582535 4
1653298201082 0.08960167318582535 4
1653298209218 0.08898888528347015 5
1653298209235 0.08898888528347015 5
1653298215873 0.09816513955593109 6
1653298215888 0.09816513955593109 6
1653298223064 0.0791182816028595 7
1653298223081 0.0791182816028595 7
1653298230306 0.0760396420955658 8
1653298230323 0.0760396420955658 8
1653298237700 0.07752523571252823 9
1653298237716 0.07752523571252823 9
1653298244228 0.07685534656047821 10
1653298244243 0.07685534656047821 10
1653298250901 0.07378251105546951 11
1653298250917 0.07378251105546951 11
1653298257563 0.07747413963079453 12
1653298257580 0.07747413963079453 12
1653298264815 0.06669533252716064 13
1653298264832 0.06669533252716064 13
1653298271229 0.07302437722682953 14
1653298271245 0.07302437722682953 14
1653298278551 0.06724923849105835 15
1653298278568 0.06724923849105835 15
1653298285038 0.07180432975292206 16
1653298285055 0.07180432975292206 16
1653298292662 0.05904233455657959 17
1653298292679 0.05904233455657959 17
1653298299490 0.05894814804196358 18
1653298299507 0.05894814804196358 18
1653298305754 0.06185789778828621 19
1653298305770 0.06185789778828621 19
