1653298171998 0.6750558614730835 0
1653298172015 0.6750558614730835 0
1653298179383 0.6704854369163513 1
1653298179401 0.6704854369163513 1
1653298186663 0.6575453281402588 2
1653298186679 0.6575453281402588 2
1653298193344 0.631312370300293 3
1653298193360 0.631312370300293 3
1653298201064 0.620498538017273 4
1653298201082 0.620498538017273 4
1653298209218 0.6226584315299988 5
1653298209235 0.6226584315299988 5
1653298215873 0.5962238907814026 6
1653298215888 0.5962238907814026 6
1653298223064 0.5794470310211182 7
1653298223081 0.5794470310211182 7
1653298230306 0.5541890859603882 8
1653298230323 0.5541890859603882 8
1653298237700 0.5568616390228271 9
1653298237716 0.5568616390228271 9
1653298244228 0.5492855310440063 10
1653298244243 0.5492855310440063 10
1653298250901 0.546909511089325 11
1653298250917 0.546909511089325 11
1653298257563 0.5095841288566589 12
1653298257580 0.5095841288566589 12
1653298264815 0.5421382784843445 13
1653298264832 0.5421382784843445 13
1653298271229 0.5303337574005127 14
1653298271245 0.5303337574005127 14
1653298278551 0.49546509981155396 15
1653298278568 0.49546509981155396 15
1653298285038 0.5418418645858765 16
1653298285055 0.5418418645858765 16
1653298292662 0.4799885153770447 17
1653298292679 0.4799885153770447 17
1653298299490 0.4860106408596039 18
1653298299507 0.4860106408596039 18
1653298305754 0.482488751411438 19
1653298305770 0.482488751411438 19
