1653298171998 0.02747568115592003 0
1653298172015 0.02747568115592003 0
1653298179383 0.031085707247257233 1
1653298179401 0.031085707247257233 1
1653298186663 0.02802753821015358 2
1653298186679 0.02802753821015358 2
1653298193344 0.02506379224359989 3
1653298193360 0.02506379224359989 3
1653298201064 0.027606762945652008 4
1653298201082 0.027606762945652008 4
1653298209218 0.026689395308494568 5
1653298209235 0.026689395308494568 5
1653298215873 0.029849089682102203 6
1653298215888 0.029849089682102203 6
1653298223064 0.02713886648416519 7
1653298223081 0.02713886648416519 7
1653298230306 0.02287532016634941 8
1653298230323 0.02287532016634941 8
1653298237700 0.0308378916233778 9
1653298237716 0.0308378916233778 9
1653298244228 0.022051198408007622 10
1653298244243 0.022051198408007622 10
1653298250901 0.02524588257074356 11
1653298250917 0.02524588257074356 11
1653298257563 0.022592542693018913 12
1653298257580 0.022592542693018913 12
1653298264815 0.02178720012307167 13
1653298264832 0.02178720012307167 13
1653298271229 0.024063820019364357 14
1653298271245 0.024063820019364357 14
1653298278551 0.02154620736837387 15
1653298278568 0.02154620736837387 15
1653298285038 0.023451508954167366 16
1653298285055 0.023451508954167366 16
1653298292662 0.024157723411917686 17
1653298292679 0.024157723411917686 17
1653298299490 0.02008230984210968 18
1653298299507 0.02008230984210968 18
1653298305754 0.020704204216599464 19
1653298305770 0.020704204216599464 19
