1653298171998 0.24342867732048035 0
1653298172015 0.24342867732048035 0
1653298179383 0.250692218542099 1
1653298179401 0.250692218542099 1
1653298186663 0.24165639281272888 2
1653298186679 0.24165639281272888 2
1653298193344 0.24687489867210388 3
1653298193360 0.24687489867210388 3
1653298201064 0.24040380120277405 4
1653298201082 0.24040380120277405 4
1653298209218 0.23928537964820862 5
1653298209235 0.23928537964820862 5
1653298215873 0.24109171330928802 6
1653298215888 0.24109171330928802 6
1653298223064 0.24244992434978485 7
1653298223081 0.24244992434978485 7
1653298230306 0.2324526011943817 8
1653298230323 0.2324526011943817 8
1653298237700 0.22576209902763367 9
1653298237716 0.22576209902763367 9
1653298244228 0.22549590468406677 10
1653298244243 0.22549590468406677 10
1653298250901 0.2103510946035385 11
1653298250917 0.2103510946035385 11
1653298257563 0.22583559155464172 12
1653298257580 0.22583559155464172 12
1653298264815 0.23023220896720886 13
1653298264832 0.23023220896720886 13
1653298271229 0.21751029789447784 14
1653298271245 0.21751029789447784 14
1653298278551 0.2147981971502304 15
1653298278568 0.2147981971502304 15
1653298285038 0.20680302381515503 16
1653298285055 0.20680302381515503 16
1653298292662 0.21421381831169128 17
1653298292679 0.21421381831169128 17
1653298299490 0.21226973831653595 18
1653298299507 0.21226973831653595 18
1653298305754 0.1962590515613556 19
1653298305770 0.1962590515613556 19
