1653292088770 0.6427369117736816 0
1653292088783 0.6427369117736816 0
1653292095104 0.6271194815635681 1
1653292095117 0.6271194815635681 1
1653292102584 0.6313119530677795 2
1653292102598 0.6313119530677795 2
1653292109625 0.6272720694541931 3
1653292109637 0.6272720694541931 3
1653292116788 0.615797758102417 4
1653292116802 0.615797758102417 4
1653292123932 0.6099838018417358 5
1653292123946 0.6099838018417358 5
1653292131046 0.5984429121017456 6
1653292131060 0.5984429121017456 6
1653292137455 0.599243700504303 7
1653292137467 0.599243700504303 7
1653292144430 0.586520254611969 8
1653292144445 0.586520254611969 8
1653292150984 0.5792026519775391 9
1653292150997 0.5792026519775391 9
1653292157593 0.5852547287940979 10
1653292157605 0.5852547287940979 10
1653292164019 0.5660668611526489 11
1653292164032 0.5660668611526489 11
1653292170245 0.5708624124526978 12
1653292170258 0.5708624124526978 12
1653292177238 0.5814973711967468 13
1653292177251 0.5814973711967468 13
1653292183502 0.5548509359359741 14
1653292183515 0.5548509359359741 14
1653292189647 0.559623658657074 15
1653292189660 0.559623658657074 15
1653292195853 0.5563915967941284 16
1653292195867 0.5563915967941284 16
1653292203041 0.5480322241783142 17
1653292203054 0.5480322241783142 17
1653292209373 0.5335135459899902 18
1653292209386 0.5335135459899902 18
1653292215436 0.538218080997467 19
1653292215449 0.538218080997467 19
