1653292088770 0.5076074004173279 0
1653292088783 0.5076074004173279 0
1653292095104 0.5526671409606934 1
1653292095117 0.5526671409606934 1
1653292102584 0.5580264329910278 2
1653292102598 0.5580264329910278 2
1653292109625 0.5946257710456848 3
1653292109637 0.5946257710456848 3
1653292116788 0.6294124722480774 4
1653292116802 0.6294124722480774 4
1653292123932 0.6305586099624634 5
1653292123946 0.6305586099624634 5
1653292131046 0.6681050062179565 6
1653292131060 0.6681050062179565 6
1653292137455 0.6528231501579285 7
1653292137467 0.6528231501579285 7
1653292144430 0.6835339069366455 8
1653292144445 0.6835339069366455 8
1653292150984 0.6956373453140259 9
1653292150997 0.6956373453140259 9
1653292157593 0.6951372623443604 10
1653292157605 0.6951372623443604 10
1653292164019 0.7151808142662048 11
1653292164032 0.7151808142662048 11
1653292170245 0.711875319480896 12
1653292170258 0.711875319480896 12
1653292177238 0.7104424834251404 13
1653292177251 0.7104424834251404 13
1653292183502 0.7300728559494019 14
1653292183515 0.7300728559494019 14
1653292189647 0.7254194617271423 15
1653292189660 0.7254194617271423 15
1653292195853 0.7361598610877991 16
1653292195867 0.7361598610877991 16
1653292203041 0.7422112822532654 17
1653292203054 0.7422112822532654 17
1653292209373 0.7647326588630676 18
1653292209386 0.7647326588630676 18
1653292215436 0.7541629076004028 19
1653292215449 0.7541629076004028 19
