1653292088770 0.25256261229515076 0
1653292088783 0.25256261229515076 0
1653292095104 0.2451421171426773 1
1653292095117 0.2451421171426773 1
1653292102584 0.24896952509880066 2
1653292102598 0.24896952509880066 2
1653292109625 0.24633514881134033 3
1653292109637 0.24633514881134033 3
1653292116788 0.2326042652130127 4
1653292116802 0.2326042652130127 4
1653292123932 0.23883354663848877 5
1653292123946 0.23883354663848877 5
1653292131046 0.22179247438907623 6
1653292131060 0.22179247438907623 6
1653292137455 0.23119407892227173 7
1653292137467 0.23119407892227173 7
1653292144430 0.2202381193637848 8
1653292144445 0.2202381193637848 8
1653292150984 0.21624425053596497 9
1653292150997 0.21624425053596497 9
1653292157593 0.2155117243528366 10
1653292157605 0.2155117243528366 10
1653292164019 0.20743143558502197 11
1653292164032 0.20743143558502197 11
1653292170245 0.20889663696289062 12
1653292170258 0.20889663696289062 12
1653292177238 0.21308808028697968 13
1653292177251 0.21308808028697968 13
1653292183502 0.20283891260623932 14
1653292183515 0.20283891260623932 14
1653292189647 0.2069159895181656 15
1653292189660 0.2069159895181656 15
1653292195853 0.20373551547527313 16
1653292195867 0.20373551547527313 16
1653292203041 0.1961362361907959 17
1653292203054 0.1961362361907959 17
1653292209373 0.18707962334156036 18
1653292209386 0.18707962334156036 18
1653292215436 0.19528859853744507 19
1653292215449 0.19528859853744507 19
