1653292088770 0.10143179446458817 0
1653292088783 0.10143179446458817 0
1653292095104 0.09922631084918976 1
1653292095117 0.09922631084918976 1
1653292102584 0.09232881665229797 2
1653292102598 0.09232881665229797 2
1653292109625 0.09654895961284637 3
1653292109637 0.09654895961284637 3
1653292116788 0.10138300061225891 4
1653292116802 0.10138300061225891 4
1653292123932 0.0900852307677269 5
1653292123946 0.0900852307677269 5
1653292131046 0.08601974695920944 6
1653292131060 0.08601974695920944 6
1653292137455 0.08659233152866364 7
1653292137467 0.08659233152866364 7
1653292144430 0.08094247430562973 8
1653292144445 0.08094247430562973 8
1653292150984 0.07567749917507172 9
1653292150997 0.07567749917507172 9
1653292157593 0.07341115921735764 10
1653292157605 0.07341115921735764 10
1653292164019 0.08180283010005951 11
1653292164032 0.08180283010005951 11
1653292170245 0.06328757852315903 12
1653292170258 0.06328757852315903 12
1653292177238 0.08022856712341309 13
1653292177251 0.08022856712341309 13
1653292183502 0.06558766961097717 14
1653292183515 0.06558766961097717 14
1653292189647 0.06597228348255157 15
1653292189660 0.06597228348255157 15
1653292195853 0.06739978492259979 16
1653292195867 0.06739978492259979 16
1653292203041 0.06813717633485794 17
1653292203054 0.06813717633485794 17
1653292209373 0.053029343485832214 18
1653292209386 0.053029343485832214 18
1653292215436 0.05908839404582977 19
1653292215449 0.05908839404582977 19
