1653292088770 0.6739364862442017 0
1653292088783 0.6739364862442017 0
1653292095104 0.6638839840888977 1
1653292095117 0.6638839840888977 1
1653292102584 0.6738041639328003 2
1653292102598 0.6738041639328003 2
1653292109625 0.6682711839675903 3
1653292109637 0.6682711839675903 3
1653292116788 0.6144676804542542 4
1653292116802 0.6144676804542542 4
1653292123932 0.5984953045845032 5
1653292123946 0.5984953045845032 5
1653292131046 0.5783738493919373 6
1653292131060 0.5783738493919373 6
1653292137455 0.5796787738800049 7
1653292137467 0.5796787738800049 7
1653292144430 0.5642679929733276 8
1653292144445 0.5642679929733276 8
1653292150984 0.5461820960044861 9
1653292150997 0.5461820960044861 9
1653292157593 0.5495405793190002 10
1653292157605 0.5495405793190002 10
1653292164019 0.5370270013809204 11
1653292164032 0.5370270013809204 11
1653292170245 0.532101035118103 12
1653292170258 0.532101035118103 12
1653292177238 0.5486429333686829 13
1653292177251 0.5486429333686829 13
1653292183502 0.5175689458847046 14
1653292183515 0.5175689458847046 14
1653292189647 0.5302794575691223 15
1653292189660 0.5302794575691223 15
1653292195853 0.5188649296760559 16
1653292195867 0.5188649296760559 16
1653292203041 0.5050285458564758 17
1653292203054 0.5050285458564758 17
1653292209373 0.47753915190696716 18
1653292209386 0.47753915190696716 18
1653292215436 0.49367931485176086 19
1653292215449 0.49367931485176086 19
