1653292088770 0.0293702632188797 0
1653292088783 0.0293702632188797 0
1653292095104 0.025679517537355423 1
1653292095117 0.025679517537355423 1
1653292102584 0.02975798025727272 2
1653292102598 0.02975798025727272 2
1653292109625 0.027862291783094406 3
1653292109637 0.027862291783094406 3
1653292116788 0.02392556704580784 4
1653292116802 0.02392556704580784 4
1653292123932 0.031199105083942413 5
1653292123946 0.031199105083942413 5
1653292131046 0.02929854393005371 6
1653292131060 0.02929854393005371 6
1653292137455 0.023768920451402664 7
1653292137467 0.023768920451402664 7
1653292144430 0.025784827768802643 8
1653292144445 0.025784827768802643 8
1653292150984 0.02748859114944935 9
1653292150997 0.02748859114944935 9
1653292157593 0.024007655680179596 10
1653292157605 0.024007655680179596 10
1653292164019 0.022395681589841843 11
1653292164032 0.022395681589841843 11
1653292170245 0.020709550008177757 12
1653292170258 0.020709550008177757 12
1653292177238 0.02805580385029316 13
1653292177251 0.02805580385029316 13
1653292183502 0.01773212105035782 14
1653292183515 0.01773212105035782 14
1653292189647 0.02626311592757702 15
1653292189660 0.02626311592757702 15
1653292195853 0.021459784358739853 16
1653292195867 0.021459784358739853 16
1653292203041 0.019621318206191063 17
1653292203054 0.019621318206191063 17
1653292209373 0.022213226184248924 18
1653292209386 0.022213226184248924 18
1653292215436 0.02031349577009678 19
1653292215449 0.02031349577009678 19
