1653292088770 0.24739928543567657 0
1653292088783 0.24739928543567657 0
1653292095104 0.23477011919021606 1
1653292095117 0.23477011919021606 1
1653292102584 0.24673296511173248 2
1653292102598 0.24673296511173248 2
1653292109625 0.23766492307186127 3
1653292109637 0.23766492307186127 3
1653292116788 0.21512311697006226 4
1653292116802 0.21512311697006226 4
1653292123932 0.2611684799194336 5
1653292123946 0.2611684799194336 5
1653292131046 0.2091313898563385 6
1653292131060 0.2091313898563385 6
1653292137455 0.25724950432777405 7
1653292137467 0.25724950432777405 7
1653292144430 0.2274618297815323 8
1653292144445 0.2274618297815323 8
1653292150984 0.22869794070720673 9
1653292150997 0.22869794070720673 9
1653292157593 0.22729843854904175 10
1653292157605 0.22729843854904175 10
1653292164019 0.19984781742095947 11
1653292164032 0.19984781742095947 11
1653292170245 0.2315172255039215 12
1653292170258 0.2315172255039215 12
1653292177238 0.20542913675308228 13
1653292177251 0.20542913675308228 13
1653292183502 0.222066268324852 14
1653292183515 0.222066268324852 14
1653292189647 0.2188364416360855 15
1653292189660 0.2188364416360855 15
1653292195853 0.21773996949195862 16
1653292195867 0.21773996949195862 16
1653292203041 0.19752591848373413 17
1653292203054 0.19752591848373413 17
1653292209373 0.19573040306568146 18
1653292209386 0.19573040306568146 18
1653292215436 0.2156466692686081 19
1653292215449 0.2156466692686081 19
