1653293262531 0.5189918875694275 0
1653293262545 0.5189918875694275 0
1653293268906 0.5511553287506104 1
1653293268920 0.5511553287506104 1
1653293275363 0.6144461035728455 2
1653293275378 0.6144461035728455 2
1653293283580 0.6767203211784363 3
1653293283596 0.6767203211784363 3
1653293290399 0.7001631855964661 4
1653293290413 0.7001631855964661 4
1653293298080 0.745573878288269 5
1653293298095 0.745573878288269 5
1653293305692 0.7778841853141785 6
1653293305710 0.7778841853141785 6
1653293312854 0.7689459919929504 7
1653293312870 0.7689459919929504 7
1653293319248 0.8022332787513733 8
1653293319262 0.8022332787513733 8
1653293326934 0.791811466217041 9
1653293326950 0.791811466217041 9
1653293333485 0.7999584078788757 10
1653293333500 0.7999584078788757 10
1653293340400 0.8059643507003784 11
1653293340414 0.8059643507003784 11
1653293346943 0.8073070645332336 12
1653293346958 0.8073070645332336 12
1653293354418 0.8134487867355347 13
1653293354434 0.8134487867355347 13
1653293362298 0.8172726631164551 14
1653293362314 0.8172726631164551 14
1653293369592 0.8146156668663025 15
1653293369608 0.8146156668663025 15
1653293376130 0.8323419094085693 16
1653293376144 0.8323419094085693 16
1653293382593 0.8311203718185425 17
1653293382607 0.8311203718185425 17
1653293389916 0.8126333951950073 18
1653293389932 0.8126333951950073 18
1653293396631 0.8321477174758911 19
1653293396646 0.8321477174758911 19
