1653293262531 0.6392714977264404 0
1653293262545 0.6392714977264404 0
1653293268906 0.6301667094230652 1
1653293268920 0.6301667094230652 1
1653293275363 0.6222115755081177 2
1653293275378 0.6222115755081177 2
1653293283580 0.599682092666626 3
1653293283596 0.599682092666626 3
1653293290399 0.5804846882820129 4
1653293290413 0.5804846882820129 4
1653293298080 0.5453003644943237 5
1653293298095 0.5453003644943237 5
1653293305692 0.516028642654419 6
1653293305710 0.516028642654419 6
1653293312854 0.5191968083381653 7
1653293312870 0.5191968083381653 7
1653293319248 0.48819148540496826 8
1653293319262 0.48819148540496826 8
1653293326934 0.5016814470291138 9
1653293326950 0.5016814470291138 9
1653293333485 0.4817165732383728 10
1653293333500 0.4817165732383728 10
1653293340400 0.4775662124156952 11
1653293340414 0.4775662124156952 11
1653293346943 0.47835463285446167 12
1653293346958 0.47835463285446167 12
1653293354418 0.4664354920387268 13
1653293354434 0.4664354920387268 13
1653293362298 0.4698375463485718 14
1653293362314 0.4698375463485718 14
1653293369592 0.46536383032798767 15
1653293369608 0.46536383032798767 15
1653293376130 0.4485005736351013 16
1653293376144 0.4485005736351013 16
1653293382593 0.4489211142063141 17
1653293382607 0.4489211142063141 17
1653293389916 0.4695549011230469 18
1653293389932 0.4695549011230469 18
1653293396631 0.4466838538646698 19
1653293396646 0.4466838538646698 19
