1653293262531 0.21949411928653717 0
1653293262545 0.21949411928653717 0
1653293268906 0.21852213144302368 1
1653293268920 0.21852213144302368 1
1653293275363 0.2140781134366989 2
1653293275378 0.2140781134366989 2
1653293283580 0.2000497281551361 3
1653293283596 0.2000497281551361 3
1653293290399 0.1964075267314911 4
1653293290413 0.1964075267314911 4
1653293298080 0.1778387576341629 5
1653293298095 0.1778387576341629 5
1653293305692 0.17194661498069763 6
1653293305710 0.17194661498069763 6
1653293312854 0.1669459044933319 7
1653293312870 0.1669459044933319 7
1653293319248 0.15430574119091034 8
1653293319262 0.15430574119091034 8
1653293326934 0.1650419384241104 9
1653293326950 0.1650419384241104 9
1653293333485 0.14930130541324615 10
1653293333500 0.14930130541324615 10
1653293340400 0.15224289894104004 11
1653293340414 0.15224289894104004 11
1653293346943 0.15282922983169556 12
1653293346958 0.15282922983169556 12
1653293354418 0.14214687049388885 13
1653293354434 0.14214687049388885 13
1653293362298 0.1446945071220398 14
1653293362314 0.1446945071220398 14
1653293369592 0.13898015022277832 15
1653293369608 0.13898015022277832 15
1653293376130 0.134934201836586 16
1653293376144 0.134934201836586 16
1653293382593 0.13120929896831512 17
1653293382607 0.13120929896831512 17
1653293389916 0.1357404887676239 18
1653293389932 0.1357404887676239 18
1653293396631 0.12868858873844147 19
1653293396646 0.12868858873844147 19
