1653293262531 0.09699881821870804 0
1653293262545 0.09699881821870804 0
1653293268906 0.0994328185915947 1
1653293268920 0.0994328185915947 1
1653293275363 0.09757913649082184 2
1653293275378 0.09757913649082184 2
1653293283580 0.09562356770038605 3
1653293283596 0.09562356770038605 3
1653293290399 0.08451865613460541 4
1653293290413 0.08451865613460541 4
1653293298080 0.06939355283975601 5
1653293298095 0.06939355283975601 5
1653293305692 0.0609419047832489 6
1653293305710 0.0609419047832489 6
1653293312854 0.058913130313158035 7
1653293312870 0.058913130313158035 7
1653293319248 0.051888953894376755 8
1653293319262 0.051888953894376755 8
1653293326934 0.047840144485235214 9
1653293326950 0.047840144485235214 9
1653293333485 0.05560006946325302 10
1653293333500 0.05560006946325302 10
1653293340400 0.04939588904380798 11
1653293340414 0.04939588904380798 11
1653293346943 0.04964091628789902 12
1653293346958 0.04964091628789902 12
1653293354418 0.048660531640052795 13
1653293354434 0.048660531640052795 13
1653293362298 0.04967784509062767 14
1653293362314 0.04967784509062767 14
1653293369592 0.038612306118011475 15
1653293369608 0.038612306118011475 15
1653293376130 0.048302389681339264 16
1653293376144 0.048302389681339264 16
1653293382593 0.039393793791532516 17
1653293382607 0.039393793791532516 17
1653293389916 0.04355544224381447 18
1653293389932 0.04355544224381447 18
1653293396631 0.03974717855453491 19
1653293396646 0.03974717855453491 19
