1653293262531 0.6766997575759888 0
1653293262545 0.6766997575759888 0
1653293268906 0.6643625497817993 1
1653293268920 0.6643625497817993 1
1653293275363 0.6325858235359192 2
1653293275378 0.6325858235359192 2
1653293283580 0.5705645680427551 3
1653293283596 0.5705645680427551 3
1653293290399 0.5381352305412292 4
1653293290413 0.5381352305412292 4
1653293298080 0.4906459450721741 5
1653293298095 0.4906459450721741 5
1653293305692 0.4515840709209442 6
1653293305710 0.4515840709209442 6
1653293312854 0.44849324226379395 7
1653293312870 0.44849324226379395 7
1653293319248 0.415753036737442 8
1653293319262 0.415753036737442 8
1653293326934 0.44206440448760986 9
1653293326950 0.44206440448760986 9
1653293333485 0.4133245348930359 10
1653293333500 0.4133245348930359 10
1653293340400 0.40167057514190674 11
1653293340414 0.40167057514190674 11
1653293346943 0.4202288091182709 12
1653293346958 0.4202288091182709 12
1653293354418 0.4046948552131653 13
1653293354434 0.4046948552131653 13
1653293362298 0.39557233452796936 14
1653293362314 0.39557233452796936 14
1653293369592 0.3985205888748169 15
1653293369608 0.3985205888748169 15
1653293376130 0.38276389241218567 16
1653293376144 0.38276389241218567 16
1653293382593 0.3856342136859894 17
1653293382607 0.3856342136859894 17
1653293389916 0.4078116714954376 18
1653293389932 0.4078116714954376 18
1653293396631 0.36417412757873535 19
1653293396646 0.36417412757873535 19
