1653293262531 0.030121123418211937 0
1653293262545 0.030121123418211937 0
1653293268906 0.027122516185045242 1
1653293268920 0.027122516185045242 1
1653293275363 0.029169483110308647 2
1653293275378 0.029169483110308647 2
1653293283580 0.027694059535861015 3
1653293283596 0.027694059535861015 3
1653293290399 0.023843146860599518 4
1653293290413 0.023843146860599518 4
1653293298080 0.03029133751988411 5
1653293298095 0.03029133751988411 5
1653293305692 0.021538658067584038 6
1653293305710 0.021538658067584038 6
1653293312854 0.02883876860141754 7
1653293312870 0.02883876860141754 7
1653293319248 0.018694724887609482 8
1653293319262 0.018694724887609482 8
1653293326934 0.024022657424211502 9
1653293326950 0.024022657424211502 9
1653293333485 0.015226071700453758 10
1653293333500 0.015226071700453758 10
1653293340400 0.019928572699427605 11
1653293340414 0.019928572699427605 11
1653293346943 0.01790647581219673 12
1653293346958 0.01790647581219673 12
1653293354418 0.014327798038721085 13
1653293354434 0.014327798038721085 13
1653293362298 0.015883993357419968 14
1653293362314 0.015883993357419968 14
1653293369592 0.014987101778388023 15
1653293369608 0.014987101778388023 15
1653293376130 0.015459680929780006 16
1653293376144 0.015459680929780006 16
1653293382593 0.012198026292026043 17
1653293382607 0.012198026292026043 17
1653293389916 0.014782004058361053 18
1653293389932 0.014782004058361053 18
1653293396631 0.013124089688062668 19
1653293396646 0.013124089688062668 19
