1653293262531 0.24334965646266937 0
1653293262545 0.24334965646266937 0
1653293268906 0.24083994328975677 1
1653293268920 0.24083994328975677 1
1653293275363 0.24272382259368896 2
1653293275378 0.24272382259368896 2
1653293283580 0.23051287233829498 3
1653293283596 0.23051287233829498 3
1653293290399 0.23169074952602386 4
1653293290413 0.23169074952602386 4
1653293298080 0.21161016821861267 5
1653293298095 0.21161016821861267 5
1653293305692 0.21622934937477112 6
1653293305710 0.21622934937477112 6
1653293312854 0.20112691819667816 7
1653293312870 0.20112691819667816 7
1653293319248 0.18873243033885956 8
1653293319262 0.18873243033885956 8
1653293326934 0.2117578685283661 9
1653293326950 0.2117578685283661 9
1653293333485 0.1720045655965805 10
1653293333500 0.1720045655965805 10
1653293340400 0.1761344075202942 11
1653293340414 0.1761344075202942 11
1653293346943 0.1966642439365387 12
1653293346958 0.1966642439365387 12
1653293354418 0.16067630052566528 13
1653293354434 0.16067630052566528 13
1653293362298 0.180016428232193 14
1653293362314 0.180016428232193 14
1653293369592 0.1718338578939438 15
1653293369608 0.1718338578939438 15
1653293376130 0.15901966392993927 16
1653293376144 0.15901966392993927 16
1653293382593 0.15148209035396576 17
1653293382607 0.15148209035396576 17
1653293389916 0.16429084539413452 18
1653293389932 0.16429084539413452 18
1653293396631 0.15440146625041962 19
1653293396646 0.15440146625041962 19
