1653293262531 0.09753699600696564 0
1653293262545 0.09753699600696564 0
1653293268906 0.10633119940757751 1
1653293268920 0.10633119940757751 1
1653293275363 0.10375890880823135 2
1653293275378 0.10375890880823135 2
1653293283580 0.09307488799095154 3
1653293283596 0.09307488799095154 3
1653293290399 0.1155834048986435 4
1653293290413 0.1155834048986435 4
1653293298080 0.09102948755025864 5
1653293298095 0.09102948755025864 5
1653293305692 0.11001038551330566 6
1653293305710 0.11001038551330566 6
1653293312854 0.09302744269371033 7
1653293312870 0.09302744269371033 7
1653293319248 0.09063544869422913 8
1653293319262 0.09063544869422913 8
1653293326934 0.10167728364467621 9
1653293326950 0.10167728364467621 9
1653293333485 0.08434939384460449 10
1653293333500 0.08434939384460449 10
1653293340400 0.10467847436666489 11
1653293340414 0.10467847436666489 11
1653293346943 0.08122822642326355 12
1653293346958 0.08122822642326355 12
1653293354418 0.07794535905122757 13
1653293354434 0.07794535905122757 13
1653293362298 0.07503331452608109 14
1653293362314 0.07503331452608109 14
1653293369592 0.06623995304107666 15
1653293369608 0.06623995304107666 15
1653293376130 0.06280723214149475 16
1653293376144 0.06280723214149475 16
1653293382593 0.0616384819149971 17
1653293382607 0.0616384819149971 17
1653293389916 0.04510989040136337 18
1653293389932 0.04510989040136337 18
1653293396631 0.05845840275287628 19
1653293396646 0.05845840275287628 19
