1653305762400 0.6407609581947327 0
1653305762419 0.6407609581947327 0
1653305770020 0.6304276585578918 1
1653305770041 0.6304276585578918 1
1653305776590 0.620056688785553 2
1653305776608 0.620056688785553 2
1653305783949 0.5963451266288757 3
1653305783968 0.5963451266288757 3
1653305790727 0.5792945623397827 4
1653305790748 0.5792945623397827 4
1653305798400 0.5304064154624939 5
1653305798420 0.5304064154624939 5
1653305806003 0.5337324738502502 6
1653305806023 0.5337324738502502 6
1653305812450 0.5056502223014832 7
1653305812468 0.5056502223014832 7
1653305820069 0.49372783303260803 8
1653305820088 0.49372783303260803 8
1653305827370 0.504600465297699 9
1653305827389 0.504600465297699 9
1653305834983 0.48266246914863586 10
1653305835005 0.48266246914863586 10
1653305841501 0.4877643287181854 11
1653305841521 0.4877643287181854 11
1653305848008 0.4657813012599945 12
1653305848028 0.4657813012599945 12
1653305855245 0.4774916172027588 13
1653305855264 0.4774916172027588 13
1653305862905 0.4699372351169586 14
1653305862924 0.4699372351169586 14
1653305870229 0.4545981287956238 15
1653305870249 0.4545981287956238 15
1653305877010 0.45286861062049866 16
1653305877029 0.45286861062049866 16
1653305885162 0.469117671251297 17
1653305885181 0.469117671251297 17
1653305891477 0.45342886447906494 18
1653305891496 0.45342886447906494 18
1653305897988 0.44935736060142517 19
1653305898008 0.44935736060142517 19
