1653305762400 0.5105235576629639 0
1653305762419 0.5105235576629639 0
1653305770020 0.5658065676689148 1
1653305770041 0.5658065676689148 1
1653305776590 0.6090999245643616 2
1653305776608 0.6090999245643616 2
1653305783949 0.6758888959884644 3
1653305783968 0.6758888959884644 3
1653305790727 0.7141203880310059 4
1653305790748 0.7141203880310059 4
1653305798400 0.7610028386116028 5
1653305798420 0.7610028386116028 5
1653305806003 0.7602406144142151 6
1653305806023 0.7602406144142151 6
1653305812450 0.786256730556488 7
1653305812468 0.786256730556488 7
1653305820069 0.7920004725456238 8
1653305820088 0.7920004725456238 8
1653305827370 0.7901967763900757 9
1653305827389 0.7901967763900757 9
1653305834983 0.8035668730735779 10
1653305835005 0.8035668730735779 10
1653305841501 0.803155779838562 11
1653305841521 0.803155779838562 11
1653305848008 0.8148121237754822 12
1653305848028 0.8148121237754822 12
1653305855245 0.8100022673606873 13
1653305855264 0.8100022673606873 13
1653305862905 0.8154754042625427 14
1653305862924 0.8154754042625427 14
1653305870229 0.8293641805648804 15
1653305870249 0.8293641805648804 15
1653305877010 0.8322855234146118 16
1653305877029 0.8322855234146118 16
1653305885162 0.8115464448928833 17
1653305885181 0.8115464448928833 17
1653305891477 0.8310526609420776 18
1653305891496 0.8310526609420776 18
1653305897988 0.8333850502967834 19
1653305898008 0.8333850502967834 19
