1653305762400 0.3381149172782898 0
1653305762419 0.3381149172782898 0
1653305770020 0.3142964541912079 1
1653305770041 0.3142964541912079 1
1653305776590 0.2683402895927429 2
1653305776608 0.2683402895927429 2
1653305783949 0.22862467169761658 3
1653305783968 0.22862467169761658 3
1653305790727 0.20561420917510986 4
1653305790748 0.20561420917510986 4
1653305798400 0.18532031774520874 5
1653305798420 0.18532031774520874 5
1653305806003 0.1799720972776413 6
1653305806023 0.1799720972776413 6
1653305812450 0.16850534081459045 7
1653305812468 0.16850534081459045 7
1653305820069 0.1602204591035843 8
1653305820088 0.1602204591035843 8
1653305827370 0.1674284189939499 9
1653305827389 0.1674284189939499 9
1653305834983 0.15089452266693115 10
1653305835005 0.15089452266693115 10
1653305841501 0.1574672907590866 11
1653305841521 0.1574672907590866 11
1653305848008 0.1466403603553772 12
1653305848028 0.1466403603553772 12
1653305855245 0.14642806351184845 13
1653305855264 0.14642806351184845 13
1653305862905 0.14246520400047302 14
1653305862924 0.14246520400047302 14
1653305870229 0.13773873448371887 15
1653305870249 0.13773873448371887 15
1653305877010 0.13162030279636383 16
1653305877029 0.13162030279636383 16
1653305885162 0.1416981816291809 17
1653305885181 0.1416981816291809 17
1653305891477 0.1305578052997589 18
1653305891496 0.1305578052997589 18
1653305897988 0.1295127421617508 19
1653305898008 0.1295127421617508 19
