1653305762400 0.21961064636707306 0
1653305762419 0.21961064636707306 0
1653305770020 0.19572386145591736 1
1653305770041 0.19572386145591736 1
1653305776590 0.1512705683708191 2
1653305776608 0.1512705683708191 2
1653305783949 0.12037266045808792 3
1653305783968 0.12037266045808792 3
1653305790727 0.10309920459985733 4
1653305790748 0.10309920459985733 4
1653305798400 0.07840573787689209 5
1653305798420 0.07840573787689209 5
1653305806003 0.07155261933803558 6
1653305806023 0.07155261933803558 6
1653305812450 0.06504116952419281 7
1653305812468 0.06504116952419281 7
1653305820069 0.054775651544332504 8
1653305820088 0.054775651544332504 8
1653305827370 0.05302901566028595 9
1653305827389 0.05302901566028595 9
1653305834983 0.04844237118959427 10
1653305835005 0.04844237118959427 10
1653305841501 0.05182243883609772 11
1653305841521 0.05182243883609772 11
1653305848008 0.05149651691317558 12
1653305848028 0.05149651691317558 12
1653305855245 0.05099999159574509 13
1653305855264 0.05099999159574509 13
1653305862905 0.04558108374476433 14
1653305862924 0.04558108374476433 14
1653305870229 0.03995945304632187 15
1653305870249 0.03995945304632187 15
1653305877010 0.03945421800017357 16
1653305877029 0.03945421800017357 16
1653305885162 0.04515862092375755 17
1653305885181 0.04515862092375755 17
1653305891477 0.041945211589336395 18
1653305891496 0.041945211589336395 18
1653305897988 0.04080452024936676 19
1653305898008 0.04080452024936676 19
