1653305762400 0.8842716217041016 0
1653305762419 0.8842716217041016 0
1653305770020 0.8033174276351929 1
1653305770041 0.8033174276351929 1
1653305776590 0.7399691343307495 2
1653305776608 0.7399691343307495 2
1653305783949 0.6233677864074707 3
1653305783968 0.6233677864074707 3
1653305790727 0.568568229675293 4
1653305790748 0.568568229675293 4
1653305798400 0.4955698549747467 5
1653305798420 0.4955698549747467 5
1653305806003 0.4702237844467163 6
1653305806023 0.4702237844467163 6
1653305812450 0.4502011239528656 7
1653305812468 0.4502011239528656 7
1653305820069 0.43185439705848694 8
1653305820088 0.43185439705848694 8
1653305827370 0.4443955421447754 9
1653305827389 0.4443955421447754 9
1653305834983 0.4121781289577484 10
1653305835005 0.4121781289577484 10
1653305841501 0.4165218472480774 11
1653305841521 0.4165218472480774 11
1653305848008 0.41403067111968994 12
1653305848028 0.41403067111968994 12
1653305855245 0.39236128330230713 13
1653305855264 0.39236128330230713 13
1653305862905 0.41093748807907104 14
1653305862924 0.41093748807907104 14
1653305870229 0.38290366530418396 15
1653305870249 0.38290366530418396 15
1653305877010 0.37973377108573914 16
1653305877029 0.37973377108573914 16
1653305885162 0.4127862751483917 17
1653305885181 0.4127862751483917 17
1653305891477 0.3794699013233185 18
1653305891496 0.3794699013233185 18
1653305897988 0.3811923861503601 19
1653305898008 0.3811923861503601 19
