1653305762400 0.06963212043046951 0
1653305762419 0.06963212043046951 0
1653305770020 0.05607631802558899 1
1653305770041 0.05607631802558899 1
1653305776590 0.050339989364147186 2
1653305776608 0.050339989364147186 2
1653305783949 0.03749728947877884 3
1653305783968 0.03749728947877884 3
1653305790727 0.03527286648750305 4
1653305790748 0.03527286648750305 4
1653305798400 0.024937178939580917 5
1653305798420 0.024937178939580917 5
1653305806003 0.0306968092918396 6
1653305806023 0.0306968092918396 6
1653305812450 0.022515416145324707 7
1653305812468 0.022515416145324707 7
1653305820069 0.02512691542506218 8
1653305820088 0.02512691542506218 8
1653305827370 0.01926286891102791 9
1653305827389 0.01926286891102791 9
1653305834983 0.021281743422150612 10
1653305835005 0.021281743422150612 10
1653305841501 0.016345545649528503 11
1653305841521 0.016345545649528503 11
1653305848008 0.017703352496027946 12
1653305848028 0.017703352496027946 12
1653305855245 0.01742471009492874 13
1653305855264 0.01742471009492874 13
1653305862905 0.015439567156136036 14
1653305862924 0.015439567156136036 14
1653305870229 0.01460034679621458 15
1653305870249 0.01460034679621458 15
1653305877010 0.01474512554705143 16
1653305877029 0.01474512554705143 16
1653305885162 0.01492683868855238 17
1653305885181 0.01492683868855238 17
1653305891477 0.01491931639611721 18
1653305891496 0.01491931639611721 18
1653305897988 0.014553045853972435 19
1653305898008 0.014553045853972435 19
