1653305762400 0.4482575058937073 0
1653305762419 0.4482575058937073 0
1653305770020 0.4134032726287842 1
1653305770041 0.4134032726287842 1
1653305776590 0.3347330689430237 2
1653305776608 0.3347330689430237 2
1653305783949 0.27976128458976746 3
1653305783968 0.27976128458976746 3
1653305790727 0.23308445513248444 4
1653305790748 0.23308445513248444 4
1653305798400 0.23670293390750885 5
1653305798420 0.23670293390750885 5
1653305806003 0.22775189578533173 6
1653305806023 0.22775189578533173 6
1653305812450 0.2105257213115692 7
1653305812468 0.2105257213115692 7
1653305820069 0.18042968213558197 8
1653305820088 0.18042968213558197 8
1653305827370 0.22312459349632263 9
1653305827389 0.22312459349632263 9
1653305834983 0.17080220580101013 10
1653305835005 0.17080220580101013 10
1653305841501 0.2007600963115692 11
1653305841521 0.2007600963115692 11
1653305848008 0.17692449688911438 12
1653305848028 0.17692449688911438 12
1653305855245 0.18256725370883942 13
1653305855264 0.18256725370883942 13
1653305862905 0.16284747421741486 14
1653305862924 0.16284747421741486 14
1653305870229 0.1827848255634308 15
1653305870249 0.1827848255634308 15
1653305877010 0.15447799861431122 16
1653305877029 0.15447799861431122 16
1653305885162 0.16974762082099915 17
1653305885181 0.16974762082099915 17
1653305891477 0.15558013319969177 18
1653305891496 0.15558013319969177 18
1653305897988 0.15104858577251434 19
1653305898008 0.15104858577251434 19
