1653305762400 0.22104118764400482 0
1653305762419 0.22104118764400482 0
1653305770020 0.22238804399967194 1
1653305770041 0.22238804399967194 1
1653305776590 0.15495283901691437 2
1653305776608 0.15495283901691437 2
1653305783949 0.12734629213809967 3
1653305783968 0.12734629213809967 3
1653305790727 0.11189576238393784 4
1653305790748 0.11189576238393784 4
1653305798400 0.10628442466259003 5
1653305798420 0.10628442466259003 5
1653305806003 0.10133962333202362 6
1653305806023 0.10133962333202362 6
1653305812450 0.09783333539962769 7
1653305812468 0.09783333539962769 7
1653305820069 0.10554896295070648 8
1653305820088 0.10554896295070648 8
1653305827370 0.1010918989777565 9
1653305827389 0.1010918989777565 9
1653305834983 0.09412875771522522 10
1653305835005 0.09412875771522522 10
1653305841501 0.09821394085884094 11
1653305841521 0.09821394085884094 11
1653305848008 0.07466142624616623 12
1653305848028 0.07466142624616623 12
1653305855245 0.07707514613866806 13
1653305855264 0.07707514613866806 13
1653305862905 0.07461879402399063 14
1653305862924 0.07461879402399063 14
1653305870229 0.06307056546211243 15
1653305870249 0.06307056546211243 15
1653305877010 0.06003042683005333 16
1653305877029 0.06003042683005333 16
1653305885162 0.06525570899248123 17
1653305885181 0.06525570899248123 17
1653305891477 0.051120661199092865 18
1653305891496 0.051120661199092865 18
1653305897988 0.052078861743211746 19
1653305898008 0.052078861743211746 19
