1653296593882 0.503767728805542 0
1653296593902 0.503767728805542 0
1653296600636 0.5478582978248596 1
1653296600651 0.5478582978248596 1
1653296608075 0.564786434173584 2
1653296608091 0.564786434173584 2
1653296614803 0.6204327940940857 3
1653296614818 0.6204327940940857 3
1653296621075 0.699291467666626 4
1653296621091 0.699291467666626 4
1653296627456 0.7279135584831238 5
1653296627474 0.7279135584831238 5
1653296633760 0.7539530992507935 6
1653296633775 0.7539530992507935 6
1653296641416 0.7978600263595581 7
1653296641431 0.7978600263595581 7
1653296649041 0.7787157893180847 8
1653296649058 0.7787157893180847 8
1653296656297 0.8060712814331055 9
1653296656313 0.8060712814331055 9
1653296663805 0.7882129549980164 10
1653296663822 0.7882129549980164 10
1653296670945 0.8024066090583801 11
1653296670962 0.8024066090583801 11
1653296677253 0.8062544465065002 12
1653296677268 0.8062544465065002 12
1653296684880 0.8109509944915771 13
1653296684897 0.8109509944915771 13
1653296691222 0.829560399055481 14
1653296691237 0.829560399055481 14
1653296698956 0.8159893155097961 15
1653296698972 0.8159893155097961 15
1653296705862 0.8283955454826355 16
1653296705878 0.8283955454826355 16
1653296712156 0.8394215106964111 17
1653296712173 0.8394215106964111 17
1653296719390 0.8246018886566162 18
1653296719406 0.8246018886566162 18
1653296725789 0.822372555732727 19
1653296725805 0.822372555732727 19
