1653296593882 0.6431513428688049 0
1653296593902 0.6431513428688049 0
1653296600636 0.631742537021637 1
1653296600651 0.631742537021637 1
1653296608075 0.6257672905921936 2
1653296608091 0.6257672905921936 2
1653296614803 0.6169639229774475 3
1653296614818 0.6169639229774475 3
1653296621075 0.5901156663894653 4
1653296621091 0.5901156663894653 4
1653296627456 0.5638219714164734 5
1653296627474 0.5638219714164734 5
1653296633760 0.540183961391449 6
1653296633775 0.540183961391449 6
1653296641416 0.49792683124542236 7
1653296641431 0.49792683124542236 7
1653296649041 0.5142204761505127 8
1653296649058 0.5142204761505127 8
1653296656297 0.49037328362464905 9
1653296656313 0.49037328362464905 9
1653296663805 0.49586084485054016 10
1653296663822 0.49586084485054016 10
1653296670945 0.48595017194747925 11
1653296670962 0.48595017194747925 11
1653296677253 0.48322632908821106 12
1653296677268 0.48322632908821106 12
1653296684880 0.47348082065582275 13
1653296684897 0.47348082065582275 13
1653296691222 0.4565208852291107 14
1653296691237 0.4565208852291107 14
1653296698956 0.472434937953949 15
1653296698972 0.472434937953949 15
1653296705862 0.45293816924095154 16
1653296705878 0.45293816924095154 16
1653296712156 0.4419780373573303 17
1653296712173 0.4419780373573303 17
1653296719390 0.4584312438964844 18
1653296719406 0.4584312438964844 18
1653296725789 0.4589294493198395 19
1653296725805 0.4589294493198395 19
