1653296593882 0.22244511544704437 0
1653296593902 0.22244511544704437 0
1653296600636 0.2164309173822403 1
1653296600651 0.2164309173822403 1
1653296608075 0.22055572271347046 2
1653296608091 0.22055572271347046 2
1653296614803 0.20857170224189758 3
1653296614818 0.20857170224189758 3
1653296621075 0.2029639631509781 4
1653296621091 0.2029639631509781 4
1653296627456 0.18677222728729248 5
1653296627474 0.18677222728729248 5
1653296633760 0.17775464057922363 6
1653296633775 0.17775464057922363 6
1653296641416 0.16580303013324738 7
1653296641431 0.16580303013324738 7
1653296649041 0.16997694969177246 8
1653296649058 0.16997694969177246 8
1653296656297 0.15383663773536682 9
1653296656313 0.15383663773536682 9
1653296663805 0.16175240278244019 10
1653296663822 0.16175240278244019 10
1653296670945 0.1536630392074585 11
1653296670962 0.1536630392074585 11
1653296677253 0.14794909954071045 12
1653296677268 0.14794909954071045 12
1653296684880 0.14753244817256927 13
1653296684897 0.14753244817256927 13
1653296691222 0.13753600418567657 14
1653296691237 0.13753600418567657 14
1653296698956 0.1449957937002182 15
1653296698972 0.1449957937002182 15
1653296705862 0.13561509549617767 16
1653296705878 0.13561509549617767 16
1653296712156 0.12661930918693542 17
1653296712173 0.12661930918693542 17
1653296719390 0.1312829554080963 18
1653296719406 0.1312829554080963 18
1653296725789 0.1364477574825287 19
1653296725805 0.1364477574825287 19
