1653296593882 0.09968455880880356 0
1653296593902 0.09968455880880356 0
1653296600636 0.09684225916862488 1
1653296600651 0.09684225916862488 1
1653296608075 0.0998142883181572 2
1653296608091 0.0998142883181572 2
1653296614803 0.09229768812656403 3
1653296614818 0.09229768812656403 3
1653296621075 0.09488730132579803 4
1653296621091 0.09488730132579803 4
1653296627456 0.08458784967660904 5
1653296627474 0.08458784967660904 5
1653296633760 0.08040888607501984 6
1653296633775 0.08040888607501984 6
1653296641416 0.06074767932295799 7
1653296641431 0.06074767932295799 7
1653296649041 0.06106649339199066 8
1653296649058 0.06106649339199066 8
1653296656297 0.050672102719545364 9
1653296656313 0.050672102719545364 9
1653296663805 0.05637550354003906 10
1653296663822 0.05637550354003906 10
1653296670945 0.04924037307500839 11
1653296670962 0.04924037307500839 11
1653296677253 0.05028136074542999 12
1653296677268 0.05028136074542999 12
1653296684880 0.050600796937942505 13
1653296684897 0.050600796937942505 13
1653296691222 0.04275257885456085 14
1653296691237 0.04275257885456085 14
1653296698956 0.04970772936940193 15
1653296698972 0.04970772936940193 15
1653296705862 0.03881678730249405 16
1653296705878 0.03881678730249405 16
1653296712156 0.03882039338350296 17
1653296712173 0.03882039338350296 17
1653296719390 0.04217101261019707 18
1653296719406 0.04217101261019707 18
1653296725789 0.043305911123752594 19
1653296725805 0.043305911123752594 19
