1653296593882 0.6771504282951355 0
1653296593902 0.6771504282951355 0
1653296600636 0.6669725179672241 1
1653296600651 0.6669725179672241 1
1653296608075 0.6599138379096985 2
1653296608091 0.6599138379096985 2
1653296614803 0.6207590699195862 3
1653296614818 0.6207590699195862 3
1653296621075 0.5726833939552307 4
1653296621091 0.5726833939552307 4
1653296627456 0.5113154053688049 5
1653296627474 0.5113154053688049 5
1653296633760 0.47048071026802063 6
1653296633775 0.47048071026802063 6
1653296641416 0.444023996591568 7
1653296641431 0.444023996591568 7
1653296649041 0.4593906104564667 8
1653296649058 0.4593906104564667 8
1653296656297 0.4030720591545105 9
1653296656313 0.4030720591545105 9
1653296663805 0.453584760427475 10
1653296663822 0.453584760427475 10
1653296670945 0.42124420404434204 11
1653296670962 0.42124420404434204 11
1653296677253 0.4233507513999939 12
1653296677268 0.4233507513999939 12
1653296684880 0.41617247462272644 13
1653296684897 0.41617247462272644 13
1653296691222 0.3752076327800751 14
1653296691237 0.3752076327800751 14
1653296698956 0.4163374602794647 15
1653296698972 0.4163374602794647 15
1653296705862 0.39624568819999695 16
1653296705878 0.39624568819999695 16
1653296712156 0.37549400329589844 17
1653296712173 0.37549400329589844 17
1653296719390 0.38161975145339966 18
1653296719406 0.38161975145339966 18
1653296725789 0.4216005504131317 19
1653296725805 0.4216005504131317 19
