1653296593882 0.02808103896677494 0
1653296593902 0.02808103896677494 0
1653296600636 0.02897828072309494 1
1653296600651 0.02897828072309494 1
1653296608075 0.0291316956281662 2
1653296608091 0.0291316956281662 2
1653296614803 0.02530350722372532 3
1653296614818 0.02530350722372532 3
1653296621075 0.028798529878258705 4
1653296621091 0.028798529878258705 4
1653296627456 0.031229419633746147 5
1653296627474 0.031229419633746147 5
1653296633760 0.02083415351808071 6
1653296633775 0.02083415351808071 6
1653296641416 0.028493070974946022 7
1653296641431 0.028493070974946022 7
1653296649041 0.020220577716827393 8
1653296649058 0.020220577716827393 8
1653296656297 0.0205854382365942 9
1653296656313 0.0205854382365942 9
1653296663805 0.020444722846150398 10
1653296663822 0.020444722846150398 10
1653296670945 0.016042953357100487 11
1653296670962 0.016042953357100487 11
1653296677253 0.016415873542428017 12
1653296677268 0.016415873542428017 12
1653296684880 0.014972138218581676 13
1653296684897 0.014972138218581676 13
1653296691222 0.015435994602739811 14
1653296691237 0.015435994602739811 14
1653296698956 0.014545747078955173 15
1653296698972 0.014545747078955173 15
1653296705862 0.013543747365474701 16
1653296705878 0.013543747365474701 16
1653296712156 0.010960065759718418 17
1653296712173 0.010960065759718418 17
1653296719390 0.010915122926235199 18
1653296719406 0.010915122926235199 18
1653296725789 0.013557637110352516 19
1653296725805 0.013557637110352516 19
