1653296593882 0.25017890334129333 0
1653296593902 0.25017890334129333 0
1653296600636 0.2455577403306961 1
1653296600651 0.2455577403306961 1
1653296608075 0.2478116899728775 2
1653296608091 0.2478116899728775 2
1653296614803 0.23592175543308258 3
1653296614818 0.23592175543308258 3
1653296621075 0.23666737973690033 4
1653296621091 0.23666737973690033 4
1653296627456 0.22191660106182098 5
1653296627474 0.22191660106182098 5
1653296633760 0.20957623422145844 6
1653296633775 0.20957623422145844 6
1653296641416 0.20032614469528198 7
1653296641431 0.20032614469528198 7
1653296649041 0.21252323687076569 8
1653296649058 0.21252323687076569 8
1653296656297 0.19373422861099243 9
1653296656313 0.19373422861099243 9
1653296663805 0.18711209297180176 10
1653296663822 0.18711209297180176 10
1653296670945 0.18536677956581116 11
1653296670962 0.18536677956581116 11
1653296677253 0.16688203811645508 12
1653296677268 0.16688203811645508 12
1653296684880 0.16853615641593933 13
1653296684897 0.16853615641593933 13
1653296691222 0.17230792343616486 14
1653296691237 0.17230792343616486 14
1653296698956 0.1692129671573639 15
1653296698972 0.1692129671573639 15
1653296705862 0.1616532951593399 16
1653296705878 0.1616532951593399 16
1653296712156 0.1517619788646698 17
1653296712173 0.1517619788646698 17
1653296719390 0.1541323959827423 18
1653296719406 0.1541323959827423 18
1653296725789 0.15008626878261566 19
1653296725805 0.15008626878261566 19
