1653296593882 0.10383570939302444 0
1653296593902 0.10383570939302444 0
1653296600636 0.09056683629751205 1
1653296600651 0.09056683629751205 1
1653296608075 0.11210427433252335 2
1653296608091 0.11210427433252335 2
1653296614803 0.10081761330366135 3
1653296614818 0.10081761330366135 3
1653296621075 0.10434525460004807 4
1653296621091 0.10434525460004807 4
1653296627456 0.09057459235191345 5
1653296627474 0.09057459235191345 5
1653296633760 0.10486327111721039 6
1653296633775 0.10486327111721039 6
1653296641416 0.0977800115942955 7
1653296641431 0.0977800115942955 7
1653296649041 0.10113067924976349 8
1653296649058 0.10113067924976349 8
1653296656297 0.08952406793832779 9
1653296656313 0.08952406793832779 9
1653296663805 0.09766829758882523 10
1653296663822 0.09766829758882523 10
1653296670945 0.09366566687822342 11
1653296670962 0.09366566687822342 11
1653296677253 0.07988447695970535 12
1653296677268 0.07988447695970535 12
1653296684880 0.08566343039274216 13
1653296684897 0.08566343039274216 13
1653296691222 0.07083746045827866 14
1653296691237 0.07083746045827866 14
1653296698956 0.07434853911399841 15
1653296698972 0.07434853911399841 15
1653296705862 0.06608237326145172 16
1653296705878 0.06608237326145172 16
1653296712156 0.04934786632657051 17
1653296712173 0.04934786632657051 17
1653296719390 0.056728068739175797 18
1653296719406 0.056728068739175797 18
1653296725789 0.05876544862985611 19
1653296725805 0.05876544862985611 19
