1653307955680 0.6630933284759521 0
1653307955700 0.6630933284759521 0
1653307967516 0.6404334306716919 1
1653307967536 0.6404334306716919 1
1653307976641 0.6156237125396729 2
1653307976660 0.6156237125396729 2
1653307986054 0.5852052569389343 3
1653307986073 0.5852052569389343 3
1653307995139 0.5682132244110107 4
1653307995159 0.5682132244110107 4
1653308003685 0.5466991662979126 5
1653308003704 0.5466991662979126 5
1653308014674 0.5411169528961182 6
1653308014694 0.5411169528961182 6
1653308023383 0.5214312076568604 7
1653308023402 0.5214312076568604 7
1653308033962 0.5220127105712891 8
1653308033988 0.5220127105712891 8
1653308043148 0.5256510376930237 9
1653308043168 0.5256510376930237 9
1653308053284 0.5018672347068787 10
1653308053309 0.5018672347068787 10
1653308061727 0.4991852343082428 11
1653308061746 0.4991852343082428 11
1653308072216 0.488802433013916 12
1653308072236 0.488802433013916 12
1653308082373 0.48930928111076355 13
1653308082393 0.48930928111076355 13
1653308091593 0.4771004617214203 14
1653308091612 0.4771004617214203 14
1653308100538 0.48845693469047546 15
1653308100557 0.48845693469047546 15
1653308112414 0.492552787065506 16
1653308112435 0.492552787065506 16
1653308120761 0.46150100231170654 17
1653308120782 0.46150100231170654 17
1653308130633 0.48345470428466797 18
1653308130653 0.48345470428466797 18
1653308139664 0.4627342224121094 19
1653308139684 0.4627342224121094 19
