1653307955680 0.5088778138160706 0
1653307955700 0.5088778138160706 0
1653307967516 0.5304633975028992 1
1653307967536 0.5304633975028992 1
1653307976641 0.6172735691070557 2
1653307976660 0.6172735691070557 2
1653307986054 0.6798163652420044 3
1653307986073 0.6798163652420044 3
1653307995139 0.7144479751586914 4
1653307995159 0.7144479751586914 4
1653308003685 0.7366011738777161 5
1653308003704 0.7366011738777161 5
1653308014674 0.7496257424354553 6
1653308014694 0.7496257424354553 6
1653308023383 0.7656598687171936 7
1653308023402 0.7656598687171936 7
1653308033962 0.7699036002159119 8
1653308033988 0.7699036002159119 8
1653308043148 0.7603861093521118 9
1653308043168 0.7603861093521118 9
1653308053284 0.7903914451599121 10
1653308053309 0.7903914451599121 10
1653308061727 0.7881346344947815 11
1653308061746 0.7881346344947815 11
1653308072216 0.7959871888160706 12
1653308072236 0.7959871888160706 12
1653308082373 0.7965123653411865 13
1653308082393 0.7965123653411865 13
1653308091593 0.805118203163147 14
1653308091612 0.805118203163147 14
1653308100538 0.8057399988174438 15
1653308100557 0.8057399988174438 15
1653308112414 0.7868748903274536 16
1653308112435 0.7868748903274536 16
1653308120761 0.8292793035507202 17
1653308120782 0.8292793035507202 17
1653308130633 0.7984070181846619 18
1653308130653 0.7984070181846619 18
1653308139664 0.8205553293228149 19
1653308139684 0.8205553293228149 19
