1653307955680 0.33961358666419983 0
1653307955700 0.33961358666419983 0
1653307967516 0.22354993224143982 1
1653307967536 0.22354993224143982 1
1653307976641 0.19828128814697266 2
1653307976660 0.19828128814697266 2
1653307986054 0.1886754035949707 3
1653307986073 0.1886754035949707 3
1653307995139 0.17239101231098175 4
1653307995159 0.17239101231098175 4
1653308003685 0.16543139517307281 5
1653308003704 0.16543139517307281 5
1653308014674 0.15824323892593384 6
1653308014694 0.15824323892593384 6
1653308023383 0.1567751169204712 7
1653308023402 0.1567751169204712 7
1653308033962 0.14909325540065765 8
1653308033988 0.14909325540065765 8
1653308043148 0.15505892038345337 9
1653308043168 0.15505892038345337 9
1653308053284 0.13833311200141907 10
1653308053309 0.13833311200141907 10
1653308061727 0.14118126034736633 11
1653308061746 0.14118126034736633 11
1653308072216 0.13928130269050598 12
1653308072236 0.13928130269050598 12
1653308082373 0.13180424273014069 13
1653308082393 0.13180424273014069 13
1653308091593 0.1319347321987152 14
1653308091612 0.1319347321987152 14
1653308100538 0.1365405172109604 15
1653308100557 0.1365405172109604 15
1653308112414 0.1315242201089859 16
1653308112435 0.1315242201089859 16
1653308120761 0.12262072414159775 17
1653308120782 0.12262072414159775 17
1653308130633 0.13204340636730194 18
1653308130653 0.13204340636730194 18
1653308139664 0.12727388739585876 19
1653308139684 0.12727388739585876 19
