1653307955680 0.1400955766439438 0
1653307955700 0.1400955766439438 0
1653307967516 0.10692326724529266 1
1653307967536 0.10692326724529266 1
1653307976641 0.0869690328836441 2
1653307976660 0.0869690328836441 2
1653307986054 0.08034825325012207 3
1653307986073 0.08034825325012207 3
1653307995139 0.07101525366306305 4
1653307995159 0.07101525366306305 4
1653308003685 0.0550181120634079 5
1653308003704 0.0550181120634079 5
1653308014674 0.057641882449388504 6
1653308014694 0.057641882449388504 6
1653308023383 0.054136067628860474 7
1653308023402 0.054136067628860474 7
1653308033962 0.056347012519836426 8
1653308033988 0.056347012519836426 8
1653308043148 0.050086718052625656 9
1653308043168 0.050086718052625656 9
1653308053284 0.04522838443517685 10
1653308053309 0.04522838443517685 10
1653308061727 0.04524902626872063 11
1653308061746 0.04524902626872063 11
1653308072216 0.04671178385615349 12
1653308072236 0.04671178385615349 12
1653308082373 0.04399313032627106 13
1653308082393 0.04399313032627106 13
1653308091593 0.04350552335381508 14
1653308091612 0.04350552335381508 14
1653308100538 0.04302958399057388 15
1653308100557 0.04302958399057388 15
1653308112414 0.0475020632147789 16
1653308112435 0.0475020632147789 16
1653308120761 0.037126027047634125 17
1653308120782 0.037126027047634125 17
1653308130633 0.04321523755788803 18
1653308130653 0.04321523755788803 18
1653308139664 0.037557587027549744 19
1653308139684 0.037557587027549744 19
