1653307955680 1.312322735786438 0
1653307955700 1.312322735786438 0
1653307967516 0.7025138735771179 1
1653307967536 0.7025138735771179 1
1653307976641 0.6017034649848938 2
1653307976660 0.6017034649848938 2
1653307986054 0.5835687518119812 3
1653307986073 0.5835687518119812 3
1653307995139 0.5305888652801514 4
1653307995159 0.5305888652801514 4
1653308003685 0.5068709254264832 5
1653308003704 0.5068709254264832 5
1653308014674 0.47988417744636536 6
1653308014694 0.47988417744636536 6
1653308023383 0.4789319932460785 7
1653308023402 0.4789319932460785 7
1653308033962 0.47122442722320557 8
1653308033988 0.47122442722320557 8
1653308043148 0.463687539100647 9
1653308043168 0.463687539100647 9
1653308053284 0.43626272678375244 10
1653308053309 0.43626272678375244 10
1653308061727 0.43363189697265625 11
1653308061746 0.43363189697265625 11
1653308072216 0.4392012655735016 12
1653308072236 0.4392012655735016 12
1653308082373 0.4166185259819031 13
1653308082393 0.4166185259819031 13
1653308091593 0.4170723855495453 14
1653308091612 0.4170723855495453 14
1653308100538 0.4209842383861542 15
1653308100557 0.4209842383861542 15
1653308112414 0.4244404435157776 16
1653308112435 0.4244404435157776 16
1653308120761 0.38332048058509827 17
1653308120782 0.38332048058509827 17
1653308130633 0.4111635386943817 18
1653308130653 0.4111635386943817 18
1653308139664 0.4063304662704468 19
1653308139684 0.4063304662704468 19
