1653307955680 0.0328308567404747 0
1653307955700 0.0328308567404747 0
1653307967516 0.030598096549510956 1
1653307967536 0.030598096549510956 1
1653307976641 0.026072394102811813 2
1653307976660 0.026072394102811813 2
1653307986054 0.032534874975681305 3
1653307986073 0.032534874975681305 3
1653307995139 0.02070179395377636 4
1653307995159 0.02070179395377636 4
1653308003685 0.023255765438079834 5
1653308003704 0.023255765438079834 5
1653308014674 0.01896781474351883 6
1653308014694 0.01896781474351883 6
1653308023383 0.01401566807180643 7
1653308023402 0.01401566807180643 7
1653308033962 0.013620422221720219 8
1653308033988 0.013620422221720219 8
1653308043148 0.013122368603944778 9
1653308043168 0.013122368603944778 9
1653308053284 0.009057307615876198 10
1653308053309 0.009057307615876198 10
1653308061727 0.012935827486217022 11
1653308061746 0.012935827486217022 11
1653308072216 0.007340278476476669 12
1653308072236 0.007340278476476669 12
1653308082373 0.006431045010685921 13
1653308082393 0.006431045010685921 13
1653308091593 0.008406131528317928 14
1653308091612 0.008406131528317928 14
1653308100538 0.008174329996109009 15
1653308100557 0.008174329996109009 15
1653308112414 0.007304417435079813 16
1653308112435 0.007304417435079813 16
1653308120761 0.005525270476937294 17
1653308120782 0.005525270476937294 17
1653308130633 0.00680525042116642 18
1653308130653 0.00680525042116642 18
1653308139664 0.0070238495245575905 19
1653308139684 0.0070238495245575905 19
