1653307955680 0.3263615071773529 0
1653307955700 0.3263615071773529 0
1653307967516 0.25026988983154297 1
1653307967536 0.25026988983154297 1
1653307976641 0.24106454849243164 2
1653307976660 0.24106454849243164 2
1653307986054 0.22794565558433533 3
1653307986073 0.22794565558433533 3
1653307995139 0.20646335184574127 4
1653307995159 0.20646335184574127 4
1653308003685 0.21867233514785767 5
1653308003704 0.21867233514785767 5
1653308014674 0.2017325907945633 6
1653308014694 0.2017325907945633 6
1653308023383 0.2114599645137787 7
1653308023402 0.2114599645137787 7
1653308033962 0.17657500505447388 8
1653308033988 0.17657500505447388 8
1653308043148 0.2188751995563507 9
1653308043168 0.2188751995563507 9
1653308053284 0.1641799658536911 10
1653308053309 0.1641799658536911 10
1653308061727 0.18702414631843567 11
1653308061746 0.18702414631843567 11
1653308072216 0.17598119378089905 12
1653308072236 0.17598119378089905 12
1653308082373 0.15548767149448395 13
1653308082393 0.15548767149448395 13
1653308091593 0.1670672595500946 14
1653308091612 0.1670672595500946 14
1653308100538 0.17868809401988983 15
1653308100557 0.17868809401988983 15
1653308112414 0.15137477219104767 16
1653308112435 0.15137477219104767 16
1653308120761 0.15363866090774536 17
1653308120782 0.15363866090774536 17
1653308130633 0.16538281738758087 18
1653308130653 0.16538281738758087 18
1653308139664 0.16803811490535736 19
1653308139684 0.16803811490535736 19
