1653307955680 0.19879546761512756 0
1653307955700 0.19879546761512756 0
1653307967516 0.083588145673275 1
1653307967536 0.083588145673275 1
1653307976641 0.05944580212235451 2
1653307976660 0.05944580212235451 2
1653307986054 0.045765720307826996 3
1653307986073 0.045765720307826996 3
1653307995139 0.04334767907857895 4
1653307995159 0.04334767907857895 4
1653308003685 0.03425555303692818 5
1653308003704 0.03425555303692818 5
1653308014674 0.033003341406583786 6
1653308014694 0.033003341406583786 6
1653308023383 0.03495579957962036 7
1653308023402 0.03495579957962036 7
1653308033962 0.02936207689344883 8
1653308033988 0.02936207689344883 8
1653308043148 0.03212378919124603 9
1653308043168 0.03212378919124603 9
1653308053284 0.03136828914284706 10
1653308053309 0.03136828914284706 10
1653308061727 0.024090709164738655 11
1653308061746 0.024090709164738655 11
1653308072216 0.029927482828497887 12
1653308072236 0.029927482828497887 12
1653308082373 0.027048924937844276 13
1653308082393 0.027048924937844276 13
1653308091593 0.02079218067228794 14
1653308091612 0.02079218067228794 14
1653308100538 0.02741163969039917 15
1653308100557 0.02741163969039917 15
1653308112414 0.018854452297091484 16
1653308112435 0.018854452297091484 16
1653308120761 0.021623162552714348 17
1653308120782 0.021623162552714348 17
1653308130633 0.025599857792258263 18
1653308130653 0.025599857792258263 18
1653308139664 0.0164840929210186 19
1653308139684 0.0164840929210186 19
