1653294992256 0.6411385536193848 0
1653294992270 0.6411385536193848 0
1653294999067 0.6301577091217041 1
1653294999082 0.6301577091217041 1
1653295005973 0.6264258027076721 2
1653295005987 0.6264258027076721 2
1653295011932 0.6096649765968323 3
1653295011945 0.6096649765968323 3
1653295018323 0.5656079053878784 4
1653295018336 0.5656079053878784 4
1653295025249 0.5520247220993042 5
1653295025263 0.5520247220993042 5
1653295032949 0.5238243341445923 6
1653295032964 0.5238243341445923 6
1653295039553 0.5146881341934204 7
1653295039566 0.5146881341934204 7
1653295045580 0.5020838379859924 8
1653295045594 0.5020838379859924 8
1653295052030 0.5012499094009399 9
1653295052043 0.5012499094009399 9
1653295057920 0.48508524894714355 10
1653295057933 0.48508524894714355 10
1653295064089 0.484712153673172 11
1653295064102 0.484712153673172 11
1653295070718 0.47434961795806885 12
1653295070730 0.47434961795806885 12
1653295077561 0.46674561500549316 13
1653295077579 0.46674561500549316 13
1653295083819 0.4740121364593506 14
1653295083831 0.4740121364593506 14
1653295089653 0.4635794162750244 15
1653295089666 0.4635794162750244 15
1653295096649 0.45516499876976013 16
1653295096662 0.45516499876976013 16
1653295102661 0.4525574743747711 17
1653295102674 0.4525574743747711 17
1653295109516 0.4551822543144226 18
1653295109529 0.4551822543144226 18
1653295115338 0.4446224570274353 19
1653295115351 0.4446224570274353 19
