1653294992256 0.5188351273536682 0
1653294992270 0.5188351273536682 0
1653294999067 0.5478417277336121 1
1653294999082 0.5478417277336121 1
1653295005973 0.5972076654434204 2
1653295005987 0.5972076654434204 2
1653295011932 0.6521987915039062 3
1653295011945 0.6521987915039062 3
1653295018323 0.7250908017158508 4
1653295018336 0.7250908017158508 4
1653295025249 0.7368812561035156 5
1653295025263 0.7368812561035156 5
1653295032949 0.772260308265686 6
1653295032964 0.772260308265686 6
1653295039553 0.773138701915741 7
1653295039566 0.773138701915741 7
1653295045580 0.7901361584663391 8
1653295045594 0.7901361584663391 8
1653295052030 0.7869404554367065 9
1653295052043 0.7869404554367065 9
1653295057920 0.803293764591217 10
1653295057933 0.803293764591217 10
1653295064089 0.8049063682556152 11
1653295064102 0.8049063682556152 11
1653295070718 0.8073855638504028 12
1653295070730 0.8073855638504028 12
1653295077561 0.8179265260696411 13
1653295077579 0.8179265260696411 13
1653295083819 0.8092262744903564 14
1653295083831 0.8092262744903564 14
1653295089653 0.8175805807113647 15
1653295089666 0.8175805807113647 15
1653295096649 0.8235688209533691 16
1653295096662 0.8235688209533691 16
1653295102661 0.8303797245025635 17
1653295102674 0.8303797245025635 17
1653295109516 0.8286815285682678 18
1653295109529 0.8286815285682678 18
1653295115338 0.8367897868156433 19
1653295115351 0.8367897868156433 19
