1653294992256 0.25185027718544006 0
1653294992270 0.25185027718544006 0
1653294999067 0.24754402041435242 1
1653294999082 0.24754402041435242 1
1653295005973 0.2474891096353531 2
1653295005987 0.2474891096353531 2
1653295011932 0.23562858998775482 3
1653295011945 0.23562858998775482 3
1653295018323 0.21316801011562347 4
1653295018336 0.21316801011562347 4
1653295025249 0.21010912954807281 5
1653295025263 0.21010912954807281 5
1653295032949 0.18649035692214966 6
1653295032964 0.18649035692214966 6
1653295039553 0.18741865456104279 7
1653295039566 0.18741865456104279 7
1653295045580 0.17812742292881012 8
1653295045594 0.17812742292881012 8
1653295052030 0.18035942316055298 9
1653295052043 0.18035942316055298 9
1653295057920 0.17053285241127014 10
1653295057933 0.17053285241127014 10
1653295064089 0.1712784320116043 11
1653295064102 0.1712784320116043 11
1653295070718 0.16268713772296906 12
1653295070730 0.16268713772296906 12
1653295077561 0.1555677354335785 13
1653295077579 0.1555677354335785 13
1653295083819 0.16365866363048553 14
1653295083831 0.16365866363048553 14
1653295089653 0.15898942947387695 15
1653295089666 0.15898942947387695 15
1653295096649 0.1514492928981781 16
1653295096662 0.1514492928981781 16
1653295102661 0.14497576653957367 17
1653295102674 0.14497576653957367 17
1653295109516 0.15473197400569916 18
1653295109529 0.15473197400569916 18
1653295115338 0.14678840339183807 19
1653295115351 0.14678840339183807 19
