1653294992256 0.09856980293989182 0
1653294992270 0.09856980293989182 0
1653294999067 0.09334874898195267 1
1653294999082 0.09334874898195267 1
1653295005973 0.1033862754702568 2
1653295005987 0.1033862754702568 2
1653295011932 0.0938071608543396 3
1653295011945 0.0938071608543396 3
1653295018323 0.07766751945018768 4
1653295018336 0.07766751945018768 4
1653295025249 0.07628361880779266 5
1653295025263 0.07628361880779266 5
1653295032949 0.05834989622235298 6
1653295032964 0.05834989622235298 6
1653295039553 0.061489854007959366 7
1653295039566 0.061489854007959366 7
1653295045580 0.05247370898723602 8
1653295045594 0.05247370898723602 8
1653295052030 0.0556984469294548 9
1653295052043 0.0556984469294548 9
1653295057920 0.047887396067380905 10
1653295057933 0.047887396067380905 10
1653295064089 0.05065174400806427 11
1653295064102 0.05065174400806427 11
1653295070718 0.04476246237754822 12
1653295070730 0.04476246237754822 12
1653295077561 0.03860864415764809 13
1653295077579 0.03860864415764809 13
1653295083819 0.04495476931333542 14
1653295083831 0.04495476931333542 14
1653295089653 0.0473104827105999 15
1653295089666 0.0473104827105999 15
1653295096649 0.038131941109895706 16
1653295096662 0.038131941109895706 16
1653295102661 0.03877781704068184 17
1653295102674 0.03877781704068184 17
1653295109516 0.045881472527980804 18
1653295109529 0.045881472527980804 18
1653295115338 0.036361292004585266 19
1653295115351 0.036361292004585266 19
