1653294992256 0.675894021987915 0
1653294992270 0.675894021987915 0
1653294999067 0.6671538352966309 1
1653294999082 0.6671538352966309 1
1653295005973 0.6488891839981079 2
1653295005987 0.6488891839981079 2
1653295011932 0.6053581833839417 3
1653295011945 0.6053581833839417 3
1653295018323 0.5301105976104736 4
1653295018336 0.5301105976104736 4
1653295025249 0.5076912641525269 5
1653295025263 0.5076912641525269 5
1653295032949 0.4511919617652893 6
1653295032964 0.4511919617652893 6
1653295039553 0.4513781666755676 7
1653295039566 0.4513781666755676 7
1653295045580 0.4430394470691681 8
1653295045594 0.4430394470691681 8
1653295052030 0.43015381693840027 9
1653295052043 0.43015381693840027 9
1653295057920 0.4246008098125458 10
1653295057933 0.4246008098125458 10
1653295064089 0.4280962646007538 11
1653295064102 0.4280962646007538 11
1653295070718 0.41303750872612 12
1653295070730 0.41303750872612 12
1653295077561 0.3913344740867615 13
1653295077579 0.3913344740867615 13
1653295083819 0.4129239320755005 14
1653295083831 0.4129239320755005 14
1653295089653 0.4043063819408417 15
1653295089666 0.4043063819408417 15
1653295096649 0.3890092074871063 16
1653295096662 0.3890092074871063 16
1653295102661 0.3755452632904053 17
1653295102674 0.3755452632904053 17
1653295109516 0.40092188119888306 18
1653295109529 0.40092188119888306 18
1653295115338 0.3786415159702301 19
1653295115351 0.3786415159702301 19
