1653294992256 0.029827343299984932 0
1653294992270 0.029827343299984932 0
1653294999067 0.02753426879644394 1
1653294999082 0.02753426879644394 1
1653295005973 0.028981484472751617 2
1653295005987 0.028981484472751617 2
1653295011932 0.027083594352006912 3
1653295011945 0.027083594352006912 3
1653295018323 0.027584193274378777 4
1653295018336 0.027584193274378777 4
1653295025249 0.029217518866062164 5
1653295025263 0.029217518866062164 5
1653295032949 0.022945255041122437 6
1653295032964 0.022945255041122437 6
1653295039553 0.026896076276898384 7
1653295039566 0.026896076276898384 7
1653295045580 0.024011066183447838 8
1653295045594 0.024011066183447838 8
1653295052030 0.01885129325091839 9
1653295052043 0.01885129325091839 9
1653295057920 0.022297615185379982 10
1653295057933 0.022297615185379982 10
1653295064089 0.01572095789015293 11
1653295064102 0.01572095789015293 11
1653295070718 0.0176421869546175 12
1653295070730 0.0176421869546175 12
1653295077561 0.014661797322332859 13
1653295077579 0.014661797322332859 13
1653295083819 0.0164442490786314 14
1653295083831 0.0164442490786314 14
1653295089653 0.013693845830857754 15
1653295089666 0.013693845830857754 15
1653295096649 0.013833275064826012 16
1653295096662 0.013833275064826012 16
1653295102661 0.013779804110527039 17
1653295102674 0.013779804110527039 17
1653295109516 0.012575182132422924 18
1653295109529 0.012575182132422924 18
1653295115338 0.01108312327414751 19
1653295115351 0.01108312327414751 19
