1653294992256 0.2464059740304947 0
1653294992270 0.2464059740304947 0
1653294999067 0.24675776064395905 1
1653294999082 0.24675776064395905 1
1653295005973 0.24670535326004028 2
1653295005987 0.24670535326004028 2
1653295011932 0.24289052188396454 3
1653295011945 0.24289052188396454 3
1653295018323 0.2292564958333969 4
1653295018336 0.2292564958333969 4
1653295025249 0.23613718152046204 5
1653295025263 0.23613718152046204 5
1653295032949 0.20788662135601044 6
1653295032964 0.20788662135601044 6
1653295039553 0.20768314599990845 7
1653295039566 0.20768314599990845 7
1653295045580 0.19093887507915497 8
1653295045594 0.19093887507915497 8
1653295052030 0.2127877175807953 9
1653295052043 0.2127877175807953 9
1653295057920 0.1840401142835617 10
1653295057933 0.1840401142835617 10
1653295064089 0.19034883379936218 11
1653295064102 0.19034883379936218 11
1653295070718 0.17043934762477875 12
1653295070730 0.17043934762477875 12
1653295077561 0.1668461114168167 13
1653295077579 0.1668461114168167 13
1653295083819 0.17640815675258636 14
1653295083831 0.17640815675258636 14
1653295089653 0.16639046370983124 15
1653295089666 0.16639046370983124 15
1653295096649 0.15665239095687866 16
1653295096662 0.15665239095687866 16
1653295102661 0.13646645843982697 17
1653295102674 0.13646645843982697 17
1653295109516 0.15623338520526886 18
1653295109529 0.15623338520526886 18
1653295115338 0.15275298058986664 19
1653295115351 0.15275298058986664 19
