1653297456497 0.6392163038253784 0
1653297456515 0.6392163038253784 0
1653297464203 0.6328415274620056 1
1653297464220 0.6328415274620056 1
1653297471392 0.6279741525650024 2
1653297471407 0.6279741525650024 2
1653297478913 0.6115658283233643 3
1653297478930 0.6115658283233643 3
1653297486127 0.6086841225624084 4
1653297486144 0.6086841225624084 4
1653297493066 0.6054865717887878 5
1653297493082 0.6054865717887878 5
1653297500414 0.6039285063743591 6
1653297500430 0.6039285063743591 6
1653297506760 0.5907559990882874 7
1653297506776 0.5907559990882874 7
1653297513475 0.5922998189926147 8
1653297513490 0.5922998189926147 8
1653297520574 0.5738676190376282 9
1653297520589 0.5738676190376282 9
1653297528021 0.5934134721755981 10
1653297528038 0.5934134721755981 10
1653297535708 0.5777981877326965 11
1653297535724 0.5777981877326965 11
1653297543294 0.572306752204895 12
1653297543314 0.572306752204895 12
1653297550105 0.5628520846366882 13
1653297550120 0.5628520846366882 13
1653297556723 0.5585547089576721 14
1653297556739 0.5585547089576721 14
1653297564057 0.5523872375488281 15
1653297564074 0.5523872375488281 15
1653297571215 0.5565298199653625 16
1653297571232 0.5565298199653625 16
1653297577784 0.5247347950935364 17
1653297577799 0.5247347950935364 17
1653297584035 0.5294405221939087 18
1653297584051 0.5294405221939087 18
1653297590563 0.5370880365371704 19
1653297590579 0.5370880365371704 19
