1653297456497 0.5182241201400757 0
1653297456515 0.5182241201400757 0
1653297464203 0.5513944029808044 1
1653297464220 0.5513944029808044 1
1653297471392 0.5914891958236694 2
1653297471407 0.5914891958236694 2
1653297478913 0.6207864284515381 3
1653297478930 0.6207864284515381 3
1653297486127 0.6448479890823364 4
1653297486144 0.6448479890823364 4
1653297493066 0.6521379947662354 5
1653297493082 0.6521379947662354 5
1653297500414 0.6504052877426147 6
1653297500430 0.6504052877426147 6
1653297506760 0.6756395697593689 7
1653297506776 0.6756395697593689 7
1653297513475 0.676770806312561 8
1653297513490 0.676770806312561 8
1653297520574 0.7101850509643555 9
1653297520589 0.7101850509643555 9
1653297528021 0.6900246739387512 10
1653297528038 0.6900246739387512 10
1653297535708 0.6897595524787903 11
1653297535724 0.6897595524787903 11
1653297543294 0.7145505547523499 12
1653297543314 0.7145505547523499 12
1653297550105 0.728935182094574 13
1653297550120 0.728935182094574 13
1653297556723 0.7318183779716492 14
1653297556739 0.7318183779716492 14
1653297564057 0.7380440831184387 15
1653297564074 0.7380440831184387 15
1653297571215 0.7380961179733276 16
1653297571232 0.7380961179733276 16
1653297577784 0.7674555778503418 17
1653297577799 0.7674555778503418 17
1653297584035 0.7638503909111023 18
1653297584051 0.7638503909111023 18
1653297590563 0.7573204040527344 19
1653297590579 0.7573204040527344 19
