1653297456497 0.29314374923706055 0
1653297456515 0.29314374923706055 0
1653297464203 0.2908066213130951 1
1653297464220 0.2908066213130951 1
1653297471392 0.2886075973510742 2
1653297471407 0.2886075973510742 2
1653297478913 0.28346338868141174 3
1653297478930 0.28346338868141174 3
1653297486127 0.2760779559612274 4
1653297486144 0.2760779559612274 4
1653297493066 0.27031293511390686 5
1653297493082 0.27031293511390686 5
1653297500414 0.2719682455062866 6
1653297500430 0.2719682455062866 6
1653297506760 0.2630062997341156 7
1653297506776 0.2630062997341156 7
1653297513475 0.26347434520721436 8
1653297513490 0.26347434520721436 8
1653297520574 0.2522013783454895 9
1653297520589 0.2522013783454895 9
1653297528021 0.26499325037002563 10
1653297528038 0.26499325037002563 10
1653297535708 0.2535640597343445 11
1653297535724 0.2535640597343445 11
1653297543294 0.2557651400566101 12
1653297543314 0.2557651400566101 12
1653297550105 0.24207258224487305 13
1653297550120 0.24207258224487305 13
1653297556723 0.24558456242084503 14
1653297556739 0.24558456242084503 14
1653297564057 0.24358487129211426 15
1653297564074 0.24358487129211426 15
1653297571215 0.24387186765670776 16
1653297571232 0.24387186765670776 16
1653297577784 0.22801432013511658 17
1653297577799 0.22801432013511658 17
1653297584035 0.2338448315858841 18
1653297584051 0.2338448315858841 18
1653297590563 0.23108729720115662 19
1653297590579 0.23108729720115662 19
