1653297456497 0.09839735925197601 0
1653297456515 0.09839735925197601 0
1653297464203 0.09783350676298141 1
1653297464220 0.09783350676298141 1
1653297471392 0.09862853586673737 2
1653297471407 0.09862853586673737 2
1653297478913 0.09781738370656967 3
1653297478930 0.09781738370656967 3
1653297486127 0.09297405183315277 4
1653297486144 0.09297405183315277 4
1653297493066 0.08962937444448471 5
1653297493082 0.08962937444448471 5
1653297500414 0.076497383415699 6
1653297500430 0.076497383415699 6
1653297506760 0.08759599924087524 7
1653297506776 0.08759599924087524 7
1653297513475 0.08924682438373566 8
1653297513490 0.08924682438373566 8
1653297520574 0.07693862915039062 9
1653297520589 0.07693862915039062 9
1653297528021 0.07594230026006699 10
1653297528038 0.07594230026006699 10
1653297535708 0.0771992951631546 11
1653297535724 0.0771992951631546 11
1653297543294 0.07265284657478333 12
1653297543314 0.07265284657478333 12
1653297550105 0.06862983107566833 13
1653297550120 0.06862983107566833 13
1653297556723 0.07477554678916931 14
1653297556739 0.07477554678916931 14
1653297564057 0.07415003329515457 15
1653297564074 0.07415003329515457 15
1653297571215 0.06583497673273087 16
1653297571232 0.06583497673273087 16
1653297577784 0.0627465471625328 17
1653297577799 0.0627465471625328 17
1653297584035 0.06571439653635025 18
1653297584051 0.06571439653635025 18
1653297590563 0.06708390265703201 19
1653297590579 0.06708390265703201 19
