1653297456497 0.6723968386650085 0
1653297456515 0.6723968386650085 0
1653297464203 0.6709699630737305 1
1653297464220 0.6709699630737305 1
1653297471392 0.6507567167282104 2
1653297471407 0.6507567167282104 2
1653297478913 0.6476790904998779 3
1653297478930 0.6476790904998779 3
1653297486127 0.6017359495162964 4
1653297486144 0.6017359495162964 4
1653297493066 0.5929797291755676 5
1653297493082 0.5929797291755676 5
1653297500414 0.5928910374641418 6
1653297500430 0.5928910374641418 6
1653297506760 0.5689665675163269 7
1653297506776 0.5689665675163269 7
1653297513475 0.559341549873352 8
1653297513490 0.559341549873352 8
1653297520574 0.5342307686805725 9
1653297520589 0.5342307686805725 9
1653297528021 0.5789628028869629 10
1653297528038 0.5789628028869629 10
1653297535708 0.5326739549636841 11
1653297535724 0.5326739549636841 11
1653297543294 0.5604516267776489 12
1653297543314 0.5604516267776489 12
1653297550105 0.51264888048172 13
1653297550120 0.51264888048172 13
1653297556723 0.5058435797691345 14
1653297556739 0.5058435797691345 14
1653297564057 0.506830096244812 15
1653297564074 0.506830096244812 15
1653297571215 0.5106937885284424 16
1653297571232 0.5106937885284424 16
1653297577784 0.45784974098205566 17
1653297577799 0.45784974098205566 17
1653297584035 0.47413375973701477 18
1653297584051 0.47413375973701477 18
1653297590563 0.4849705994129181 19
1653297590579 0.4849705994129181 19
