1653297456497 0.029106035828590393 0
1653297456515 0.029106035828590393 0
1653297464203 0.027921177446842194 1
1653297464220 0.027921177446842194 1
1653297471392 0.026549890637397766 2
1653297471407 0.026549890637397766 2
1653297478913 0.027046361938118935 3
1653297478930 0.027046361938118935 3
1653297486127 0.02950725145637989 4
1653297486144 0.02950725145637989 4
1653297493066 0.026630869135260582 5
1653297493082 0.026630869135260582 5
1653297500414 0.02370319701731205 6
1653297500430 0.02370319701731205 6
1653297506760 0.027454007416963577 7
1653297506776 0.027454007416963577 7
1653297513475 0.02578555978834629 8
1653297513490 0.02578555978834629 8
1653297520574 0.02305164560675621 9
1653297520589 0.02305164560675621 9
1653297528021 0.024197053164243698 10
1653297528038 0.024197053164243698 10
1653297535708 0.024919353425502777 11
1653297535724 0.024919353425502777 11
1653297543294 0.024580635130405426 12
1653297543314 0.024580635130405426 12
1653297550105 0.01893978752195835 13
1653297550120 0.01893978752195835 13
1653297556723 0.026806799694895744 14
1653297556739 0.026806799694895744 14
1653297564057 0.01939970627427101 15
1653297564074 0.01939970627427101 15
1653297571215 0.02053826116025448 16
1653297571232 0.02053826116025448 16
1653297577784 0.021290050819516182 17
1653297577799 0.021290050819516182 17
1653297584035 0.016576241701841354 18
1653297584051 0.016576241701841354 18
1653297590563 0.02028689533472061 19
1653297590579 0.02028689533472061 19
