1653297456497 0.24898862838745117 0
1653297456515 0.24898862838745117 0
1653297464203 0.2437499761581421 1
1653297464220 0.2437499761581421 1
1653297471392 0.2499769628047943 2
1653297471407 0.2499769628047943 2
1653297478913 0.2361644208431244 3
1653297478930 0.2361644208431244 3
1653297486127 0.2372094988822937 4
1653297486144 0.2372094988822937 4
1653297493066 0.22477704286575317 5
1653297493082 0.22477704286575317 5
1653297500414 0.2540454566478729 6
1653297500430 0.2540454566478729 6
1653297506760 0.21756643056869507 7
1653297506776 0.21756643056869507 7
1653297513475 0.22793284058570862 8
1653297513490 0.22793284058570862 8
1653297520574 0.2141442894935608 9
1653297520589 0.2141442894935608 9
1653297528021 0.2408618927001953 10
1653297528038 0.2408618927001953 10
1653297535708 0.22021545469760895 11
1653297535724 0.22021545469760895 11
1653297543294 0.2217240184545517 12
1653297543314 0.2217240184545517 12
1653297550105 0.20059075951576233 13
1653297550120 0.20059075951576233 13
1653297556723 0.20939892530441284 14
1653297556739 0.20939892530441284 14
1653297564057 0.21124160289764404 15
1653297564074 0.21124160289764404 15
1653297571215 0.21715451776981354 16
1653297571232 0.21715451776981354 16
1653297577784 0.18994587659835815 17
1653297577799 0.18994587659835815 17
1653297584035 0.20882956683635712 18
1653297584051 0.20882956683635712 18
1653297590563 0.17849718034267426 19
1653297590579 0.17849718034267426 19
