1653297456497 0.6935158371925354 0
1653297456515 0.6935158371925354 0
1653297464203 0.692601203918457 1
1653297464220 0.692601203918457 1
1653297471392 0.6908075213432312 2
1653297471407 0.6908075213432312 2
1653297478913 0.6865963339805603 3
1653297478930 0.6865963339805603 3
1653297486127 0.678225040435791 4
1653297486144 0.678225040435791 4
1653297493066 0.6744004487991333 5
1653297493082 0.6744004487991333 5
1653297500414 0.6724944710731506 6
1653297500430 0.6724944710731506 6
1653297506760 0.6629573702812195 7
1653297506776 0.6629573702812195 7
1653297513475 0.6583235859870911 8
1653297513490 0.6583235859870911 8
1653297520574 0.6586787700653076 9
1653297520589 0.6586787700653076 9
1653297528021 0.6560916900634766 10
1653297528038 0.6560916900634766 10
1653297535708 0.6530423760414124 11
1653297535724 0.6530423760414124 11
1653297543294 0.6522958874702454 12
1653297543314 0.6522958874702454 12
1653297550105 0.6521032452583313 13
1653297550120 0.6521032452583313 13
1653297556723 0.6486023664474487 14
1653297556739 0.6486023664474487 14
1653297564057 0.6494649052619934 15
1653297564074 0.6494649052619934 15
1653297571215 0.6481701135635376 16
1653297571232 0.6481701135635376 16
1653297577784 0.64787757396698 17
1653297577799 0.64787757396698 17
1653297584035 0.6479119658470154 18
1653297584051 0.6479119658470154 18
1653297590563 0.6463924646377563 19
1653297590579 0.6463924646377563 19
