1653303792498 0.5065599083900452 0
1653303792517 0.5065599083900452 0
1653303800344 0.5577688813209534 1
1653303800363 0.5577688813209534 1
1653303807254 0.5965765714645386 2
1653303807272 0.5965765714645386 2
1653303814160 0.637239933013916 3
1653303814180 0.637239933013916 3
1653303820763 0.6993252038955688 4
1653303820781 0.6993252038955688 4
1653303828058 0.7415618896484375 5
1653303828077 0.7415618896484375 5
1653303835611 0.7608615756034851 6
1653303835632 0.7608615756034851 6
1653303842909 0.7865979075431824 7
1653303842928 0.7865979075431824 7
1653303850178 0.7859085202217102 8
1653303850197 0.7859085202217102 8
1653303856591 0.8076025247573853 9
1653303856609 0.8076025247573853 9
1653303863952 0.7851144671440125 10
1653303863972 0.7851144671440125 10
1653303871082 0.8037869930267334 11
1653303871101 0.8037869930267334 11
1653303878393 0.8087125420570374 12
1653303878414 0.8087125420570374 12
1653303885056 0.8122380971908569 13
1653303885074 0.8122380971908569 13
1653303891350 0.8145902752876282 14
1653303891368 0.8145902752876282 14
1653303898641 0.8270558714866638 15
1653303898660 0.8270558714866638 15
1653303905080 0.8220071792602539 16
1653303905098 0.8220071792602539 16
1653303912655 0.8276427388191223 17
1653303912674 0.8276427388191223 17
1653303919961 0.819324791431427 18
1653303919983 0.819324791431427 18
1653303927299 0.836208701133728 19
1653303927318 0.836208701133728 19
