1653303792498 0.642437756061554 0
1653303792517 0.642437756061554 0
1653303800344 0.6300462484359741 1
1653303800363 0.6300462484359741 1
1653303807254 0.6259512901306152 2
1653303807272 0.6259512901306152 2
1653303814160 0.6122217774391174 3
1653303814180 0.6122217774391174 3
1653303820763 0.5803714990615845 4
1653303820781 0.5803714990615845 4
1653303828058 0.5485360622406006 5
1653303828077 0.5485360622406006 5
1653303835611 0.5375347137451172 6
1653303835632 0.5375347137451172 6
1653303842909 0.50326007604599 7
1653303842928 0.50326007604599 7
1653303850178 0.509440541267395 8
1653303850197 0.509440541267395 8
1653303856591 0.47689682245254517 9
1653303856609 0.47689682245254517 9
1653303863952 0.5054497718811035 10
1653303863972 0.5054497718811035 10
1653303871082 0.47945114970207214 11
1653303871101 0.47945114970207214 11
1653303878393 0.4758155345916748 12
1653303878414 0.4758155345916748 12
1653303885056 0.4717918336391449 13
1653303885074 0.4717918336391449 13
1653303891350 0.4655357897281647 14
1653303891368 0.4655357897281647 14
1653303898641 0.4622846841812134 15
1653303898660 0.4622846841812134 15
1653303905080 0.4537637233734131 16
1653303905098 0.4537637233734131 16
1653303912655 0.4567892849445343 17
1653303912674 0.4567892849445343 17
1653303919961 0.46283575892448425 18
1653303919983 0.46283575892448425 18
1653303927299 0.44094178080558777 19
1653303927318 0.44094178080558777 19
