1653303792498 0.42125964164733887 0
1653303792517 0.42125964164733887 0
1653303800344 0.3797653317451477 1
1653303800363 0.3797653317451477 1
1653303807254 0.33661577105522156 2
1653303807272 0.33661577105522156 2
1653303814160 0.3035082221031189 3
1653303814180 0.3035082221031189 3
1653303820763 0.27505752444267273 4
1653303820781 0.27505752444267273 4
1653303828058 0.2519908547401428 5
1653303828077 0.2519908547401428 5
1653303835611 0.2454121708869934 6
1653303835632 0.2454121708869934 6
1653303842909 0.23024439811706543 7
1653303842928 0.23024439811706543 7
1653303850178 0.22975532710552216 8
1653303850197 0.22975532710552216 8
1653303856591 0.21735763549804688 9
1653303856609 0.21735763549804688 9
1653303863952 0.2236826866865158 10
1653303863972 0.2236826866865158 10
1653303871082 0.21391908824443817 11
1653303871101 0.21391908824443817 11
1653303878393 0.21365784108638763 12
1653303878414 0.21365784108638763 12
1653303885056 0.20979562401771545 13
1653303885074 0.20979562401771545 13
1653303891350 0.21009516716003418 14
1653303891368 0.21009516716003418 14
1653303898641 0.20210540294647217 15
1653303898660 0.20210540294647217 15
1653303905080 0.20237888395786285 16
1653303905098 0.20237888395786285 16
1653303912655 0.20255503058433533 17
1653303912674 0.20255503058433533 17
1653303919961 0.19928447902202606 18
1653303919983 0.19928447902202606 18
1653303927299 0.1944332867860794 19
1653303927318 0.1944332867860794 19
