1653303792498 0.2634984254837036 0
1653303792517 0.2634984254837036 0
1653303800344 0.20120078325271606 1
1653303800363 0.20120078325271606 1
1653303807254 0.15673433244228363 2
1653303807272 0.15673433244228363 2
1653303814160 0.11748585104942322 3
1653303814180 0.11748585104942322 3
1653303820763 0.0955975130200386 4
1653303820781 0.0955975130200386 4
1653303828058 0.07555139064788818 5
1653303828077 0.07555139064788818 5
1653303835611 0.07277393341064453 6
1653303835632 0.07277393341064453 6
1653303842909 0.06056223437190056 7
1653303842928 0.06056223437190056 7
1653303850178 0.054104994982481 8
1653303850197 0.054104994982481 8
1653303856591 0.05378478392958641 9
1653303856609 0.05378478392958641 9
1653303863952 0.05125869810581207 10
1653303863972 0.05125869810581207 10
1653303871082 0.051321741193532944 11
1653303871101 0.051321741193532944 11
1653303878393 0.045006658881902695 12
1653303878414 0.045006658881902695 12
1653303885056 0.04701516777276993 13
1653303885074 0.04701516777276993 13
1653303891350 0.04617179185152054 14
1653303891368 0.04617179185152054 14
1653303898641 0.041958995163440704 15
1653303898660 0.041958995163440704 15
1653303905080 0.047589097172021866 16
1653303905098 0.047589097172021866 16
1653303912655 0.040272291749715805 17
1653303912674 0.040272291749715805 17
1653303919961 0.04205648973584175 18
1653303919983 0.04205648973584175 18
1653303927299 0.03816315531730652 19
1653303927318 0.03816315531730652 19
