1653303792498 0.8749229907989502 0
1653303792517 0.8749229907989502 0
1653303800344 0.8247107863426208 1
1653303800363 0.8247107863426208 1
1653303807254 0.7303856015205383 2
1653303807272 0.7303856015205383 2
1653303814160 0.6797571778297424 3
1653303814180 0.6797571778297424 3
1653303820763 0.5664277672767639 4
1653303820781 0.5664277672767639 4
1653303828058 0.49938568472862244 5
1653303828077 0.49938568472862244 5
1653303835611 0.49036940932273865 6
1653303835632 0.49036940932273865 6
1653303842909 0.4541763365268707 7
1653303842928 0.4541763365268707 7
1653303850178 0.4422300159931183 8
1653303850197 0.4422300159931183 8
1653303856591 0.4298114478588104 9
1653303856609 0.4298114478588104 9
1653303863952 0.44827428460121155 10
1653303863972 0.44827428460121155 10
1653303871082 0.4203876554965973 11
1653303871101 0.4203876554965973 11
1653303878393 0.41641443967819214 12
1653303878414 0.41641443967819214 12
1653303885056 0.4080677926540375 13
1653303885074 0.4080677926540375 13
1653303891350 0.4000054895877838 14
1653303891368 0.4000054895877838 14
1653303898641 0.3919990062713623 15
1653303898660 0.3919990062713623 15
1653303905080 0.3929731845855713 16
1653303905098 0.3929731845855713 16
1653303912655 0.3903537094593048 17
1653303912674 0.3903537094593048 17
1653303919961 0.3939629793167114 18
1653303919983 0.3939629793167114 18
1653303927299 0.3763856291770935 19
1653303927318 0.3763856291770935 19
