1653303792498 0.09466037899255753 0
1653303792517 0.09466037899255753 0
1653303800344 0.06623993813991547 1
1653303800363 0.06623993813991547 1
1653303807254 0.042619723826646805 2
1653303807272 0.042619723826646805 2
1653303814160 0.03834749385714531 3
1653303814180 0.03834749385714531 3
1653303820763 0.030303357169032097 4
1653303820781 0.030303357169032097 4
1653303828058 0.028514835983514786 5
1653303828077 0.028514835983514786 5
1653303835611 0.023214707151055336 6
1653303835632 0.023214707151055336 6
1653303842909 0.025517281144857407 7
1653303842928 0.025517281144857407 7
1653303850178 0.0237737987190485 8
1653303850197 0.0237737987190485 8
1653303856591 0.018946481868624687 9
1653303856609 0.018946481868624687 9
1653303863952 0.019099241122603416 10
1653303863972 0.019099241122603416 10
1653303871082 0.013245726935565472 11
1653303871101 0.013245726935565472 11
1653303878393 0.01939045637845993 12
1653303878414 0.01939045637845993 12
1653303885056 0.017548194155097008 13
1653303885074 0.017548194155097008 13
1653303891350 0.013793530873954296 14
1653303891368 0.013793530873954296 14
1653303898641 0.015463285148143768 15
1653303898660 0.015463285148143768 15
1653303905080 0.012872518040239811 16
1653303905098 0.012872518040239811 16
1653303912655 0.01599213108420372 17
1653303912674 0.01599213108420372 17
1653303919961 0.013016981072723866 18
1653303919983 0.013016981072723866 18
1653303927299 0.014383635483682156 19
1653303927318 0.014383635483682156 19
