1653303792498 0.4839489161968231 0
1653303792517 0.4839489161968231 0
1653303800344 0.42263010144233704 1
1653303800363 0.42263010144233704 1
1653303807254 0.351523220539093 2
1653303807272 0.351523220539093 2
1653303814160 0.2771141231060028 3
1653303814180 0.2771141231060028 3
1653303820763 0.2614043056964874 4
1653303820781 0.2614043056964874 4
1653303828058 0.2342269867658615 5
1653303828077 0.2342269867658615 5
1653303835611 0.22571787238121033 6
1653303835632 0.22571787238121033 6
1653303842909 0.20447522401809692 7
1653303842928 0.20447522401809692 7
1653303850178 0.2188706398010254 8
1653303850197 0.2188706398010254 8
1653303856591 0.18744300305843353 9
1653303856609 0.18744300305843353 9
1653303863952 0.1978752166032791 10
1653303863972 0.1978752166032791 10
1653303871082 0.1873801052570343 11
1653303871101 0.1873801052570343 11
1653303878393 0.19041524827480316 12
1653303878414 0.19041524827480316 12
1653303885056 0.17830730974674225 13
1653303885074 0.17830730974674225 13
1653303891350 0.19506007432937622 14
1653303891368 0.19506007432937622 14
1653303898641 0.164480060338974 15
1653303898660 0.164480060338974 15
1653303905080 0.16628746688365936 16
1653303905098 0.16628746688365936 16
1653303912655 0.1716488152742386 17
1653303912674 0.1716488152742386 17
1653303919961 0.15089337527751923 18
1653303919983 0.15089337527751923 18
1653303927299 0.15308398008346558 19
1653303927318 0.15308398008346558 19
