1653303792498 0.6930023431777954 0
1653303792517 0.6930023431777954 0
1653303800344 0.6930127739906311 1
1653303800363 0.6930127739906311 1
1653303807254 0.6921155452728271 2
1653303807272 0.6921155452728271 2
1653303814160 0.6895292401313782 3
1653303814180 0.6895292401313782 3
1653303820763 0.6853882074356079 4
1653303820781 0.6853882074356079 4
1653303828058 0.6770173907279968 5
1653303828077 0.6770173907279968 5
1653303835611 0.6695038676261902 6
1653303835632 0.6695038676261902 6
1653303842909 0.6618555188179016 7
1653303842928 0.6618555188179016 7
1653303850178 0.6574742794036865 8
1653303850197 0.6574742794036865 8
1653303856591 0.6552503705024719 9
1653303856609 0.6552503705024719 9
1653303863952 0.6521138548851013 10
1653303863972 0.6521138548851013 10
1653303871082 0.6506168842315674 11
1653303871101 0.6506168842315674 11
1653303878393 0.6500120162963867 12
1653303878414 0.6500120162963867 12
1653303885056 0.6499592065811157 13
1653303885074 0.6499592065811157 13
1653303891350 0.6474642157554626 14
1653303891368 0.6474642157554626 14
1653303898641 0.6472474336624146 15
1653303898660 0.6472474336624146 15
1653303905080 0.6464406847953796 16
1653303905098 0.6464406847953796 16
1653303912655 0.6475353240966797 17
1653303912674 0.6475353240966797 17
1653303919961 0.6487783193588257 18
1653303919983 0.6487783193588257 18
1653303927299 0.6450525522232056 19
1653303927318 0.6450525522232056 19
