1653300427547 0.638360857963562 0
1653300427564 0.638360857963562 0
1653300435289 0.6324235796928406 1
1653300435307 0.6324235796928406 1
1653300442413 0.6296671628952026 2
1653300442429 0.6296671628952026 2
1653300449513 0.6205945611000061 3
1653300449530 0.6205945611000061 3
1653300456854 0.6122852563858032 4
1653300456872 0.6122852563858032 4
1653300463671 0.6151706576347351 5
1653300463688 0.6151706576347351 5
1653300470589 0.598806619644165 6
1653300470607 0.598806619644165 6
1653300477073 0.5958614945411682 7
1653300477090 0.5958614945411682 7
1653300484434 0.5830157399177551 8
1653300484452 0.5830157399177551 8
1653300491152 0.5892210006713867 9
1653300491169 0.5892210006713867 9
1653300497912 0.582710862159729 10
1653300497929 0.582710862159729 10
1653300506150 0.5755469799041748 11
1653300506167 0.5755469799041748 11
1653300512478 0.5789687633514404 12
1653300512495 0.5789687633514404 12
1653300520206 0.5659540295600891 13
1653300520224 0.5659540295600891 13
1653300527110 0.5773358941078186 14
1653300527127 0.5773358941078186 14
1653300534382 0.5695276856422424 15
1653300534399 0.5695276856422424 15
1653300540793 0.5667648315429688 16
1653300540810 0.5667648315429688 16
1653300547475 0.5439687967300415 17
1653300547494 0.5439687967300415 17
1653300554614 0.5496937036514282 18
1653300554631 0.5496937036514282 18
1653300561843 0.5494178533554077 19
1653300561860 0.5494178533554077 19
