1653300427547 0.5249757766723633 0
1653300427564 0.5249757766723633 0
1653300435289 0.5444092154502869 1
1653300435307 0.5444092154502869 1
1653300442413 0.570222020149231 2
1653300442429 0.570222020149231 2
1653300449513 0.595969021320343 3
1653300449530 0.595969021320343 3
1653300456854 0.6211723685264587 4
1653300456872 0.6211723685264587 4
1653300463671 0.6404756903648376 5
1653300463688 0.6404756903648376 5
1653300470589 0.6617934107780457 6
1653300470607 0.6617934107780457 6
1653300477073 0.6692482233047485 7
1653300477090 0.6692482233047485 7
1653300484434 0.6843340396881104 8
1653300484452 0.6843340396881104 8
1653300491152 0.6854746341705322 9
1653300491169 0.6854746341705322 9
1653300497912 0.6927288770675659 10
1653300497929 0.6927288770675659 10
1653300506150 0.7050734758377075 11
1653300506167 0.7050734758377075 11
1653300512478 0.693053126335144 12
1653300512495 0.693053126335144 12
1653300520206 0.7232162356376648 13
1653300520224 0.7232162356376648 13
1653300527110 0.7053601741790771 14
1653300527127 0.7053601741790771 14
1653300534382 0.7154095768928528 15
1653300534399 0.7154095768928528 15
1653300540793 0.7157356142997742 16
1653300540810 0.7157356142997742 16
1653300547475 0.7465502023696899 17
1653300547494 0.7465502023696899 17
1653300554614 0.7482988238334656 18
1653300554631 0.7482988238334656 18
1653300561843 0.7360501289367676 19
1653300561860 0.7360501289367676 19
