1653300427547 0.3428822457790375 0
1653300427564 0.3428822457790375 0
1653300435289 0.3139960765838623 1
1653300435307 0.3139960765838623 1
1653300442413 0.26833343505859375 2
1653300442429 0.26833343505859375 2
1653300449513 0.23946316540241241 3
1653300449530 0.23946316540241241 3
1653300456854 0.22624745965003967 4
1653300456872 0.22624745965003967 4
1653300463671 0.2175973802804947 5
1653300463688 0.2175973802804947 5
1653300470589 0.21064290404319763 6
1653300470607 0.21064290404319763 6
1653300477073 0.19878548383712769 7
1653300477090 0.19878548383712769 7
1653300484434 0.20000973343849182 8
1653300484452 0.20000973343849182 8
1653300491152 0.19233660399913788 9
1653300491169 0.19233660399913788 9
1653300497912 0.1947186142206192 10
1653300497929 0.1947186142206192 10
1653300506150 0.19512242078781128 11
1653300506167 0.19512242078781128 11
1653300512478 0.19020618498325348 12
1653300512495 0.19020618498325348 12
1653300520206 0.18188641965389252 13
1653300520224 0.18188641965389252 13
1653300527110 0.18903392553329468 14
1653300527127 0.18903392553329468 14
1653300534382 0.1884097307920456 15
1653300534399 0.1884097307920456 15
1653300540793 0.18199214339256287 16
1653300540810 0.18199214339256287 16
1653300547475 0.17458762228488922 17
1653300547494 0.17458762228488922 17
1653300554614 0.17659275233745575 18
1653300554631 0.17659275233745575 18
1653300561843 0.1776072382926941 19
1653300561860 0.1776072382926941 19
