1653300427547 0.2263568639755249 0
1653300427564 0.2263568639755249 0
1653300435289 0.19965219497680664 1
1653300435307 0.19965219497680664 1
1653300442413 0.1516934186220169 2
1653300442429 0.1516934186220169 2
1653300449513 0.11832322180271149 3
1653300449530 0.11832322180271149 3
1653300456854 0.11355020850896835 4
1653300456872 0.11355020850896835 4
1653300463671 0.1028328612446785 5
1653300463688 0.1028328612446785 5
1653300470589 0.09554775059223175 6
1653300470607 0.09554775059223175 6
1653300477073 0.08701267093420029 7
1653300477090 0.08701267093420029 7
1653300484434 0.07864461839199066 8
1653300484452 0.07864461839199066 8
1653300491152 0.08575233072042465 9
1653300491169 0.08575233072042465 9
1653300497912 0.07754751294851303 10
1653300497929 0.07754751294851303 10
1653300506150 0.07978265732526779 11
1653300506167 0.07978265732526779 11
1653300512478 0.08702632039785385 12
1653300512495 0.08702632039785385 12
1653300520206 0.06686341762542725 13
1653300520224 0.06686341762542725 13
1653300527110 0.07333803921937943 14
1653300527127 0.07333803921937943 14
1653300534382 0.08082575350999832 15
1653300534399 0.08082575350999832 15
1653300540793 0.07651907950639725 16
1653300540810 0.07651907950639725 16
1653300547475 0.06485012173652649 17
1653300547494 0.06485012173652649 17
1653300554614 0.0655214786529541 18
1653300554631 0.0655214786529541 18
1653300561843 0.06569839268922806 19
1653300561860 0.06569839268922806 19
