1653300427547 0.8904295563697815 0
1653300427564 0.8904295563697815 0
1653300435289 0.8124809861183167 1
1653300435307 0.8124809861183167 1
1653300442413 0.7398744821548462 2
1653300442429 0.7398744821548462 2
1653300449513 0.7066606879234314 3
1653300449530 0.7066606879234314 3
1653300456854 0.6605849862098694 4
1653300456872 0.6605849862098694 4
1653300463671 0.6256542205810547 5
1653300463688 0.6256542205810547 5
1653300470589 0.6053168773651123 6
1653300470607 0.6053168773651123 6
1653300477073 0.5663214921951294 7
1653300477090 0.5663214921951294 7
1653300484434 0.5620434284210205 8
1653300484452 0.5620434284210205 8
1653300491152 0.5634335875511169 9
1653300491169 0.5634335875511169 9
1653300497912 0.5337451696395874 10
1653300497929 0.5337451696395874 10
1653300506150 0.5679813027381897 11
1653300506167 0.5679813027381897 11
1653300512478 0.5457946062088013 12
1653300512495 0.5457946062088013 12
1653300520206 0.5220198035240173 13
1653300520224 0.5220198035240173 13
1653300527110 0.5342707633972168 14
1653300527127 0.5342707633972168 14
1653300534382 0.5323304533958435 15
1653300534399 0.5323304533958435 15
1653300540793 0.5094828009605408 16
1653300540810 0.5094828009605408 16
1653300547475 0.5038695931434631 17
1653300547494 0.5038695931434631 17
1653300554614 0.489219069480896 18
1653300554631 0.489219069480896 18
1653300561843 0.49947261810302734 19
1653300561860 0.49947261810302734 19
