1653300427547 0.060442402958869934 0
1653300427564 0.060442402958869934 0
1653300435289 0.05847952514886856 1
1653300435307 0.05847952514886856 1
1653300442413 0.04421396180987358 2
1653300442429 0.04421396180987358 2
1653300449513 0.03704620152711868 3
1653300449530 0.03704620152711868 3
1653300456854 0.029311012476682663 4
1653300456872 0.029311012476682663 4
1653300463671 0.033974967896938324 5
1653300463688 0.033974967896938324 5
1653300470589 0.02935473993420601 6
1653300470607 0.02935473993420601 6
1653300477073 0.025391632691025734 7
1653300477090 0.025391632691025734 7
1653300484434 0.028007416054606438 8
1653300484452 0.028007416054606438 8
1653300491152 0.02674548700451851 9
1653300491169 0.02674548700451851 9
1653300497912 0.025148212909698486 10
1653300497929 0.025148212909698486 10
1653300506150 0.024743685498833656 11
1653300506167 0.024743685498833656 11
1653300512478 0.022317150607705116 12
1653300512495 0.022317150607705116 12
1653300520206 0.024504708126187325 13
1653300520224 0.024504708126187325 13
1653300527110 0.021283742040395737 14
1653300527127 0.021283742040395737 14
1653300534382 0.025698352605104446 15
1653300534399 0.025698352605104446 15
1653300540793 0.02110520750284195 16
1653300540810 0.02110520750284195 16
1653300547475 0.01964447647333145 17
1653300547494 0.01964447647333145 17
1653300554614 0.021579774096608162 18
1653300554631 0.021579774096608162 18
1653300561843 0.02105344645678997 19
1653300561860 0.02105344645678997 19
