1653300427547 0.4837493300437927 0
1653300427564 0.4837493300437927 0
1653300435289 0.4184928238391876 1
1653300435307 0.4184928238391876 1
1653300442413 0.3459644913673401 2
1653300442429 0.3459644913673401 2
1653300449513 0.2835865914821625 3
1653300449530 0.2835865914821625 3
1653300456854 0.25244343280792236 4
1653300456872 0.25244343280792236 4
1653300463671 0.27024590969085693 5
1653300463688 0.27024590969085693 5
1653300470589 0.23432467877864838 6
1653300470607 0.23432467877864838 6
1653300477073 0.23217803239822388 7
1653300477090 0.23217803239822388 7
1653300484434 0.24514147639274597 8
1653300484452 0.24514147639274597 8
1653300491152 0.20014610886573792 9
1653300491169 0.20014610886573792 9
1653300497912 0.256619930267334 10
1653300497929 0.256619930267334 10
1653300506150 0.21484209597110748 11
1653300506167 0.21484209597110748 11
1653300512478 0.21031981706619263 12
1653300512495 0.21031981706619263 12
1653300520206 0.21034297347068787 13
1653300520224 0.21034297347068787 13
1653300527110 0.22388505935668945 14
1653300527127 0.22388505935668945 14
1653300534382 0.23367568850517273 15
1653300534399 0.23367568850517273 15
1653300540793 0.2010103017091751 16
1653300540810 0.2010103017091751 16
1653300547475 0.19237925112247467 17
1653300547494 0.19237925112247467 17
1653300554614 0.20757772028446198 18
1653300554631 0.20757772028446198 18
1653300561843 0.2043791562318802 19
1653300561860 0.2043791562318802 19
