1653300427547 0.21478019654750824 0
1653300427564 0.21478019654750824 0
1653300435289 0.20408745110034943 1
1653300435307 0.20408745110034943 1
1653300442413 0.14766541123390198 2
1653300442429 0.14766541123390198 2
1653300449513 0.12294981628656387 3
1653300449530 0.12294981628656387 3
1653300456854 0.12715014815330505 4
1653300456872 0.12715014815330505 4
1653300463671 0.09390398859977722 5
1653300463688 0.09390398859977722 5
1653300470589 0.12078443169593811 6
1653300470607 0.12078443169593811 6
1653300477073 0.10052746534347534 7
1653300477090 0.10052746534347534 7
1653300484434 0.10871424525976181 8
1653300484452 0.10871424525976181 8
1653300491152 0.10033373534679413 9
1653300491169 0.10033373534679413 9
1653300497912 0.09326963126659393 10
1653300497929 0.09326963126659393 10
1653300506150 0.11260437965393066 11
1653300506167 0.11260437965393066 11
1653300512478 0.09881339222192764 12
1653300512495 0.09881339222192764 12
1653300520206 0.09462685137987137 13
1653300520224 0.09462685137987137 13
1653300527110 0.10354302823543549 14
1653300527127 0.10354302823543549 14
1653300534382 0.08415684103965759 15
1653300534399 0.08415684103965759 15
1653300540793 0.10377050191164017 16
1653300540810 0.10377050191164017 16
1653300547475 0.10055063664913177 17
1653300547494 0.10055063664913177 17
1653300554614 0.10061858594417572 18
1653300554631 0.10061858594417572 18
1653300561843 0.10303126275539398 19
1653300561860 0.10303126275539398 19
