1653294431372 0.5024614334106445 0
1653294431387 0.5024614334106445 0
1653294438245 0.5466969013214111 1
1653294438261 0.5466969013214111 1
1653294444946 0.5593146085739136 2
1653294444962 0.5593146085739136 2
1653294451682 0.6008434891700745 3
1653294451697 0.6008434891700745 3
1653294459317 0.6187536716461182 4
1653294459332 0.6187536716461182 4
1653294466757 0.631261944770813 5
1653294466773 0.631261944770813 5
1653294474008 0.6468659043312073 6
1653294474023 0.6468659043312073 6
1653294481317 0.6655089259147644 7
1653294481332 0.6655089259147644 7
1653294487974 0.6671182513237 8
1653294487988 0.6671182513237 8
1653294495371 0.6737143397331238 9
1653294495386 0.6737143397331238 9
1653294501724 0.6973816156387329 10
1653294501739 0.6973816156387329 10
1653294508714 0.7058114409446716 11
1653294508728 0.7058114409446716 11
1653294515318 0.7080628871917725 12
1653294515332 0.7080628871917725 12
1653294521667 0.7264378070831299 13
1653294521682 0.7264378070831299 13
1653294528221 0.7090216875076294 14
1653294528235 0.7090216875076294 14
1653294535670 0.7252634763717651 15
1653294535685 0.7252634763717651 15
1653294543057 0.7336686253547668 16
1653294543079 0.7336686253547668 16
1653294550202 0.7403722405433655 17
1653294550217 0.7403722405433655 17
1653294557173 0.7553368806838989 18
1653294557187 0.7553368806838989 18
1653294564352 0.7549707889556885 19
1653294564367 0.7549707889556885 19
