1653294431372 0.6395649909973145 0
1653294431387 0.6395649909973145 0
1653294438245 0.6341634392738342 1
1653294438261 0.6341634392738342 1
1653294444946 0.6308944225311279 2
1653294444962 0.6308944225311279 2
1653294451682 0.62339186668396 3
1653294451697 0.62339186668396 3
1653294459317 0.6147252917289734 4
1653294459332 0.6147252917289734 4
1653294466757 0.6100513935089111 5
1653294466773 0.6100513935089111 5
1653294474008 0.6105778217315674 6
1653294474023 0.6105778217315674 6
1653294481317 0.5938094258308411 7
1653294481332 0.5938094258308411 7
1653294487974 0.5924071073532104 8
1653294487988 0.5924071073532104 8
1653294495371 0.5952010154724121 9
1653294495386 0.5952010154724121 9
1653294501724 0.5774700045585632 10
1653294501739 0.5774700045585632 10
1653294508714 0.5783646702766418 11
1653294508728 0.5783646702766418 11
1653294515318 0.5732609033584595 12
1653294515332 0.5732609033584595 12
1653294521667 0.5566438436508179 13
1653294521682 0.5566438436508179 13
1653294528221 0.5715421438217163 14
1653294528235 0.5715421438217163 14
1653294535670 0.5591524243354797 15
1653294535685 0.5591524243354797 15
1653294543057 0.5550522804260254 16
1653294543079 0.5550522804260254 16
1653294550202 0.5503733158111572 17
1653294550217 0.5503733158111572 17
1653294557173 0.5416055917739868 18
1653294557187 0.5416055917739868 18
1653294564352 0.5304292440414429 19
1653294564367 0.5304292440414429 19
