1653294431372 0.3387082815170288 0
1653294431387 0.3387082815170288 0
1653294438245 0.31871676445007324 1
1653294438261 0.31871676445007324 1
1653294444946 0.3448528051376343 2
1653294444962 0.3448528051376343 2
1653294451682 0.33667638897895813 3
1653294451697 0.33667638897895813 3
1653294459317 0.31553399562835693 4
1653294459332 0.31553399562835693 4
1653294466757 0.3186512887477875 5
1653294466773 0.3186512887477875 5
1653294474008 0.3349376916885376 6
1653294474023 0.3349376916885376 6
1653294481317 0.3045247495174408 7
1653294481332 0.3045247495174408 7
1653294487974 0.30185312032699585 8
1653294487988 0.30185312032699585 8
1653294495371 0.31781962513923645 9
1653294495386 0.31781962513923645 9
1653294501724 0.2919446527957916 10
1653294501739 0.2919446527957916 10
1653294508714 0.3057161271572113 11
1653294508728 0.3057161271572113 11
1653294515318 0.2766893804073334 12
1653294515332 0.2766893804073334 12
1653294521667 0.2979418635368347 13
1653294521682 0.2979418635368347 13
1653294528221 0.3093210458755493 14
1653294528235 0.3093210458755493 14
1653294535670 0.27473559975624084 15
1653294535685 0.27473559975624084 15
1653294543057 0.27484217286109924 16
1653294543079 0.27484217286109924 16
1653294550202 0.31690582633018494 17
1653294550217 0.31690582633018494 17
1653294557173 0.2543373107910156 18
1653294557187 0.2543373107910156 18
1653294564352 0.28194814920425415 19
1653294564367 0.28194814920425415 19
