1653294431372 1.183984398841858 0
1653294431387 1.183984398841858 0
1653294438245 1.01524019241333 1
1653294438261 1.01524019241333 1
1653294444946 1.2553602457046509 2
1653294444962 1.2553602457046509 2
1653294451682 1.2024171352386475 3
1653294451697 1.2024171352386475 3
1653294459317 1.02646803855896 4
1653294459332 1.02646803855896 4
1653294466757 1.189112901687622 5
1653294466773 1.189112901687622 5
1653294474008 1.2712104320526123 6
1653294474023 1.2712104320526123 6
1653294481317 1.1085199117660522 7
1653294481332 1.1085199117660522 7
1653294487974 1.0828428268432617 8
1653294487988 1.0828428268432617 8
1653294495371 1.2149536609649658 9
1653294495386 1.2149536609649658 9
1653294501724 1.01982843875885 10
1653294501739 1.01982843875885 10
1653294508714 1.166136622428894 11
1653294508728 1.166136622428894 11
1653294515318 0.9359830617904663 12
1653294515332 0.9359830617904663 12
1653294521667 1.2087163925170898 13
1653294521682 1.2087163925170898 13
1653294528221 1.2389106750488281 14
1653294528235 1.2389106750488281 14
1653294535670 0.9716355204582214 15
1653294535685 0.9716355204582214 15
1653294543057 1.0402064323425293 16
1653294543079 1.0402064323425293 16
1653294550202 1.4031805992126465 17
1653294550217 1.4031805992126465 17
1653294557173 0.9302297234535217 18
1653294557187 0.9302297234535217 18
1653294564352 1.1981377601623535 19
1653294564367 1.1981377601623535 19
