1653294431372 0.0997808575630188 0
1653294431387 0.0997808575630188 0
1653294438245 0.09834688901901245 1
1653294438261 0.09834688901901245 1
1653294444946 0.10509529709815979 2
1653294444962 0.10509529709815979 2
1653294451682 0.09219599515199661 3
1653294451697 0.09219599515199661 3
1653294459317 0.09460994601249695 4
1653294459332 0.09460994601249695 4
1653294466757 0.090855672955513 5
1653294466773 0.090855672955513 5
1653294474008 0.09391427040100098 6
1653294474023 0.09391427040100098 6
1653294481317 0.08554686605930328 7
1653294481332 0.08554686605930328 7
1653294487974 0.08381450921297073 8
1653294487988 0.08381450921297073 8
1653294495371 0.0829632580280304 9
1653294495386 0.0829632580280304 9
1653294501724 0.07743863016366959 10
1653294501739 0.07743863016366959 10
1653294508714 0.07591640949249268 11
1653294508728 0.07591640949249268 11
1653294515318 0.07730421423912048 12
1653294515332 0.07730421423912048 12
1653294521667 0.06239001080393791 13
1653294521682 0.06239001080393791 13
1653294528221 0.08076027035713196 14
1653294528235 0.08076027035713196 14
1653294535670 0.06376431882381439 15
1653294535685 0.06376431882381439 15
1653294543057 0.06724004447460175 16
1653294543079 0.06724004447460175 16
1653294550202 0.07061470299959183 17
1653294550217 0.07061470299959183 17
1653294557173 0.05631547421216965 18
1653294557187 0.05631547421216965 18
1653294564352 0.06363862007856369 19
1653294564367 0.06363862007856369 19
