1653294431372 0.6721472144126892 0
1653294431387 0.6721472144126892 0
1653294438245 0.6765182018280029 1
1653294438261 0.6765182018280029 1
1653294444946 0.6671890616416931 2
1653294444962 0.6671890616416931 2
1653294451682 0.6571268439292908 3
1653294451697 0.6571268439292908 3
1653294459317 0.6341177225112915 4
1653294459332 0.6341177225112915 4
1653294466757 0.5956990718841553 5
1653294466773 0.5956990718841553 5
1653294474008 0.6050176024436951 6
1653294474023 0.6050176024436951 6
1653294481317 0.5776783227920532 7
1653294481332 0.5776783227920532 7
1653294487974 0.5571267604827881 8
1653294487988 0.5571267604827881 8
1653294495371 0.5779882073402405 9
1653294495386 0.5779882073402405 9
1653294501724 0.553416907787323 10
1653294501739 0.553416907787323 10
1653294508714 0.5381395220756531 11
1653294508728 0.5381395220756531 11
1653294515318 0.5375691056251526 12
1653294515332 0.5375691056251526 12
1653294521667 0.5020409226417542 13
1653294521682 0.5020409226417542 13
1653294528221 0.5466786623001099 14
1653294528235 0.5466786623001099 14
1653294535670 0.5234604477882385 15
1653294535685 0.5234604477882385 15
1653294543057 0.5000242590904236 16
1653294543079 0.5000242590904236 16
1653294550202 0.5001447796821594 17
1653294550217 0.5001447796821594 17
1653294557173 0.46978938579559326 18
1653294557187 0.46978938579559326 18
1653294564352 0.47584930062294006 19
1653294564367 0.47584930062294006 19
