1653294431372 0.02910776063799858 0
1653294431387 0.02910776063799858 0
1653294438245 0.029824059456586838 1
1653294438261 0.029824059456586838 1
1653294444946 0.027147652581334114 2
1653294444962 0.027147652581334114 2
1653294451682 0.024229561910033226 3
1653294451697 0.024229561910033226 3
1653294459317 0.03272170200943947 4
1653294459332 0.03272170200943947 4
1653294466757 0.025220584124326706 5
1653294466773 0.025220584124326706 5
1653294474008 0.026699872687458992 6
1653294474023 0.026699872687458992 6
1653294481317 0.02697858214378357 7
1653294481332 0.02697858214378357 7
1653294487974 0.027350883930921555 8
1653294487988 0.027350883930921555 8
1653294495371 0.026771698147058487 9
1653294495386 0.026771698147058487 9
1653294501724 0.023748939856886864 10
1653294501739 0.023748939856886864 10
1653294508714 0.023269249126315117 11
1653294508728 0.023269249126315117 11
1653294515318 0.025744454935193062 12
1653294515332 0.025744454935193062 12
1653294521667 0.020701216533780098 13
1653294521682 0.020701216533780098 13
1653294528221 0.023968083783984184 14
1653294528235 0.023968083783984184 14
1653294535670 0.023122522979974747 15
1653294535685 0.023122522979974747 15
1653294543057 0.022687198594212532 16
1653294543079 0.022687198594212532 16
1653294550202 0.01978996954858303 17
1653294550217 0.01978996954858303 17
1653294557173 0.020014185458421707 18
1653294557187 0.020014185458421707 18
1653294564352 0.019494766369462013 19
1653294564367 0.019494766369462013 19
