1653294431372 0.24389266967773438 0
1653294431387 0.24389266967773438 0
1653294438245 0.2237253040075302 1
1653294438261 0.2237253040075302 1
1653294444946 0.24454814195632935 2
1653294444962 0.24454814195632935 2
1653294451682 0.2575902044773102 3
1653294451697 0.2575902044773102 3
1653294459317 0.2403743416070938 4
1653294459332 0.2403743416070938 4
1653294466757 0.22013826668262482 5
1653294466773 0.22013826668262482 5
1653294474008 0.251460462808609 6
1653294474023 0.251460462808609 6
1653294481317 0.21085207164287567 7
1653294481332 0.21085207164287567 7
1653294487974 0.22543662786483765 8
1653294487988 0.22543662786483765 8
1653294495371 0.22977814078330994 9
1653294495386 0.22977814078330994 9
1653294501724 0.22702275216579437 10
1653294501739 0.22702275216579437 10
1653294508714 0.238992840051651 11
1653294508728 0.238992840051651 11
1653294515318 0.1999940574169159 12
1653294515332 0.1999940574169159 12
1653294521667 0.23283512890338898 13
1653294521682 0.23283512890338898 13
1653294528221 0.21352116763591766 14
1653294528235 0.21352116763591766 14
1653294535670 0.20847070217132568 15
1653294535685 0.20847070217132568 15
1653294543057 0.19022905826568604 16
1653294543079 0.19022905826568604 16
1653294550202 0.23169784247875214 17
1653294550217 0.23169784247875214 17
1653294557173 0.1816684901714325 18
1653294557187 0.1816684901714325 18
1653294564352 0.18688128888607025 19
1653294564367 0.18688128888607025 19
