1653302190700 0.6450297236442566 0
1653302190717 0.6450297236442566 0
1653302198207 0.6289406418800354 1
1653302198223 0.6289406418800354 1
1653302204611 0.6252265572547913 2
1653302204629 0.6252265572547913 2
1653302211989 0.6108867526054382 3
1653302212006 0.6108867526054382 3
1653302219868 0.5823538303375244 4
1653302219884 0.5823538303375244 4
1653302225901 0.5524380207061768 5
1653302225916 0.5524380207061768 5
1653302231971 0.5261430144309998 6
1653302231987 0.5261430144309998 6
1653302238924 0.5123544931411743 7
1653302238940 0.5123544931411743 7
1653302245235 0.5000638961791992 8
1653302245250 0.5000638961791992 8
1653302251468 0.493880957365036 9
1653302251484 0.493880957365036 9
1653302258820 0.5031136870384216 10
1653302258837 0.5031136870384216 10
1653302265737 0.4709582030773163 11
1653302265753 0.4709582030773163 11
1653302271733 0.4582546055316925 12
1653302271749 0.4582546055316925 12
1653302279440 0.47149857878685 13
1653302279456 0.47149857878685 13
1653302287063 0.4632381796836853 14
1653302287078 0.4632381796836853 14
1653302292988 0.4641408920288086 15
1653302293004 0.4641408920288086 15
1653302298973 0.4474605917930603 16
1653302298989 0.4474605917930603 16
1653302305351 0.4503050148487091 17
1653302305366 0.4503050148487091 17
1653302312231 0.4569645822048187 18
1653302312247 0.4569645822048187 18
1653302318380 0.4453828036785126 19
1653302318395 0.4453828036785126 19
