1653302190700 0.5204111337661743 0
1653302190717 0.5204111337661743 0
1653302198207 0.5630121231079102 1
1653302198223 0.5630121231079102 1
1653302204611 0.6118395328521729 2
1653302204629 0.6118395328521729 2
1653302211989 0.6375331282615662 3
1653302212006 0.6375331282615662 3
1653302219868 0.690000057220459 4
1653302219884 0.690000057220459 4
1653302225901 0.7525610327720642 5
1653302225916 0.7525610327720642 5
1653302231971 0.7639203071594238 6
1653302231987 0.7639203071594238 6
1653302238924 0.7823541164398193 7
1653302238940 0.7823541164398193 7
1653302245235 0.7879515290260315 8
1653302245250 0.7879515290260315 8
1653302251468 0.7995995879173279 9
1653302251484 0.7995995879173279 9
1653302258820 0.7866967916488647 10
1653302258837 0.7866967916488647 10
1653302265737 0.8200700879096985 11
1653302265753 0.8200700879096985 11
1653302271733 0.8251640796661377 12
1653302271749 0.8251640796661377 12
1653302279440 0.8201453685760498 13
1653302279456 0.8201453685760498 13
1653302287063 0.8190140128135681 14
1653302287078 0.8190140128135681 14
1653302292988 0.8155791163444519 15
1653302293004 0.8155791163444519 15
1653302298973 0.8364603519439697 16
1653302298989 0.8364603519439697 16
1653302305351 0.8277695178985596 17
1653302305366 0.8277695178985596 17
1653302312231 0.8284373879432678 18
1653302312247 0.8284373879432678 18
1653302318380 0.8360397219657898 19
1653302318395 0.8360397219657898 19
