1653302190700 0.37293538451194763 0
1653302190717 0.37293538451194763 0
1653302198207 0.34482648968696594 1
1653302198223 0.34482648968696594 1
1653302204611 0.2946278750896454 2
1653302204629 0.2946278750896454 2
1653302211989 0.258705735206604 3
1653302212006 0.258705735206604 3
1653302219868 0.23773528635501862 4
1653302219884 0.23773528635501862 4
1653302225901 0.21269607543945312 5
1653302225916 0.21269607543945312 5
1653302231971 0.20045635104179382 6
1653302231987 0.20045635104179382 6
1653302238924 0.18422694504261017 7
1653302238940 0.18422694504261017 7
1653302245235 0.181324765086174 8
1653302245250 0.181324765086174 8
1653302251468 0.17434856295585632 9
1653302251484 0.17434856295585632 9
1653302258820 0.1777375340461731 10
1653302258837 0.1777375340461731 10
1653302265737 0.16298429667949677 11
1653302265753 0.16298429667949677 11
1653302271733 0.16030621528625488 12
1653302271749 0.16030621528625488 12
1653302279440 0.16343174874782562 13
1653302279456 0.16343174874782562 13
1653302287063 0.1568799912929535 14
1653302287078 0.1568799912929535 14
1653302292988 0.15914835035800934 15
1653302293004 0.15914835035800934 15
1653302298973 0.14709217846393585 16
1653302298989 0.14709217846393585 16
1653302305351 0.1477542519569397 17
1653302305366 0.1477542519569397 17
1653302312231 0.15156029164791107 18
1653302312247 0.15156029164791107 18
1653302318380 0.14767338335514069 19
1653302318395 0.14767338335514069 19
