1653302190700 0.21734033524990082 0
1653302190717 0.21734033524990082 0
1653302198207 0.19699037075042725 1
1653302198223 0.19699037075042725 1
1653302204611 0.1454058587551117 2
1653302204629 0.1454058587551117 2
1653302211989 0.11563991755247116 3
1653302212006 0.11563991755247116 3
1653302219868 0.0997578501701355 4
1653302219884 0.0997578501701355 4
1653302225901 0.07939255237579346 5
1653302225916 0.07939255237579346 5
1653302231971 0.06557890772819519 6
1653302231987 0.06557890772819519 6
1653302238924 0.05276487395167351 7
1653302238940 0.05276487395167351 7
1653302245235 0.05812735855579376 8
1653302245250 0.05812735855579376 8
1653302251468 0.047463174909353256 9
1653302251484 0.047463174909353256 9
1653302258820 0.051683973520994186 10
1653302258837 0.051683973520994186 10
1653302265737 0.044659439474344254 11
1653302265753 0.044659439474344254 11
1653302271733 0.04771697521209717 12
1653302271749 0.04771697521209717 12
1653302279440 0.04120125621557236 13
1653302279456 0.04120125621557236 13
1653302287063 0.04486590996384621 14
1653302287078 0.04486590996384621 14
1653302292988 0.04265819489955902 15
1653302293004 0.04265819489955902 15
1653302298973 0.03874753415584564 16
1653302298989 0.03874753415584564 16
1653302305351 0.03691739961504936 17
1653302305366 0.03691739961504936 17
1653302312231 0.04183397814631462 18
1653302312247 0.04183397814631462 18
1653302318380 0.03304446116089821 19
1653302318395 0.03304446116089821 19
