1653302190700 0.8865149021148682 0
1653302190717 0.8865149021148682 0
1653302198207 0.7909033298492432 1
1653302198223 0.7909033298492432 1
1653302204611 0.751539945602417 2
1653302204629 0.751539945602417 2
1653302211989 0.6576026678085327 3
1653302212006 0.6576026678085327 3
1653302219868 0.6047196388244629 4
1653302219884 0.6047196388244629 4
1653302225901 0.5275585055351257 5
1653302225916 0.5275585055351257 5
1653302231971 0.4826202988624573 6
1653302231987 0.4826202988624573 6
1653302238924 0.4568094313144684 7
1653302238940 0.4568094313144684 7
1653302245235 0.43744730949401855 8
1653302245250 0.43744730949401855 8
1653302251468 0.428987056016922 9
1653302251484 0.428987056016922 9
1653302258820 0.44884204864501953 10
1653302258837 0.44884204864501953 10
1653302265737 0.4108509421348572 11
1653302265753 0.4108509421348572 11
1653302271733 0.40252313017845154 12
1653302271749 0.40252313017845154 12
1653302279440 0.41195571422576904 13
1653302279456 0.41195571422576904 13
1653302287063 0.4064713418483734 14
1653302287078 0.4064713418483734 14
1653302292988 0.40501561760902405 15
1653302293004 0.40501561760902405 15
1653302298973 0.3681025207042694 16
1653302298989 0.3681025207042694 16
1653302305351 0.3897721469402313 17
1653302305366 0.3897721469402313 17
1653302312231 0.3886926472187042 18
1653302312247 0.3886926472187042 18
1653302318380 0.3802465796470642 19
1653302318395 0.3802465796470642 19
