1653302190700 0.07106690853834152 0
1653302190717 0.07106690853834152 0
1653302198207 0.07347628474235535 1
1653302198223 0.07347628474235535 1
1653302204611 0.03970992565155029 2
1653302204629 0.03970992565155029 2
1653302211989 0.04273633658885956 3
1653302212006 0.04273633658885956 3
1653302219868 0.0275780837982893 4
1653302219884 0.0275780837982893 4
1653302225901 0.03673374652862549 5
1653302225916 0.03673374652862549 5
1653302231971 0.02782324142754078 6
1653302231987 0.02782324142754078 6
1653302238924 0.024859806522727013 7
1653302238940 0.024859806522727013 7
1653302245235 0.022819627076387405 8
1653302245250 0.022819627076387405 8
1653302251468 0.024549437686800957 9
1653302251484 0.024549437686800957 9
1653302258820 0.019120199605822563 10
1653302258837 0.019120199605822563 10
1653302265737 0.019953342154622078 11
1653302265753 0.019953342154622078 11
1653302271733 0.016581611707806587 12
1653302271749 0.016581611707806587 12
1653302279440 0.016224252060055733 13
1653302279456 0.016224252060055733 13
1653302287063 0.018143899738788605 14
1653302287078 0.018143899738788605 14
1653302292988 0.016256483271718025 15
1653302293004 0.016256483271718025 15
1653302298973 0.011148279532790184 16
1653302298989 0.011148279532790184 16
1653302305351 0.015466004610061646 17
1653302305366 0.015466004610061646 17
1653302312231 0.013284489512443542 18
1653302312247 0.013284489512443542 18
1653302318380 0.012177249416708946 19
1653302318395 0.012177249416708946 19
