1653302190700 0.46750113368034363 0
1653302190717 0.46750113368034363 0
1653302198207 0.43070805072784424 1
1653302198223 0.43070805072784424 1
1653302204611 0.3320930600166321 2
1653302204629 0.3320930600166321 2
1653302211989 0.2679097652435303 3
1653302212006 0.2679097652435303 3
1653302219868 0.2583354115486145 4
1653302219884 0.2583354115486145 4
1653302225901 0.22149088978767395 5
1653302225916 0.22149088978767395 5
1653302231971 0.23525546491146088 6
1653302231987 0.23525546491146088 6
1653302238924 0.20344755053520203 7
1653302238940 0.20344755053520203 7
1653302245235 0.20507647097110748 8
1653302245250 0.20507647097110748 8
1653302251468 0.19207952916622162 9
1653302251484 0.19207952916622162 9
1653302258820 0.19192008674144745 10
1653302258837 0.19192008674144745 10
1653302265737 0.1720719337463379 11
1653302265753 0.1720719337463379 11
1653302271733 0.172018900513649 12
1653302271749 0.172018900513649 12
1653302279440 0.18191514909267426 13
1653302279456 0.18191514909267426 13
1653302287063 0.15273354947566986 14
1653302287078 0.15273354947566986 14
1653302292988 0.16864018142223358 15
1653302293004 0.16864018142223358 15
1653302298973 0.15686897933483124 16
1653302298989 0.15686897933483124 16
1653302305351 0.14091694355010986 17
1653302305366 0.14091694355010986 17
1653302312231 0.15283548831939697 18
1653302312247 0.15283548831939697 18
1653302318380 0.15791559219360352 19
1653302318395 0.15791559219360352 19
