1653303638738 0.5296032428741455 0
1653303638762 0.5296032428741455 0
1653303645662 0.5702049732208252 1
1653303645680 0.5702049732208252 1
1653303652572 0.5736010074615479 2
1653303652590 0.5736010074615479 2
1653303659286 0.6029777526855469 3
1653303659304 0.6029777526855469 3
1653303666714 0.6268218159675598 4
1653303666738 0.6268218159675598 4
1653303673548 0.6350454092025757 5
1653303673565 0.6350454092025757 5
1653303681125 0.6645368337631226 6
1653303681143 0.6645368337631226 6
1653303689188 0.6592360734939575 7
1653303689206 0.6592360734939575 7
1653303696939 0.6751607656478882 8
1653303696959 0.6751607656478882 8
1653303704276 0.6835255026817322 9
1653303704295 0.6835255026817322 9
1653303711221 0.6977328658103943 10
1653303711238 0.6977328658103943 10
1653303717471 0.7091852426528931 11
1653303717491 0.7091852426528931 11
1653303725110 0.6978293061256409 12
1653303725128 0.6978293061256409 12
1653303731518 0.7143504023551941 13
1653303731536 0.7143504023551941 13
1653303739294 0.7239719033241272 14
1653303739312 0.7239719033241272 14
1653303746661 0.7310906648635864 15
1653303746680 0.7310906648635864 15
1653303754275 0.7179846167564392 16
1653303754293 0.7179846167564392 16
1653303761411 0.7400305271148682 17
1653303761429 0.7400305271148682 17
1653303768915 0.7570611238479614 18
1653303768933 0.7570611238479614 18
1653303775762 0.7682721018791199 19
1653303775780 0.7682721018791199 19
