1653303638738 0.635506272315979 0
1653303638762 0.635506272315979 0
1653303645662 0.6289038062095642 1
1653303645680 0.6289038062095642 1
1653303652572 0.6282824277877808 2
1653303652590 0.6282824277877808 2
1653303659286 0.6228395700454712 3
1653303659304 0.6228395700454712 3
1653303666714 0.6145479083061218 4
1653303666738 0.6145479083061218 4
1653303673548 0.6123788952827454 5
1653303673565 0.6123788952827454 5
1653303681125 0.5976669192314148 6
1653303681143 0.5976669192314148 6
1653303689188 0.5981085896492004 7
1653303689206 0.5981085896492004 7
1653303696939 0.5892261862754822 8
1653303696959 0.5892261862754822 8
1653303704276 0.5902392268180847 9
1653303704295 0.5902392268180847 9
1653303711221 0.5820438861846924 10
1653303711238 0.5820438861846924 10
1653303717471 0.5747600793838501 11
1653303717491 0.5747600793838501 11
1653303725110 0.5792845487594604 12
1653303725128 0.5792845487594604 12
1653303731518 0.5644875764846802 13
1653303731536 0.5644875764846802 13
1653303739294 0.5657733082771301 14
1653303739312 0.5657733082771301 14
1653303746661 0.5595038533210754 15
1653303746680 0.5595038533210754 15
1653303754275 0.5583503842353821 16
1653303754293 0.5583503842353821 16
1653303761411 0.554271936416626 17
1653303761429 0.554271936416626 17
1653303768915 0.5350465178489685 18
1653303768933 0.5350465178489685 18
1653303775762 0.5256283283233643 19
1653303775780 0.5256283283233643 19
