1653303638738 0.3438929617404938 0
1653303638762 0.3438929617404938 0
1653303645662 0.32191357016563416 1
1653303645680 0.32191357016563416 1
1653303652572 0.2687683701515198 2
1653303652590 0.2687683701515198 2
1653303659286 0.24261459708213806 3
1653303659304 0.24261459708213806 3
1653303666714 0.22423800826072693 4
1653303666738 0.22423800826072693 4
1653303673548 0.21967372298240662 5
1653303673565 0.21967372298240662 5
1653303681125 0.21098792552947998 6
1653303681143 0.21098792552947998 6
1653303689188 0.2037757933139801 7
1653303689206 0.2037757933139801 7
1653303696939 0.2034081369638443 8
1653303696959 0.2034081369638443 8
1653303704276 0.19755326211452484 9
1653303704295 0.19755326211452484 9
1653303711221 0.1943017542362213 10
1653303711238 0.1943017542362213 10
1653303717471 0.18934138119220734 11
1653303717491 0.18934138119220734 11
1653303725110 0.19836854934692383 12
1653303725128 0.19836854934692383 12
1653303731518 0.1847236305475235 13
1653303731536 0.1847236305475235 13
1653303739294 0.18418993055820465 14
1653303739312 0.18418993055820465 14
1653303746661 0.18455208837985992 15
1653303746680 0.18455208837985992 15
1653303754275 0.1816958636045456 16
1653303754293 0.1816958636045456 16
1653303761411 0.18020223081111908 17
1653303761429 0.18020223081111908 17
1653303768915 0.17311662435531616 18
1653303768933 0.17311662435531616 18
1653303775762 0.17128543555736542 19
1653303775780 0.17128543555736542 19
