1653303638738 0.23058158159255981 0
1653303638762 0.23058158159255981 0
1653303645662 0.21701358258724213 1
1653303645680 0.21701358258724213 1
1653303652572 0.14421047270298004 2
1653303652590 0.14421047270298004 2
1653303659286 0.12435957789421082 3
1653303659304 0.12435957789421082 3
1653303666714 0.10791096091270447 4
1653303666738 0.10791096091270447 4
1653303673548 0.10447648912668228 5
1653303673565 0.10447648912668228 5
1653303681125 0.09370832145214081 6
1653303681143 0.09370832145214081 6
1653303689188 0.08552420139312744 7
1653303689206 0.08552420139312744 7
1653303696939 0.09005913138389587 8
1653303696959 0.09005913138389587 8
1653303704276 0.08370386064052582 9
1653303704295 0.08370386064052582 9
1653303711221 0.07791472971439362 10
1653303711238 0.07791472971439362 10
1653303717471 0.07509991526603699 11
1653303717491 0.07509991526603699 11
1653303725110 0.07589417695999146 12
1653303725128 0.07589417695999146 12
1653303731518 0.08175653964281082 13
1653303731536 0.08175653964281082 13
1653303739294 0.06549616158008575 14
1653303739312 0.06549616158008575 14
1653303746661 0.072086401283741 15
1653303746680 0.072086401283741 15
1653303754275 0.06370086967945099 16
1653303754293 0.06370086967945099 16
1653303761411 0.06821466982364655 17
1653303761429 0.06821466982364655 17
1653303768915 0.06359401345252991 18
1653303768933 0.06359401345252991 18
1653303775762 0.06366897374391556 19
1653303775780 0.06366897374391556 19
