1653303638738 0.8839026093482971 0
1653303638762 0.8839026093482971 0
1653303645662 0.8069586753845215 1
1653303645680 0.8069586753845215 1
1653303652572 0.7405467629432678 2
1653303652590 0.7405467629432678 2
1653303659286 0.7098284959793091 3
1653303659304 0.7098284959793091 3
1653303666714 0.6514277458190918 4
1653303666738 0.6514277458190918 4
1653303673548 0.6356623768806458 5
1653303673565 0.6356623768806458 5
1653303681125 0.6009359955787659 6
1653303681143 0.6009359955787659 6
1653303689188 0.5852407217025757 7
1653303689206 0.5852407217025757 7
1653303696939 0.583158552646637 8
1653303696959 0.583158552646637 8
1653303704276 0.5553818941116333 9
1653303704295 0.5553818941116333 9
1653303711221 0.5537173748016357 10
1653303711238 0.5537173748016357 10
1653303717471 0.5520612597465515 11
1653303717491 0.5520612597465515 11
1653303725110 0.5701367855072021 12
1653303725128 0.5701367855072021 12
1653303731518 0.5152746438980103 13
1653303731536 0.5152746438980103 13
1653303739294 0.5327736139297485 14
1653303739312 0.5327736139297485 14
1653303746661 0.5082070231437683 15
1653303746680 0.5082070231437683 15
1653303754275 0.5286204814910889 16
1653303754293 0.5286204814910889 16
1653303761411 0.5235915780067444 17
1653303761429 0.5235915780067444 17
1653303768915 0.4771300256252289 18
1653303768933 0.4771300256252289 18
1653303775762 0.4829639196395874 19
1653303775780 0.4829639196395874 19
