1653303638738 0.0771629586815834 0
1653303638762 0.0771629586815834 0
1653303645662 0.06836893409490585 1
1653303645680 0.06836893409490585 1
1653303652572 0.037035029381513596 2
1653303652590 0.037035029381513596 2
1653303659286 0.03867516666650772 3
1653303659304 0.03867516666650772 3
1653303666714 0.032876111567020416 4
1653303666738 0.032876111567020416 4
1653303673548 0.030825313180685043 5
1653303673565 0.030825313180685043 5
1653303681125 0.026484111323952675 6
1653303681143 0.026484111323952675 6
1653303689188 0.03151550516486168 7
1653303689206 0.03151550516486168 7
1653303696939 0.028410647064447403 8
1653303696959 0.028410647064447403 8
1653303704276 0.02235434763133526 9
1653303704295 0.02235434763133526 9
1653303711221 0.028746159747242928 10
1653303711238 0.028746159747242928 10
1653303717471 0.018839893862605095 11
1653303717491 0.018839893862605095 11
1653303725110 0.027846647426486015 12
1653303725128 0.027846647426486015 12
1653303731518 0.02369259111583233 13
1653303731536 0.02369259111583233 13
1653303739294 0.023645425215363503 14
1653303739312 0.023645425215363503 14
1653303746661 0.022519918158650398 15
1653303746680 0.022519918158650398 15
1653303754275 0.023411832749843597 16
1653303754293 0.023411832749843597 16
1653303761411 0.023112257942557335 17
1653303761429 0.023112257942557335 17
1653303768915 0.02017662301659584 18
1653303768933 0.02017662301659584 18
1653303775762 0.022786112502217293 19
1653303775780 0.022786112502217293 19
