1653303638738 0.46701762080192566 0
1653303638762 0.46701762080192566 0
1653303645662 0.42258670926094055 1
1653303645680 0.42258670926094055 1
1653303652572 0.34532803297042847 2
1653303652590 0.34532803297042847 2
1653303659286 0.2921828627586365 3
1653303659304 0.2921828627586365 3
1653303666714 0.2707396447658539 4
1653303666738 0.2707396447658539 4
1653303673548 0.25616455078125 5
1653303673565 0.25616455078125 5
1653303681125 0.2507437765598297 6
1653303681143 0.2507437765598297 6
1653303689188 0.23807190358638763 7
1653303689206 0.23807190358638763 7
1653303696939 0.25124886631965637 8
1653303696959 0.25124886631965637 8
1653303704276 0.23392777144908905 9
1653303704295 0.23392777144908905 9
1653303711221 0.22406555712223053 10
1653303711238 0.22406555712223053 10
1653303717471 0.23204126954078674 11
1653303717491 0.23204126954078674 11
1653303725110 0.23351791501045227 12
1653303725128 0.23351791501045227 12
1653303731518 0.2130114734172821 13
1653303731536 0.2130114734172821 13
1653303739294 0.22066658735275269 14
1653303739312 0.22066658735275269 14
1653303746661 0.2156907618045807 15
1653303746680 0.2156907618045807 15
1653303754275 0.21503391861915588 16
1653303754293 0.21503391861915588 16
1653303761411 0.20024707913398743 17
1653303761429 0.20024707913398743 17
1653303768915 0.20881278812885284 18
1653303768933 0.20881278812885284 18
1653303775762 0.20897693932056427 19
1653303775780 0.20897693932056427 19
