1653303638738 0.21658389270305634 0
1653303638762 0.21658389270305634 0
1653303645662 0.21584391593933105 1
1653303645680 0.21584391593933105 1
1653303652572 0.16572237014770508 2
1653303652590 0.16572237014770508 2
1653303659286 0.12054987251758575 3
1653303659304 0.12054987251758575 3
1653303666714 0.10780670493841171 4
1653303666738 0.10780670493841171 4
1653303673548 0.11327008903026581 5
1653303673565 0.11327008903026581 5
1653303681125 0.11635179817676544 6
1653303681143 0.11635179817676544 6
1653303689188 0.10329663008451462 7
1653303689206 0.10329663008451462 7
1653303696939 0.09383408725261688 8
1653303696959 0.09383408725261688 8
1653303704276 0.1080227643251419 9
1653303704295 0.1080227643251419 9
1653303711221 0.1037096306681633 10
1653303711238 0.1037096306681633 10
1653303717471 0.08997204154729843 11
1653303717491 0.08997204154729843 11
1653303725110 0.11044721305370331 12
1653303725128 0.11044721305370331 12
1653303731518 0.09655235707759857 13
1653303731536 0.09655235707759857 13
1653303739294 0.09342510998249054 14
1653303739312 0.09342510998249054 14
1653303746661 0.11040828377008438 15
1653303746680 0.11040828377008438 15
1653303754275 0.0934094712138176 16
1653303754293 0.0934094712138176 16
1653303761411 0.09895588457584381 17
1653303761429 0.09895588457584381 17
1653303768915 0.09872987866401672 18
1653303768933 0.09872987866401672 18
1653303775762 0.08727947622537613 19
1653303775780 0.08727947622537613 19
