1653310441217 0.6505957841873169 0
1653310441238 0.6505957841873169 0
1653310451823 0.6325865387916565 1
1653310451842 0.6325865387916565 1
1653310461365 0.6147974729537964 2
1653310461385 0.6147974729537964 2
1653310471727 0.5837352871894836 3
1653310471747 0.5837352871894836 3
1653310480512 0.5661101341247559 4
1653310480534 0.5661101341247559 4
1653310490828 0.5385196805000305 5
1653310490847 0.5385196805000305 5
1653310500984 0.5487312078475952 6
1653310501006 0.5487312078475952 6
1653310510708 0.5081215500831604 7
1653310510729 0.5081215500831604 7
1653310523981 0.5221514105796814 8
1653310524005 0.5221514105796814 8
1653310533051 0.5016162395477295 9
1653310533071 0.5016162395477295 9
1653310541764 0.5094144344329834 10
1653310541783 0.5094144344329834 10
1653310552236 0.49748626351356506 11
1653310552255 0.49748626351356506 11
1653310560799 0.5061872601509094 12
1653310560819 0.5061872601509094 12
1653310569206 0.4954166114330292 13
1653310569225 0.4954166114330292 13
1653310577956 0.4765912890434265 14
1653310577975 0.4765912890434265 14
1653310587179 0.4933322072029114 15
1653310587199 0.4933322072029114 15
1653310597798 0.47132620215415955 16
1653310597817 0.47132620215415955 16
1653310607843 0.4786354601383209 17
1653310607863 0.4786354601383209 17
1653310616895 0.48634618520736694 18
1653310616915 0.48634618520736694 18
1653310625981 0.4811207950115204 19
1653310626001 0.4811207950115204 19
