1653310441217 0.5061842799186707 0
1653310441238 0.5061842799186707 0
1653310451823 0.5526377558708191 1
1653310451842 0.5526377558708191 1
1653310461365 0.6113938689231873 2
1653310461385 0.6113938689231873 2
1653310471727 0.6898101568222046 3
1653310471747 0.6898101568222046 3
1653310480512 0.7159645557403564 4
1653310480534 0.7159645557403564 4
1653310490828 0.7459644675254822 5
1653310490847 0.7459644675254822 5
1653310500984 0.7398553490638733 6
1653310501006 0.7398553490638733 6
1653310510708 0.7808729410171509 7
1653310510729 0.7808729410171509 7
1653310523981 0.765068769454956 8
1653310524005 0.765068769454956 8
1653310533051 0.7815579175949097 9
1653310533071 0.7815579175949097 9
1653310541764 0.7751221656799316 10
1653310541783 0.7751221656799316 10
1653310552236 0.7883297801017761 11
1653310552255 0.7883297801017761 11
1653310560799 0.7754043340682983 12
1653310560819 0.7754043340682983 12
1653310569206 0.7868970632553101 13
1653310569225 0.7868970632553101 13
1653310577956 0.8029944896697998 14
1653310577975 0.8029944896697998 14
1653310587179 0.7967262864112854 15
1653310587199 0.7967262864112854 15
1653310597798 0.8052120208740234 16
1653310597817 0.8052120208740234 16
1653310607843 0.8109641075134277 17
1653310607863 0.8109641075134277 17
1653310616895 0.7994115948677063 18
1653310616915 0.7994115948677063 18
1653310625981 0.8063575625419617 19
1653310626001 0.8063575625419617 19
