1653310441217 0.4515838623046875 0
1653310441238 0.4515838623046875 0
1653310451823 0.3282639682292938 1
1653310451842 0.3282639682292938 1
1653310461365 0.3175337612628937 2
1653310461385 0.3175337612628937 2
1653310471727 0.2850249111652374 3
1653310471747 0.2850249111652374 3
1653310480512 0.272000789642334 4
1653310480534 0.272000789642334 4
1653310490828 0.2630923390388489 5
1653310490847 0.2630923390388489 5
1653310500984 0.23279505968093872 6
1653310501006 0.23279505968093872 6
1653310510708 0.22359415888786316 7
1653310510729 0.22359415888786316 7
1653310523981 0.23960456252098083 8
1653310524005 0.23960456252098083 8
1653310533051 0.21790370345115662 9
1653310533071 0.21790370345115662 9
1653310541764 0.22178776562213898 10
1653310541783 0.22178776562213898 10
1653310552236 0.21756801009178162 11
1653310552255 0.21756801009178162 11
1653310560799 0.223626047372818 12
1653310560819 0.223626047372818 12
1653310569206 0.22190676629543304 13
1653310569225 0.22190676629543304 13
1653310577956 0.19074313342571259 14
1653310577975 0.19074313342571259 14
1653310587179 0.18473568558692932 15
1653310587199 0.18473568558692932 15
1653310597798 0.18919196724891663 16
1653310597817 0.18919196724891663 16
1653310607843 0.18107181787490845 17
1653310607863 0.18107181787490845 17
1653310616895 0.1916274130344391 18
1653310616915 0.1916274130344391 18
1653310625981 0.1863911896944046 19
1653310626001 0.1863911896944046 19
