1653310441217 1.7842223644256592 0
1653310441238 1.7842223644256592 0
1653310451823 1.1167619228363037 1
1653310451842 1.1167619228363037 1
1653310461365 1.0683611631393433 2
1653310461385 1.0683611631393433 2
1653310471727 0.9207678437232971 3
1653310471747 0.9207678437232971 3
1653310480512 0.8788253664970398 4
1653310480534 0.8788253664970398 4
1653310490828 0.8852737545967102 5
1653310490847 0.8852737545967102 5
1653310500984 0.5591035485267639 6
1653310501006 0.5591035485267639 6
1653310510708 0.6830170750617981 7
1653310510729 0.6830170750617981 7
1653310523981 0.7444686889648438 8
1653310524005 0.7444686889648438 8
1653310533051 0.6237993240356445 9
1653310533071 0.6237993240356445 9
1653310541764 0.6854673027992249 10
1653310541783 0.6854673027992249 10
1653310552236 0.6347635388374329 11
1653310552255 0.6347635388374329 11
1653310560799 0.70319002866745 12
1653310560819 0.70319002866745 12
1653310569206 0.7560877203941345 13
1653310569225 0.7560877203941345 13
1653310577956 0.48173221945762634 14
1653310577975 0.48173221945762634 14
1653310587179 0.4359235167503357 15
1653310587199 0.4359235167503357 15
1653310597798 0.4525742530822754 16
1653310597817 0.4525742530822754 16
1653310607843 0.4146569073200226 17
1653310607863 0.4146569073200226 17
1653310616895 0.44888976216316223 18
1653310616915 0.44888976216316223 18
1653310625981 0.3616695702075958 19
1653310626001 0.3616695702075958 19
