1653310441217 0.12007272243499756 0
1653310441238 0.12007272243499756 0
1653310451823 0.09439101070165634 1
1653310451842 0.09439101070165634 1
1653310461365 0.08267197757959366 2
1653310461385 0.08267197757959366 2
1653310471727 0.07363881170749664 3
1653310471747 0.07363881170749664 3
1653310480512 0.07222740352153778 4
1653310480534 0.07222740352153778 4
1653310490828 0.0606549009680748 5
1653310490847 0.0606549009680748 5
1653310500984 0.05889495089650154 6
1653310501006 0.05889495089650154 6
1653310510708 0.04969387874007225 7
1653310510729 0.04969387874007225 7
1653310523981 0.05919249355792999 8
1653310524005 0.05919249355792999 8
1653310533051 0.05026421323418617 9
1653310533071 0.05026421323418617 9
1653310541764 0.05421660095453262 10
1653310541783 0.05421660095453262 10
1653310552236 0.047959744930267334 11
1653310552255 0.047959744930267334 11
1653310560799 0.049921877682209015 12
1653310560819 0.049921877682209015 12
1653310569206 0.04522472247481346 13
1653310569225 0.04522472247481346 13
1653310577956 0.04662661254405975 14
1653310577975 0.04662661254405975 14
1653310587179 0.038756899535655975 15
1653310587199 0.038756899535655975 15
1653310597798 0.04667554050683975 16
1653310597817 0.04667554050683975 16
1653310607843 0.03949980065226555 17
1653310607863 0.03949980065226555 17
1653310616895 0.048146191984415054 18
1653310616915 0.048146191984415054 18
1653310625981 0.038411613553762436 19
1653310626001 0.038411613553762436 19
