1653310441217 0.8537099361419678 0
1653310441238 0.8537099361419678 0
1653310451823 0.6697606444358826 1
1653310451842 0.6697606444358826 1
1653310461365 0.625190258026123 2
1653310461385 0.625190258026123 2
1653310471727 0.5614206194877625 3
1653310471747 0.5614206194877625 3
1653310480512 0.5164458155632019 4
1653310480534 0.5164458155632019 4
1653310490828 0.49768173694610596 5
1653310490847 0.49768173694610596 5
1653310500984 0.5170462131500244 6
1653310501006 0.5170462131500244 6
1653310510708 0.46182769536972046 7
1653310510729 0.46182769536972046 7
1653310523981 0.46146032214164734 8
1653310524005 0.46146032214164734 8
1653310533051 0.44116923213005066 9
1653310533071 0.44116923213005066 9
1653310541764 0.44387081265449524 10
1653310541783 0.44387081265449524 10
1653310552236 0.45266422629356384 11
1653310552255 0.45266422629356384 11
1653310560799 0.44934073090553284 12
1653310560819 0.44934073090553284 12
1653310569206 0.42564061284065247 13
1653310569225 0.42564061284065247 13
1653310577956 0.43081429600715637 14
1653310577975 0.43081429600715637 14
1653310587179 0.4282599985599518 15
1653310587199 0.4282599985599518 15
1653310597798 0.39644378423690796 16
1653310597817 0.39644378423690796 16
1653310607843 0.4087640941143036 17
1653310607863 0.4087640941143036 17
1653310616895 0.4320998191833496 18
1653310616915 0.4320998191833496 18
1653310625981 0.418687105178833 19
1653310626001 0.418687105178833 19
