1653310441217 0.036551788449287415 0
1653310441238 0.036551788449287415 0
1653310451823 0.02677571028470993 1
1653310451842 0.02677571028470993 1
1653310461365 0.02964182198047638 2
1653310461385 0.02964182198047638 2
1653310471727 0.02603176049888134 3
1653310471747 0.02603176049888134 3
1653310480512 0.02408936433494091 4
1653310480534 0.02408936433494091 4
1653310490828 0.021050751209259033 5
1653310490847 0.021050751209259033 5
1653310500984 0.02102319709956646 6
1653310501006 0.02102319709956646 6
1653310510708 0.014089107513427734 7
1653310510729 0.014089107513427734 7
1653310523981 0.012949223630130291 8
1653310524005 0.012949223630130291 8
1653310533051 0.012077405117452145 9
1653310533071 0.012077405117452145 9
1653310541764 0.010073287412524223 10
1653310541783 0.010073287412524223 10
1653310552236 0.010713531635701656 11
1653310552255 0.010713531635701656 11
1653310560799 0.010688822716474533 12
1653310560819 0.010688822716474533 12
1653310569206 0.009453781880438328 13
1653310569225 0.009453781880438328 13
1653310577956 0.010205439291894436 14
1653310577975 0.010205439291894436 14
1653310587179 0.008380980230867863 15
1653310587199 0.008380980230867863 15
1653310597798 0.00626631872728467 16
1653310597817 0.00626631872728467 16
1653310607843 0.012381806038320065 17
1653310607863 0.012381806038320065 17
1653310616895 0.008978119120001793 18
1653310616915 0.008978119120001793 18
1653310625981 0.017514916136860847 19
1653310626001 0.017514916136860847 19
