1653310441217 0.3697112500667572 0
1653310441238 0.3697112500667572 0
1653310451823 0.23733815550804138 1
1653310451842 0.23733815550804138 1
1653310461365 0.25436413288116455 2
1653310461385 0.25436413288116455 2
1653310471727 0.2325843870639801 3
1653310471747 0.2325843870639801 3
1653310480512 0.2290150225162506 4
1653310480534 0.2290150225162506 4
1653310490828 0.2239595353603363 5
1653310490847 0.2239595353603363 5
1653310500984 0.21069201827049255 6
1653310501006 0.21069201827049255 6
1653310510708 0.18060079216957092 7
1653310510729 0.18060079216957092 7
1653310523981 0.2160477191209793 8
1653310524005 0.2160477191209793 8
1653310533051 0.1987052708864212 9
1653310533071 0.1987052708864212 9
1653310541764 0.18129579722881317 10
1653310541783 0.18129579722881317 10
1653310552236 0.19057755172252655 11
1653310552255 0.19057755172252655 11
1653310560799 0.1843521147966385 12
1653310560819 0.1843521147966385 12
1653310569206 0.17836202681064606 13
1653310569225 0.17836202681064606 13
1653310577956 0.15453177690505981 14
1653310577975 0.15453177690505981 14
1653310587179 0.15129275619983673 15
1653310587199 0.15129275619983673 15
1653310597798 0.19077031314373016 16
1653310597817 0.19077031314373016 16
1653310607843 0.1568981260061264 17
1653310607863 0.1568981260061264 17
1653310616895 0.16891701519489288 18
1653310616915 0.16891701519489288 18
1653310625981 0.1961246281862259 19
1653310626001 0.1961246281862259 19
