1653306272866 0.5113024711608887 0
1653306272884 0.5113024711608887 0
1653306279599 0.5387545228004456 1
1653306279616 0.5387545228004456 1
1653306286747 0.5718051195144653 2
1653306286767 0.5718051195144653 2
1653306293514 0.5908236503601074 3
1653306293532 0.5908236503601074 3
1653306300056 0.6303769946098328 4
1653306300074 0.6303769946098328 4
1653306307465 0.6334635019302368 5
1653306307486 0.6334635019302368 5
1653306313981 0.6536430716514587 6
1653306314004 0.6536430716514587 6
1653306321241 0.6689608693122864 7
1653306321259 0.6689608693122864 7
1653306328641 0.6716829538345337 8
1653306328661 0.6716829538345337 8
1653306335930 0.7057371139526367 9
1653306335949 0.7057371139526367 9
1653306343222 0.6829200983047485 10
1653306343242 0.6829200983047485 10
1653306350373 0.6950884461402893 11
1653306350393 0.6950884461402893 11
1653306358384 0.703434944152832 12
1653306358403 0.703434944152832 12
1653306365607 0.7223554253578186 13
1653306365625 0.7223554253578186 13
1653306371939 0.7172870635986328 14
1653306371961 0.7172870635986328 14
1653306378792 0.7315752506256104 15
1653306378810 0.7315752506256104 15
1653306385596 0.756650984287262 16
1653306385613 0.756650984287262 16
1653306391907 0.7402817606925964 17
1653306391925 0.7402817606925964 17
1653306398551 0.7596302032470703 18
1653306398568 0.7596302032470703 18
1653306405820 0.7662019729614258 19
1653306405839 0.7662019729614258 19
