1653306272866 0.6382572054862976 0
1653306272884 0.6382572054862976 0
1653306279599 0.6344389319419861 1
1653306279616 0.6344389319419861 1
1653306286747 0.6282749176025391 2
1653306286767 0.6282749176025391 2
1653306293514 0.622100293636322 3
1653306293532 0.622100293636322 3
1653306300056 0.615881085395813 4
1653306300074 0.615881085395813 4
1653306307465 0.6051086187362671 5
1653306307486 0.6051086187362671 5
1653306313981 0.6056915521621704 6
1653306314004 0.6056915521621704 6
1653306321241 0.5946857333183289 7
1653306321259 0.5946857333183289 7
1653306328641 0.5946823358535767 8
1653306328661 0.5946823358535767 8
1653306335930 0.5768212080001831 9
1653306335949 0.5768212080001831 9
1653306343222 0.5878695845603943 10
1653306343242 0.5878695845603943 10
1653306350373 0.5780021548271179 11
1653306350393 0.5780021548271179 11
1653306358384 0.579770028591156 12
1653306358403 0.579770028591156 12
1653306365607 0.5679038166999817 13
1653306365625 0.5679038166999817 13
1653306371939 0.5631044507026672 14
1653306371961 0.5631044507026672 14
1653306378792 0.558542788028717 15
1653306378810 0.558542788028717 15
1653306385596 0.5404888987541199 16
1653306385613 0.5404888987541199 16
1653306391907 0.5483182668685913 17
1653306391925 0.5483182668685913 17
1653306398551 0.5348646640777588 18
1653306398568 0.5348646640777588 18
1653306405820 0.5293945074081421 19
1653306405839 0.5293945074081421 19
