1653306272866 0.40322762727737427 0
1653306272884 0.40322762727737427 0
1653306279599 0.3819822371006012 1
1653306279616 0.3819822371006012 1
1653306286747 0.335720032453537 2
1653306286767 0.335720032453537 2
1653306293514 0.30818450450897217 3
1653306293532 0.30818450450897217 3
1653306300056 0.29591241478919983 4
1653306300074 0.29591241478919983 4
1653306307465 0.28193145990371704 5
1653306307486 0.28193145990371704 5
1653306313981 0.27598679065704346 6
1653306314004 0.27598679065704346 6
1653306321241 0.2717512845993042 7
1653306321259 0.2717512845993042 7
1653306328641 0.2641264796257019 8
1653306328661 0.2641264796257019 8
1653306335930 0.2574876844882965 9
1653306335949 0.2574876844882965 9
1653306343222 0.26854634284973145 10
1653306343242 0.26854634284973145 10
1653306350373 0.25371208786964417 11
1653306350393 0.25371208786964417 11
1653306358384 0.25337886810302734 12
1653306358403 0.25337886810302734 12
1653306365607 0.25131675601005554 13
1653306365625 0.25131675601005554 13
1653306371939 0.24932311475276947 14
1653306371961 0.24932311475276947 14
1653306378792 0.24517595767974854 15
1653306378810 0.24517595767974854 15
1653306385596 0.23633748292922974 16
1653306385613 0.23633748292922974 16
1653306391907 0.23950843513011932 17
1653306391925 0.23950843513011932 17
1653306398551 0.23444032669067383 18
1653306398568 0.23444032669067383 18
1653306405820 0.23150181770324707 19
1653306405839 0.23150181770324707 19
