1653306272866 0.2094045728445053 0
1653306272884 0.2094045728445053 0
1653306279599 0.20317034423351288 1
1653306279616 0.20317034423351288 1
1653306286747 0.14432187378406525 2
1653306286767 0.14432187378406525 2
1653306293514 0.11498013883829117 3
1653306293532 0.11498013883829117 3
1653306300056 0.11188925057649612 4
1653306300074 0.11188925057649612 4
1653306307465 0.10127640515565872 5
1653306307486 0.10127640515565872 5
1653306313981 0.08696770668029785 6
1653306314004 0.08696770668029785 6
1653306321241 0.08820948004722595 7
1653306321259 0.08820948004722595 7
1653306328641 0.08663153648376465 8
1653306328661 0.08663153648376465 8
1653306335930 0.07194642722606659 9
1653306335949 0.07194642722606659 9
1653306343222 0.08835107088088989 10
1653306343242 0.08835107088088989 10
1653306350373 0.0798831358551979 11
1653306350393 0.0798831358551979 11
1653306358384 0.06609910726547241 12
1653306358403 0.06609910726547241 12
1653306365607 0.07609859108924866 13
1653306365625 0.07609859108924866 13
1653306371939 0.0737355574965477 14
1653306371961 0.0737355574965477 14
1653306378792 0.06313850730657578 15
1653306378810 0.06313850730657578 15
1653306385596 0.06514768302440643 16
1653306385613 0.06514768302440643 16
1653306391907 0.05948738753795624 17
1653306391925 0.05948738753795624 17
1653306398551 0.06337376683950424 18
1653306398568 0.06337376683950424 18
1653306405820 0.053899332880973816 19
1653306405839 0.053899332880973816 19
