1653306272866 0.8674654364585876 0
1653306272884 0.8674654364585876 0
1653306279599 0.8258416056632996 1
1653306279616 0.8258416056632996 1
1653306286747 0.7452515363693237 2
1653306286767 0.7452515363693237 2
1653306293514 0.7011972069740295 3
1653306293532 0.7011972069740295 3
1653306300056 0.6516448259353638 4
1653306300074 0.6516448259353638 4
1653306307465 0.6043092608451843 5
1653306307486 0.6043092608451843 5
1653306313981 0.6083840727806091 6
1653306314004 0.6083840727806091 6
1653306321241 0.584063708782196 7
1653306321259 0.584063708782196 7
1653306328641 0.5732582211494446 8
1653306328661 0.5732582211494446 8
1653306335930 0.5489501953125 9
1653306335949 0.5489501953125 9
1653306343222 0.5921765565872192 10
1653306343242 0.5921765565872192 10
1653306350373 0.5372186899185181 11
1653306350393 0.5372186899185181 11
1653306358384 0.5409570932388306 12
1653306358403 0.5409570932388306 12
1653306365607 0.5258471965789795 13
1653306365625 0.5258471965789795 13
1653306371939 0.5242984294891357 14
1653306371961 0.5242984294891357 14
1653306378792 0.5167993307113647 15
1653306378810 0.5167993307113647 15
1653306385596 0.4902077317237854 16
1653306385613 0.4902077317237854 16
1653306391907 0.5149836540222168 17
1653306391925 0.5149836540222168 17
1653306398551 0.47255319356918335 18
1653306398568 0.47255319356918335 18
1653306405820 0.4777480959892273 19
1653306405839 0.4777480959892273 19
