1653306272866 0.07400046288967133 0
1653306272884 0.07400046288967133 0
1653306279599 0.06995455175638199 1
1653306279616 0.06995455175638199 1
1653306286747 0.04399740695953369 2
1653306286767 0.04399740695953369 2
1653306293514 0.03993107005953789 3
1653306293532 0.03993107005953789 3
1653306300056 0.029542049393057823 4
1653306300074 0.029542049393057823 4
1653306307465 0.032217543572187424 5
1653306307486 0.032217543572187424 5
1653306313981 0.02993132919073105 6
1653306314004 0.02993132919073105 6
1653306321241 0.028379954397678375 7
1653306321259 0.028379954397678375 7
1653306328641 0.025287918746471405 8
1653306328661 0.025287918746471405 8
1653306335930 0.02521594613790512 9
1653306335949 0.02521594613790512 9
1653306343222 0.02730696089565754 10
1653306343242 0.02730696089565754 10
1653306350373 0.025330958887934685 11
1653306350393 0.025330958887934685 11
1653306358384 0.025062214583158493 12
1653306358403 0.025062214583158493 12
1653306365607 0.02180522494018078 13
1653306365625 0.02180522494018078 13
1653306371939 0.024692794308066368 14
1653306371961 0.024692794308066368 14
1653306378792 0.024188043549656868 15
1653306378810 0.024188043549656868 15
1653306385596 0.023943234235048294 16
1653306385613 0.023943234235048294 16
1653306391907 0.01969878003001213 17
1653306391925 0.01969878003001213 17
1653306398551 0.021293414756655693 18
1653306398568 0.021293414756655693 18
1653306405820 0.025236139073967934 19
1653306405839 0.025236139073967934 19
