1653306272866 0.48924520611763 0
1653306272884 0.48924520611763 0
1653306279599 0.42412349581718445 1
1653306279616 0.42412349581718445 1
1653306286747 0.3494529128074646 2
1653306286767 0.3494529128074646 2
1653306293514 0.28392529487609863 3
1653306293532 0.28392529487609863 3
1653306300056 0.2795794904232025 4
1653306300074 0.2795794904232025 4
1653306307465 0.25583258271217346 5
1653306307486 0.25583258271217346 5
1653306313981 0.24570083618164062 6
1653306314004 0.24570083618164062 6
1653306321241 0.2477796971797943 7
1653306321259 0.2477796971797943 7
1653306328641 0.22413088381290436 8
1653306328661 0.22413088381290436 8
1653306335930 0.23332463204860687 9
1653306335949 0.23332463204860687 9
1653306343222 0.23353299498558044 10
1653306343242 0.23353299498558044 10
1653306350373 0.21354542672634125 11
1653306350393 0.21354542672634125 11
1653306358384 0.2258916199207306 12
1653306358403 0.2258916199207306 12
1653306365607 0.22512637078762054 13
1653306365625 0.22512637078762054 13
1653306371939 0.21627990901470184 14
1653306371961 0.21627990901470184 14
1653306378792 0.21674804389476776 15
1653306378810 0.21674804389476776 15
1653306385596 0.19589519500732422 16
1653306385613 0.19589519500732422 16
1653306391907 0.20503009855747223 17
1653306391925 0.20503009855747223 17
1653306398551 0.20683297514915466 18
1653306398568 0.20683297514915466 18
1653306405820 0.19725526869297028 19
1653306405839 0.19725526869297028 19
