1653306272866 0.693720281124115 0
1653306272884 0.693720281124115 0
1653306279599 0.6927300691604614 1
1653306279616 0.6927300691604614 1
1653306286747 0.6910756230354309 2
1653306286767 0.6910756230354309 2
1653306293514 0.6872069239616394 3
1653306293532 0.6872069239616394 3
1653306300056 0.6763108372688293 4
1653306300074 0.6763108372688293 4
1653306307465 0.6735279560089111 5
1653306307486 0.6735279560089111 5
1653306313981 0.6669555306434631 6
1653306314004 0.6669555306434631 6
1653306321241 0.6634743809700012 7
1653306321259 0.6634743809700012 7
1653306328641 0.6592997312545776 8
1653306328661 0.6592997312545776 8
1653306335930 0.6577560305595398 9
1653306335949 0.6577560305595398 9
1653306343222 0.657404899597168 10
1653306343242 0.657404899597168 10
1653306350373 0.6543570756912231 11
1653306350393 0.6543570756912231 11
1653306358384 0.6527982950210571 12
1653306358403 0.6527982950210571 12
1653306365607 0.6492395997047424 13
1653306365625 0.6492395997047424 13
1653306371939 0.6518133282661438 14
1653306371961 0.6518133282661438 14
1653306378792 0.6493858098983765 15
1653306378810 0.6493858098983765 15
1653306385596 0.6500332355499268 16
1653306385613 0.6500332355499268 16
1653306391907 0.6475110650062561 17
1653306391925 0.6475110650062561 17
1653306398551 0.6485043168067932 18
1653306398568 0.6485043168067932 18
1653306405820 0.6487106084823608 19
1653306405839 0.6487106084823608 19
