1653301087713 0.5187938809394836 0
1653301087730 0.5187938809394836 0
1653301095020 0.5424244403839111 1
1653301095038 0.5424244403839111 1
1653301101959 0.5654030442237854 2
1653301101976 0.5654030442237854 2
1653301109592 0.5881920456886292 3
1653301109610 0.5881920456886292 3
1653301116919 0.6206479072570801 4
1653301116937 0.6206479072570801 4
1653301124228 0.6418433785438538 5
1653301124246 0.6418433785438538 5
1653301130709 0.6543222069740295 6
1653301130726 0.6543222069740295 6
1653301138035 0.6604880690574646 7
1653301138052 0.6604880690574646 7
1653301145061 0.6644168496131897 8
1653301145078 0.6644168496131897 8
1653301153115 0.6883296370506287 9
1653301153133 0.6883296370506287 9
1653301159833 0.6955249309539795 10
1653301159850 0.6955249309539795 10
1653301167234 0.690139651298523 11
1653301167251 0.690139651298523 11
1653301173791 0.7166240811347961 12
1653301173807 0.7166240811347961 12
1653301181323 0.7012739181518555 13
1653301181341 0.7012739181518555 13
1653301189275 0.7230361700057983 14
1653301189297 0.7230361700057983 14
1653301195625 0.7296220064163208 15
1653301195643 0.7296220064163208 15
1653301202638 0.7386017441749573 16
1653301202654 0.7386017441749573 16
1653301209738 0.7429584860801697 17
1653301209756 0.7429584860801697 17
1653301217013 0.7382593154907227 18
1653301217033 0.7382593154907227 18
1653301223700 0.756443440914154 19
1653301223716 0.756443440914154 19
