1653301087713 0.638521134853363 0
1653301087730 0.638521134853363 0
1653301095020 0.6313666701316833 1
1653301095038 0.6313666701316833 1
1653301101959 0.6329604983329773 2
1653301101976 0.6329604983329773 2
1653301109592 0.6223241090774536 3
1653301109610 0.6223241090774536 3
1653301116919 0.6185994148254395 4
1653301116937 0.6185994148254395 4
1653301124228 0.6027297377586365 5
1653301124246 0.6027297377586365 5
1653301130709 0.602962851524353 6
1653301130726 0.602962851524353 6
1653301138035 0.5970274806022644 7
1653301138052 0.5970274806022644 7
1653301145061 0.5970097184181213 8
1653301145078 0.5970097184181213 8
1653301153115 0.5843588709831238 9
1653301153133 0.5843588709831238 9
1653301159833 0.5828348994255066 10
1653301159850 0.5828348994255066 10
1653301167234 0.5793763995170593 11
1653301167251 0.5793763995170593 11
1653301173791 0.5680450797080994 12
1653301173807 0.5680450797080994 12
1653301181323 0.5776054263114929 13
1653301181341 0.5776054263114929 13
1653301189275 0.5634493827819824 14
1653301189297 0.5634493827819824 14
1653301195625 0.5594439506530762 15
1653301195643 0.5594439506530762 15
1653301202638 0.5474538803100586 16
1653301202654 0.5474538803100586 16
1653301209738 0.5471774339675903 17
1653301209756 0.5471774339675903 17
1653301217013 0.5545418858528137 18
1653301217033 0.5545418858528137 18
1653301223700 0.5253163576126099 19
1653301223716 0.5253163576126099 19
