1653301087713 0.41257399320602417 0
1653301087730 0.41257399320602417 0
1653301095020 0.3809947371482849 1
1653301095038 0.3809947371482849 1
1653301101959 0.33809736371040344 2
1653301101976 0.33809736371040344 2
1653301109592 0.3042047619819641 3
1653301109610 0.3042047619819641 3
1653301116919 0.2982885241508484 4
1653301116937 0.2982885241508484 4
1653301124228 0.2818390130996704 5
1653301124246 0.2818390130996704 5
1653301130709 0.27259549498558044 6
1653301130726 0.27259549498558044 6
1653301138035 0.2672109603881836 7
1653301138052 0.2672109603881836 7
1653301145061 0.2731008231639862 8
1653301145078 0.2731008231639862 8
1653301153115 0.2596726417541504 9
1653301153133 0.2596726417541504 9
1653301159833 0.25374531745910645 10
1653301159850 0.25374531745910645 10
1653301167234 0.26185858249664307 11
1653301167251 0.26185858249664307 11
1653301173791 0.2490338832139969 12
1653301173807 0.2490338832139969 12
1653301181323 0.2548399865627289 13
1653301181341 0.2548399865627289 13
1653301189275 0.24341440200805664 14
1653301189297 0.24341440200805664 14
1653301195625 0.24299830198287964 15
1653301195643 0.24299830198287964 15
1653301202638 0.23677805066108704 16
1653301202654 0.23677805066108704 16
1653301209738 0.238032728433609 17
1653301209756 0.238032728433609 17
1653301217013 0.23881883919239044 18
1653301217033 0.23881883919239044 18
1653301223700 0.2322397381067276 19
1653301223716 0.2322397381067276 19
