1653301087713 0.2595602869987488 0
1653301087730 0.2595602869987488 0
1653301095020 0.21936117112636566 1
1653301095038 0.21936117112636566 1
1653301101959 0.15282590687274933 2
1653301101976 0.15282590687274933 2
1653301109592 0.12121376395225525 3
1653301109610 0.12121376395225525 3
1653301116919 0.10440707206726074 4
1653301116937 0.10440707206726074 4
1653301124228 0.09871082752943039 5
1653301124246 0.09871082752943039 5
1653301130709 0.09206252545118332 6
1653301130726 0.09206252545118332 6
1653301138035 0.08382672816514969 7
1653301138052 0.08382672816514969 7
1653301145061 0.09193618595600128 8
1653301145078 0.09193618595600128 8
1653301153115 0.07551101595163345 9
1653301153133 0.07551101595163345 9
1653301159833 0.08309832960367203 10
1653301159850 0.08309832960367203 10
1653301167234 0.07486718147993088 11
1653301167251 0.07486718147993088 11
1653301173791 0.07250899076461792 12
1653301173807 0.07250899076461792 12
1653301181323 0.07850190252065659 13
1653301181341 0.07850190252065659 13
1653301189275 0.07246185094118118 14
1653301189297 0.07246185094118118 14
1653301195625 0.06040453538298607 15
1653301195643 0.06040453538298607 15
1653301202638 0.064016193151474 16
1653301202654 0.064016193151474 16
1653301209738 0.0672646015882492 17
1653301209756 0.0672646015882492 17
1653301217013 0.0682883933186531 18
1653301217033 0.0682883933186531 18
1653301223700 0.0613572895526886 19
1653301223716 0.0613572895526886 19
