1653301087713 0.8803845047950745 0
1653301087730 0.8803845047950745 0
1653301095020 0.8131049871444702 1
1653301095038 0.8131049871444702 1
1653301101959 0.7583633661270142 2
1653301101976 0.7583633661270142 2
1653301109592 0.6946777105331421 3
1653301109610 0.6946777105331421 3
1653301116919 0.6649163365364075 4
1653301116937 0.6649163365364075 4
1653301124228 0.6198819279670715 5
1653301124246 0.6198819279670715 5
1653301130709 0.6164246201515198 6
1653301130726 0.6164246201515198 6
1653301138035 0.5683209300041199 7
1653301138052 0.5683209300041199 7
1653301145061 0.5917379856109619 8
1653301145078 0.5917379856109619 8
1653301153115 0.566390872001648 9
1653301153133 0.566390872001648 9
1653301159833 0.5499982237815857 10
1653301159850 0.5499982237815857 10
1653301167234 0.5566938519477844 11
1653301167251 0.5566938519477844 11
1653301173791 0.5314269661903381 12
1653301173807 0.5314269661903381 12
1653301181323 0.5455175638198853 13
1653301181341 0.5455175638198853 13
1653301189275 0.5165032744407654 14
1653301189297 0.5165032744407654 14
1653301195625 0.5193239450454712 15
1653301195643 0.5193239450454712 15
1653301202638 0.4867940843105316 16
1653301202654 0.4867940843105316 16
1653301209738 0.5059985518455505 17
1653301209756 0.5059985518455505 17
1653301217013 0.48439672589302063 18
1653301217033 0.48439672589302063 18
1653301223700 0.5035301446914673 19
1653301223716 0.5035301446914673 19
