1653301087713 0.07566915452480316 0
1653301087730 0.07566915452480316 0
1653301095020 0.0624123252928257 1
1653301095038 0.0624123252928257 1
1653301101959 0.04621029272675514 2
1653301101976 0.04621029272675514 2
1653301109592 0.03773599490523338 3
1653301109610 0.03773599490523338 3
1653301116919 0.03396853059530258 4
1653301116937 0.03396853059530258 4
1653301124228 0.033136576414108276 5
1653301124246 0.033136576414108276 5
1653301130709 0.024635640904307365 6
1653301130726 0.024635640904307365 6
1653301138035 0.028296327218413353 7
1653301138052 0.028296327218413353 7
1653301145061 0.02868054434657097 8
1653301145078 0.02868054434657097 8
1653301153115 0.024538381025195122 9
1653301153133 0.024538381025195122 9
1653301159833 0.025177620351314545 10
1653301159850 0.025177620351314545 10
1653301167234 0.024347694590687752 11
1653301167251 0.024347694590687752 11
1653301173791 0.020910929888486862 12
1653301173807 0.020910929888486862 12
1653301181323 0.023520078510046005 13
1653301181341 0.023520078510046005 13
1653301189275 0.02253122068941593 14
1653301189297 0.02253122068941593 14
1653301195625 0.022654835134744644 15
1653301195643 0.022654835134744644 15
1653301202638 0.024407625198364258 16
1653301202654 0.024407625198364258 16
1653301209738 0.01635640859603882 17
1653301209756 0.01635640859603882 17
1653301217013 0.020879214629530907 18
1653301217033 0.020879214629530907 18
1653301223700 0.020661186426877975 19
1653301223716 0.020661186426877975 19
