1653301087713 0.4665817320346832 0
1653301087730 0.4665817320346832 0
1653301095020 0.41945546865463257 1
1653301095038 0.41945546865463257 1
1653301101959 0.33781492710113525 2
1653301101976 0.33781492710113525 2
1653301109592 0.26334303617477417 3
1653301109610 0.26334303617477417 3
1653301116919 0.2845277786254883 4
1653301116937 0.2845277786254883 4
1653301124228 0.2497311681509018 5
1653301124246 0.2497311681509018 5
1653301130709 0.2242390662431717 6
1653301130726 0.2242390662431717 6
1653301138035 0.23814140260219574 7
1653301138052 0.23814140260219574 7
1653301145061 0.24423246085643768 8
1653301145078 0.24423246085643768 8
1653301153115 0.22606748342514038 9
1653301153133 0.22606748342514038 9
1653301159833 0.19887177646160126 10
1653301159850 0.19887177646160126 10
1653301167234 0.24906986951828003 11
1653301167251 0.24906986951828003 11
1653301173791 0.21293340623378754 12
1653301173807 0.21293340623378754 12
1653301181323 0.21870747208595276 13
1653301181341 0.21870747208595276 13
1653301189275 0.19602933526039124 14
1653301189297 0.19602933526039124 14
1653301195625 0.20935742557048798 15
1653301195643 0.20935742557048798 15
1653301202638 0.19689998030662537 16
1653301202654 0.19689998030662537 16
1653301209738 0.19770804047584534 17
1653301209756 0.19770804047584534 17
1653301217013 0.20612022280693054 18
1653301217033 0.20612022280693054 18
1653301223700 0.18314844369888306 19
1653301223716 0.18314844369888306 19
