1653301087713 0.6936532258987427 0
1653301087730 0.6936532258987427 0
1653301095020 0.6926982998847961 1
1653301095038 0.6926982998847961 1
1653301101959 0.6909074187278748 2
1653301101976 0.6909074187278748 2
1653301109592 0.6873472929000854 3
1653301109610 0.6873472929000854 3
1653301116919 0.6767933368682861 4
1653301116937 0.6767933368682861 4
1653301124228 0.6700025796890259 5
1653301124246 0.6700025796890259 5
1653301130709 0.6689333915710449 6
1653301130726 0.6689333915710449 6
1653301138035 0.6661045551300049 7
1653301138052 0.6661045551300049 7
1653301145061 0.6622112393379211 8
1653301145078 0.6622112393379211 8
1653301153115 0.6573465466499329 9
1653301153133 0.6573465466499329 9
1653301159833 0.6553249359130859 10
1653301159850 0.6553249359130859 10
1653301167234 0.6528385877609253 11
1653301167251 0.6528385877609253 11
1653301173791 0.6539426445960999 12
1653301173807 0.6539426445960999 12
1653301181323 0.6525515913963318 13
1653301181341 0.6525515913963318 13
1653301189275 0.6509397625923157 14
1653301189297 0.6509397625923157 14
1653301195625 0.6481868028640747 15
1653301195643 0.6481868028640747 15
1653301202638 0.6519209742546082 16
1653301202654 0.6519209742546082 16
1653301209738 0.6503974795341492 17
1653301209756 0.6503974795341492 17
1653301217013 0.6492270827293396 18
1653301217033 0.6492270827293396 18
1653301223700 0.6480159759521484 19
1653301223716 0.6480159759521484 19
