1653306123212 0.6416321992874146 0
1653306123232 0.6416321992874146 0
1653306131185 0.6326131224632263 1
1653306131204 0.6326131224632263 1
1653306138455 0.6265720725059509 2
1653306138472 0.6265720725059509 2
1653306145744 0.6100418567657471 3
1653306145765 0.6100418567657471 3
1653306152504 0.5851663947105408 4
1653306152522 0.5851663947105408 4
1653306159124 0.5582943558692932 5
1653306159143 0.5582943558692932 5
1653306166135 0.5169031023979187 6
1653306166153 0.5169031023979187 6
1653306173046 0.515074610710144 7
1653306173063 0.515074610710144 7
1653306179561 0.5188693404197693 8
1653306179578 0.5188693404197693 8
1653306185952 0.48199066519737244 9
1653306185970 0.48199066519737244 9
1653306193355 0.504906177520752 10
1653306193373 0.504906177520752 10
1653306200682 0.47606033086776733 11
1653306200701 0.47606033086776733 11
1653306207918 0.4641202390193939 12
1653306207936 0.4641202390193939 12
1653306214287 0.4616694748401642 13
1653306214305 0.4616694748401642 13
1653306220864 0.4685937464237213 14
1653306220882 0.4685937464237213 14
1653306227247 0.4631331264972687 15
1653306227264 0.4631331264972687 15
1653306234758 0.4658512771129608 16
1653306234776 0.4658512771129608 16
1653306242054 0.45074641704559326 17
1653306242072 0.45074641704559326 17
1653306248878 0.44527867436408997 18
1653306248900 0.44527867436408997 18
1653306256462 0.4603981077671051 19
1653306256480 0.4603981077671051 19
