1653306123212 0.49933284521102905 0
1653306123232 0.49933284521102905 0
1653306131185 0.5392765402793884 1
1653306131204 0.5392765402793884 1
1653306138455 0.5983195900917053 2
1653306138472 0.5983195900917053 2
1653306145744 0.6426483988761902 3
1653306145765 0.6426483988761902 3
1653306152504 0.6945900321006775 4
1653306152522 0.6945900321006775 4
1653306159124 0.7273637056350708 5
1653306159143 0.7273637056350708 5
1653306166135 0.7820742130279541 6
1653306166153 0.7820742130279541 6
1653306173046 0.7793563008308411 7
1653306173063 0.7793563008308411 7
1653306179561 0.7704587578773499 8
1653306179578 0.7704587578773499 8
1653306185952 0.8028866052627563 9
1653306185970 0.8028866052627563 9
1653306193355 0.7853801846504211 10
1653306193373 0.7853801846504211 10
1653306200682 0.8121941685676575 11
1653306200701 0.8121941685676575 11
1653306207918 0.8156639933586121 12
1653306207936 0.8156639933586121 12
1653306214287 0.8225917816162109 13
1653306214305 0.8225917816162109 13
1653306220864 0.8149719834327698 14
1653306220882 0.8149719834327698 14
1653306227247 0.8188843727111816 15
1653306227264 0.8188843727111816 15
1653306234758 0.816594660282135 16
1653306234776 0.816594660282135 16
1653306242054 0.8313000798225403 17
1653306242072 0.8313000798225403 17
1653306248878 0.8331277966499329 18
1653306248900 0.8331277966499329 18
1653306256462 0.8180574774742126 19
1653306256480 0.8180574774742126 19
