1653306123212 0.41190797090530396 0
1653306123232 0.41190797090530396 0
1653306131185 0.3821939527988434 1
1653306131204 0.3821939527988434 1
1653306138455 0.33571457862854004 2
1653306138472 0.33571457862854004 2
1653306145744 0.30319660902023315 3
1653306145765 0.30319660902023315 3
1653306152504 0.2773226797580719 4
1653306152522 0.2773226797580719 4
1653306159124 0.25369980931282043 5
1653306159143 0.25369980931282043 5
1653306166135 0.23835963010787964 6
1653306166153 0.23835963010787964 6
1653306173046 0.23614516854286194 7
1653306173063 0.23614516854286194 7
1653306179561 0.23069331049919128 8
1653306179578 0.23069331049919128 8
1653306185952 0.21634727716445923 9
1653306185970 0.21634727716445923 9
1653306193355 0.2254052460193634 10
1653306193373 0.2254052460193634 10
1653306200682 0.21313047409057617 11
1653306200701 0.21313047409057617 11
1653306207918 0.20378360152244568 12
1653306207936 0.20378360152244568 12
1653306214287 0.2042357474565506 13
1653306214305 0.2042357474565506 13
1653306220864 0.2071933150291443 14
1653306220882 0.2071933150291443 14
1653306227247 0.20317178964614868 15
1653306227264 0.20317178964614868 15
1653306234758 0.20010824501514435 16
1653306234776 0.20010824501514435 16
1653306242054 0.19573605060577393 17
1653306242072 0.19573605060577393 17
1653306248878 0.19295734167099 18
1653306248900 0.19295734167099 18
1653306256462 0.19787032902240753 19
1653306256480 0.19787032902240753 19
