1653306123212 0.25824639201164246 0
1653306123232 0.25824639201164246 0
1653306131185 0.20947220921516418 1
1653306131204 0.20947220921516418 1
1653306138455 0.1518186628818512 2
1653306138472 0.1518186628818512 2
1653306145744 0.12499959021806717 3
1653306145765 0.12499959021806717 3
1653306152504 0.10524331778287888 4
1653306152522 0.10524331778287888 4
1653306159124 0.0841570571064949 5
1653306159143 0.0841570571064949 5
1653306166135 0.07436583191156387 6
1653306166153 0.07436583191156387 6
1653306173046 0.06026027724146843 7
1653306173063 0.06026027724146843 7
1653306179561 0.06923313438892365 8
1653306179578 0.06923313438892365 8
1653306185952 0.05188804492354393 9
1653306185970 0.05188804492354393 9
1653306193355 0.05385909229516983 10
1653306193373 0.05385909229516983 10
1653306200682 0.05671636015176773 11
1653306200701 0.05671636015176773 11
1653306207918 0.04366674646735191 12
1653306207936 0.04366674646735191 12
1653306214287 0.04729732125997543 13
1653306214305 0.04729732125997543 13
1653306220864 0.04859071597456932 14
1653306220882 0.04859071597456932 14
1653306227247 0.04350843280553818 15
1653306227264 0.04350843280553818 15
1653306234758 0.04339779168367386 16
1653306234776 0.04339779168367386 16
1653306242054 0.043805379420518875 17
1653306242072 0.043805379420518875 17
1653306248878 0.04379819706082344 18
1653306248900 0.04379819706082344 18
1653306256462 0.04131925478577614 19
1653306256480 0.04131925478577614 19
