1653306123212 0.8690693974494934 0
1653306123232 0.8690693974494934 0
1653306131185 0.8224203586578369 1
1653306131204 0.8224203586578369 1
1653306138455 0.7438672780990601 2
1653306138472 0.7438672780990601 2
1653306145744 0.6619952917098999 3
1653306145765 0.6619952917098999 3
1653306152504 0.5710715055465698 4
1653306152522 0.5710715055465698 4
1653306159124 0.5074481964111328 5
1653306159143 0.5074481964111328 5
1653306166135 0.4658108651638031 6
1653306166153 0.4658108651638031 6
1653306173046 0.44724106788635254 7
1653306173063 0.44724106788635254 7
1653306179561 0.45701953768730164 8
1653306179578 0.45701953768730164 8
1653306185952 0.410488098859787 9
1653306185970 0.410488098859787 9
1653306193355 0.4588875472545624 10
1653306193373 0.4588875472545624 10
1653306200682 0.4141300618648529 11
1653306200701 0.4141300618648529 11
1653306207918 0.4000747501850128 12
1653306207936 0.4000747501850128 12
1653306214287 0.39575818181037903 13
1653306214305 0.39575818181037903 13
1653306220864 0.41374099254608154 14
1653306220882 0.41374099254608154 14
1653306227247 0.4046614170074463 15
1653306227264 0.4046614170074463 15
1653306234758 0.39155498147010803 16
1653306234776 0.39155498147010803 16
1653306242054 0.39240995049476624 17
1653306242072 0.39240995049476624 17
1653306248878 0.38209784030914307 18
1653306248900 0.38209784030914307 18
1653306256462 0.3845411539077759 19
1653306256480 0.3845411539077759 19
