1653306123212 0.06491649895906448 0
1653306123232 0.06491649895906448 0
1653306131185 0.06427086144685745 1
1653306131204 0.06427086144685745 1
1653306138455 0.043030403554439545 2
1653306138472 0.043030403554439545 2
1653306145744 0.03824250400066376 3
1653306145765 0.03824250400066376 3
1653306152504 0.032394539564847946 4
1653306152522 0.032394539564847946 4
1653306159124 0.03036230430006981 5
1653306159143 0.03036230430006981 5
1653306166135 0.02484213002026081 6
1653306166153 0.02484213002026081 6
1653306173046 0.03050311468541622 7
1653306173063 0.03050311468541622 7
1653306179561 0.026772286742925644 8
1653306179578 0.026772286742925644 8
1653306185952 0.019633768126368523 9
1653306185970 0.019633768126368523 9
1653306193355 0.022967981174588203 10
1653306193373 0.022967981174588203 10
1653306200682 0.019333869218826294 11
1653306200701 0.019333869218826294 11
1653306207918 0.014774102717638016 12
1653306207936 0.014774102717638016 12
1653306214287 0.01554921455681324 13
1653306214305 0.01554921455681324 13
1653306220864 0.0194375179708004 14
1653306220882 0.0194375179708004 14
1653306227247 0.014786679297685623 15
1653306227264 0.014786679297685623 15
1653306234758 0.012481728568673134 16
1653306234776 0.012481728568673134 16
1653306242054 0.013670628890395164 17
1653306242072 0.013670628890395164 17
1653306248878 0.011882438324391842 18
1653306248900 0.011882438324391842 18
1653306256462 0.010577102191746235 19
1653306256480 0.010577102191746235 19
