1653306123212 0.4843984842300415 0
1653306123232 0.4843984842300415 0
1653306131185 0.4280981421470642 1
1653306131204 0.4280981421470642 1
1653306138455 0.34316471219062805 2
1653306138472 0.34316471219062805 2
1653306145744 0.279873251914978 3
1653306145765 0.279873251914978 3
1653306152504 0.25426021218299866 4
1653306152522 0.25426021218299866 4
1653306159124 0.22037307918071747 5
1653306159143 0.22037307918071747 5
1653306166135 0.21343523263931274 6
1653306166153 0.21343523263931274 6
1653306173046 0.22709213197231293 7
1653306173063 0.22709213197231293 7
1653306179561 0.18780426681041718 8
1653306179578 0.18780426681041718 8
1653306185952 0.19553561508655548 9
1653306185970 0.19553561508655548 9
1653306193355 0.19147711992263794 10
1653306193373 0.19147711992263794 10
1653306200682 0.17527057230472565 11
1653306200701 0.17527057230472565 11
1653306207918 0.16311627626419067 12
1653306207936 0.16311627626419067 12
1653306214287 0.16647395491600037 13
1653306214305 0.16647395491600037 13
1653306220864 0.15948766469955444 14
1653306220882 0.15948766469955444 14
1653306227247 0.16034118831157684 15
1653306227264 0.16034118831157684 15
1653306234758 0.15480951964855194 16
1653306234776 0.15480951964855194 16
1653306242054 0.1376531422138214 17
1653306242072 0.1376531422138214 17
1653306248878 0.13678446412086487 18
1653306248900 0.13678446412086487 18
1653306256462 0.15575174987316132 19
1653306256480 0.15575174987316132 19
