1653306123212 0.6934738159179688 0
1653306123232 0.6934738159179688 0
1653306131185 0.6926469802856445 1
1653306131204 0.6926469802856445 1
1653306138455 0.6918323040008545 2
1653306138472 0.6918323040008545 2
1653306145744 0.6889563202857971 3
1653306145765 0.6889563202857971 3
1653306152504 0.6837479472160339 4
1653306152522 0.6837479472160339 4
1653306159124 0.6770615577697754 5
1653306159143 0.6770615577697754 5
1653306166135 0.6669527292251587 6
1653306166153 0.6669527292251587 6
1653306173046 0.6623750329017639 7
1653306173063 0.6623750329017639 7
1653306179561 0.6572458148002625 8
1653306179578 0.6572458148002625 8
1653306185952 0.6521723866462708 9
1653306185970 0.6521723866462708 9
1653306193355 0.6529431343078613 10
1653306193373 0.6529431343078613 10
1653306200682 0.6502768993377686 11
1653306200701 0.6502768993377686 11
1653306207918 0.6524545550346375 12
1653306207936 0.6524545550346375 12
1653306214287 0.6476141810417175 13
1653306214305 0.6476141810417175 13
1653306220864 0.6482591032981873 14
1653306220882 0.6482591032981873 14
1653306227247 0.6467640399932861 15
1653306227264 0.6467640399932861 15
1653306234758 0.6477241516113281 16
1653306234776 0.6477241516113281 16
1653306242054 0.6471030712127686 17
1653306242072 0.6471030712127686 17
1653306248878 0.6439867615699768 18
1653306248900 0.6439867615699768 18
1653306256462 0.6473856568336487 19
1653306256480 0.6473856568336487 19
