1653291945975 0.5149825811386108 0
1653291945989 0.5149825811386108 0
1653291952348 0.5584768056869507 1
1653291952360 0.5584768056869507 1
1653291958691 0.5729140639305115 2
1653291958704 0.5729140639305115 2
1653291965557 0.6496439576148987 3
1653291965569 0.6496439576148987 3
1653291972159 0.6856487989425659 4
1653291972171 0.6856487989425659 4
1653291979576 0.7394288182258606 5
1653291979589 0.7394288182258606 5
1653291986167 0.7561966776847839 6
1653291986179 0.7561966776847839 6
1653291992294 0.7880112528800964 7
1653291992308 0.7880112528800964 7
1653291999183 0.793136477470398 8
1653291999195 0.793136477470398 8
1653292006615 0.7961870431900024 9
1653292006628 0.7961870431900024 9
1653292012767 0.8040618300437927 10
1653292012778 0.8040618300437927 10
1653292020022 0.8047400712966919 11
1653292020037 0.8047400712966919 11
1653292027119 0.809428334236145 12
1653292027133 0.809428334236145 12
1653292033617 0.8207558989524841 13
1653292033630 0.8207558989524841 13
1653292040596 0.8168975114822388 14
1653292040609 0.8168975114822388 14
1653292048091 0.8249626755714417 15
1653292048104 0.8249626755714417 15
1653292054414 0.8192043900489807 16
1653292054427 0.8192043900489807 16
1653292061014 0.8341077566146851 17
1653292061027 0.8341077566146851 17
1653292067110 0.8166574835777283 18
1653292067123 0.8166574835777283 18
1653292073547 0.8357721567153931 19
1653292073560 0.8357721567153931 19
