1653291945975 0.6404386162757874 0
1653291945989 0.6404386162757874 0
1653291952348 0.6305728554725647 1
1653291952360 0.6305728554725647 1
1653291958691 0.6272244453430176 2
1653291958704 0.6272244453430176 2
1653291965557 0.6145980358123779 3
1653291965569 0.6145980358123779 3
1653291972159 0.5922836065292358 4
1653291972171 0.5922836065292358 4
1653291979576 0.5524482727050781 5
1653291979589 0.5524482727050781 5
1653291986167 0.5391125082969666 6
1653291986179 0.5391125082969666 6
1653291992294 0.49735209345817566 7
1653291992308 0.49735209345817566 7
1653291999183 0.5018718242645264 8
1653291999195 0.5018718242645264 8
1653292006615 0.49122732877731323 9
1653292006628 0.49122732877731323 9
1653292012767 0.4818251132965088 10
1653292012778 0.4818251132965088 10
1653292020022 0.4776923656463623 11
1653292020037 0.4776923656463623 11
1653292027119 0.47200918197631836 12
1653292027133 0.47200918197631836 12
1653292033617 0.464921772480011 13
1653292033630 0.464921772480011 13
1653292040596 0.46379414200782776 14
1653292040609 0.46379414200782776 14
1653292048091 0.4542539417743683 15
1653292048104 0.4542539417743683 15
1653292054414 0.45982569456100464 16
1653292054427 0.45982569456100464 16
1653292061014 0.4526270925998688 17
1653292061027 0.4526270925998688 17
1653292067110 0.45909371972084045 18
1653292067123 0.45909371972084045 18
1653292073547 0.4390828013420105 19
1653292073560 0.4390828013420105 19
