1653291945975 0.25140181183815 0
1653291945989 0.25140181183815 0
1653291952348 0.24834594130516052 1
1653291952360 0.24834594130516052 1
1653291958691 0.24674376845359802 2
1653291958704 0.24674376845359802 2
1653291965557 0.24026484787464142 3
1653291965569 0.24026484787464142 3
1653291972159 0.22112004458904266 4
1653291972171 0.22112004458904266 4
1653291979576 0.20507259666919708 5
1653291979589 0.20507259666919708 5
1653291986167 0.19676998257637024 6
1653291986179 0.19676998257637024 6
1653291992294 0.18255740404129028 7
1653291992308 0.18255740404129028 7
1653291999183 0.17490895092487335 8
1653291999195 0.17490895092487335 8
1653292006615 0.177110493183136 9
1653292006628 0.177110493183136 9
1653292012767 0.16625002026557922 10
1653292012778 0.16625002026557922 10
1653292020022 0.16692495346069336 11
1653292020037 0.16692495346069336 11
1653292027119 0.16647781431674957 12
1653292027133 0.16647781431674957 12
1653292033617 0.1626991331577301 13
1653292033630 0.1626991331577301 13
1653292040596 0.15851140022277832 14
1653292040609 0.15851140022277832 14
1653292048091 0.15142181515693665 15
1653292048104 0.15142181515693665 15
1653292054414 0.15540823340415955 16
1653292054427 0.15540823340415955 16
1653292061014 0.1548873335123062 17
1653292061027 0.1548873335123062 17
1653292067110 0.15522250533103943 18
1653292067123 0.15522250533103943 18
1653292073547 0.14880886673927307 19
1653292073560 0.14880886673927307 19
