1653291945975 0.10122331976890564 0
1653291945989 0.10122331976890564 0
1653291952348 0.09481345862150192 1
1653291952360 0.09481345862150192 1
1653291958691 0.10185545682907104 2
1653291958704 0.10185545682907104 2
1653291965557 0.09018933027982712 3
1653291965569 0.09018933027982712 3
1653291972159 0.08493641763925552 4
1653291972171 0.08493641763925552 4
1653291979576 0.06808673590421677 5
1653291979589 0.06808673590421677 5
1653291986167 0.05833698436617851 6
1653291986179 0.05833698436617851 6
1653291992294 0.05506888031959534 7
1653291992308 0.05506888031959534 7
1653291999183 0.04864383861422539 8
1653291999195 0.04864383861422539 8
1653292006615 0.05054906755685806 9
1653292006628 0.05054906755685806 9
1653292012767 0.04474383220076561 10
1653292012778 0.04474383220076561 10
1653292020022 0.05036382004618645 11
1653292020037 0.05036382004618645 11
1653292027119 0.042417433112859726 12
1653292027133 0.042417433112859726 12
1653292033617 0.04318499192595482 13
1653292033630 0.04318499192595482 13
1653292040596 0.04071412235498428 14
1653292040609 0.04071412235498428 14
1653292048091 0.03816187381744385 15
1653292048104 0.03816187381744385 15
1653292054414 0.03731429576873779 16
1653292054427 0.03731429576873779 16
1653292061014 0.040077053010463715 17
1653292061027 0.040077053010463715 17
1653292067110 0.038775574415922165 18
1653292067123 0.038775574415922165 18
1653292073547 0.03838520124554634 19
1653292073560 0.03838520124554634 19
