1653291945975 0.6672189831733704 0
1653291945989 0.6672189831733704 0
1653291952348 0.6767502427101135 1
1653291952360 0.6767502427101135 1
1653291958691 0.6629436612129211 2
1653291958704 0.6629436612129211 2
1653291965557 0.6424000859260559 3
1653291965569 0.6424000859260559 3
1653291972159 0.5647868514060974 4
1653291972171 0.5647868514060974 4
1653291979576 0.4914737939834595 5
1653291979589 0.4914737939834595 5
1653291986167 0.49415940046310425 6
1653291986179 0.49415940046310425 6
1653291992294 0.4382287561893463 7
1653291992308 0.4382287561893463 7
1653291999183 0.4364154040813446 8
1653291999195 0.4364154040813446 8
1653292006615 0.41673338413238525 9
1653292006628 0.41673338413238525 9
1653292012767 0.4145617187023163 10
1653292012778 0.4145617187023163 10
1653292020022 0.4209132790565491 11
1653292020037 0.4209132790565491 11
1653292027119 0.4222208857536316 12
1653292027133 0.4222208857536316 12
1653292033617 0.39427265524864197 13
1653292033630 0.39427265524864197 13
1653292040596 0.3914954662322998 14
1653292040609 0.3914954662322998 14
1653292048091 0.3923667073249817 15
1653292048104 0.3923667073249817 15
1653292054414 0.39899513125419617 16
1653292054427 0.39899513125419617 16
1653292061014 0.3806421458721161 17
1653292061027 0.3806421458721161 17
1653292067110 0.39284148812294006 18
1653292067123 0.39284148812294006 18
1653292073547 0.38292694091796875 19
1653292073560 0.38292694091796875 19
