1653291945975 0.029618384316563606 0
1653291945989 0.029618384316563606 0
1653291952348 0.027840375900268555 1
1653291952360 0.027840375900268555 1
1653291958691 0.025938093662261963 2
1653291958704 0.025938093662261963 2
1653291965557 0.031613826751708984 3
1653291965569 0.031613826751708984 3
1653291972159 0.023429442197084427 4
1653291972171 0.023429442197084427 4
1653291979576 0.025984222069382668 5
1653291979589 0.025984222069382668 5
1653291986167 0.026280106976628304 6
1653291986179 0.026280106976628304 6
1653291992294 0.023960482329130173 7
1653291992308 0.023960482329130173 7
1653291999183 0.020883098244667053 8
1653291999195 0.020883098244667053 8
1653292006615 0.023378588259220123 9
1653292006628 0.023378588259220123 9
1653292012767 0.01765112578868866 10
1653292012778 0.01765112578868866 10
1653292020022 0.014427317306399345 11
1653292020037 0.014427317306399345 11
1653292027119 0.017312927171587944 12
1653292027133 0.017312927171587944 12
1653292033617 0.013443396426737309 13
1653292033630 0.013443396426737309 13
1653292040596 0.01767950877547264 14
1653292040609 0.01767950877547264 14
1653292048091 0.013363229110836983 15
1653292048104 0.013363229110836983 15
1653292054414 0.015311479568481445 16
1653292054427 0.015311479568481445 16
1653292061014 0.01340317539870739 17
1653292061027 0.01340317539870739 17
1653292067110 0.016283052042126656 18
1653292067123 0.016283052042126656 18
1653292073547 0.011265842244029045 19
1653292073560 0.011265842244029045 19
