1653291945975 0.2475588172674179 0
1653291945989 0.2475588172674179 0
1653291952348 0.24176381528377533 1
1653291952360 0.24176381528377533 1
1653291958691 0.23924975097179413 2
1653291958704 0.23924975097179413 2
1653291965557 0.2358081340789795 3
1653291965569 0.2358081340789795 3
1653291972159 0.22666572034358978 4
1653291972171 0.22666572034358978 4
1653291979576 0.2373642921447754 5
1653291979589 0.2373642921447754 5
1653291986167 0.21504966914653778 6
1653291986179 0.21504966914653778 6
1653291992294 0.21367721259593964 7
1653291992308 0.21367721259593964 7
1653291999183 0.18915297091007233 8
1653291999195 0.18915297091007233 8
1653292006615 0.21194924414157867 9
1653292006628 0.21194924414157867 9
1653292012767 0.18219895660877228 10
1653292012778 0.18219895660877228 10
1653292020022 0.1804877370595932 11
1653292020037 0.1804877370595932 11
1653292027119 0.1860247105360031 12
1653292027133 0.1860247105360031 12
1653292033617 0.19457508623600006 13
1653292033630 0.19457508623600006 13
1653292040596 0.1753428429365158 14
1653292040609 0.1753428429365158 14
1653292048091 0.1552969068288803 15
1653292048104 0.1552969068288803 15
1653292054414 0.16505487263202667 16
1653292054427 0.16505487263202667 16
1653292061014 0.17739924788475037 17
1653292061027 0.17739924788475037 17
1653292067110 0.16567741334438324 18
1653292067123 0.16567741334438324 18
1653292073547 0.15919458866119385 19
1653292073560 0.15919458866119385 19
