1653292749104 0.5105363726615906 0
1653292749122 0.5105363726615906 0
1653292756582 0.5563742518424988 1
1653292756599 0.5563742518424988 1
1653292764205 0.5565850734710693 2
1653292764221 0.5565850734710693 2
1653292771762 0.5880999565124512 3
1653292771778 0.5880999565124512 3
1653292779251 0.6208881139755249 4
1653292779266 0.6208881139755249 4
1653292786055 0.637505829334259 5
1653292786073 0.637505829334259 5
1653292793545 0.6633138060569763 6
1653292793561 0.6633138060569763 6
1653292800184 0.6671448945999146 7
1653292800199 0.6671448945999146 7
1653292807917 0.6867323517799377 8
1653292807933 0.6867323517799377 8
1653292815093 0.6955810189247131 9
1653292815107 0.6955810189247131 9
1653292822911 0.7025046348571777 10
1653292822927 0.7025046348571777 10
1653292829863 0.6690629124641418 11
1653292829878 0.6690629124641418 11
1653292837468 0.7353665232658386 12
1653292837484 0.7353665232658386 12
1653292844007 0.7078045606613159 13
1653292844022 0.7078045606613159 13
1653292850808 0.7121498584747314 14
1653292850823 0.7121498584747314 14
1653292858431 0.7421028017997742 15
1653292858445 0.7421028017997742 15
1653292865444 0.7343642711639404 16
1653292865460 0.7343642711639404 16
1653292873200 0.7400797009468079 17
1653292873215 0.7400797009468079 17
1653292880751 0.7500386834144592 18
1653292880767 0.7500386834144592 18
1653292887282 0.7476947903633118 19
1653292887297 0.7476947903633118 19
