1653292749104 0.6402818560600281 0
1653292749122 0.6402818560600281 0
1653292756582 0.6315633654594421 1
1653292756599 0.6315633654594421 1
1653292764205 0.6307504773139954 2
1653292764221 0.6307504773139954 2
1653292771762 0.6231664419174194 3
1653292771778 0.6231664419174194 3
1653292779251 0.6180298328399658 4
1653292779266 0.6180298328399658 4
1653292786055 0.6084010601043701 5
1653292786073 0.6084010601043701 5
1653292793545 0.5971407890319824 6
1653292793561 0.5971407890319824 6
1653292800184 0.6034432053565979 7
1653292800199 0.6034432053565979 7
1653292807917 0.5848914384841919 8
1653292807933 0.5848914384841919 8
1653292815093 0.5805909633636475 9
1653292815107 0.5805909633636475 9
1653292822911 0.575477123260498 10
1653292822927 0.575477123260498 10
1653292829863 0.5941404104232788 11
1653292829878 0.5941404104232788 11
1653292837468 0.5591259002685547 12
1653292837484 0.5591259002685547 12
1653292844007 0.5695846080780029 13
1653292844022 0.5695846080780029 13
1653292850808 0.5761588215827942 14
1653292850823 0.5761588215827942 14
1653292858431 0.5466954708099365 15
1653292858445 0.5466954708099365 15
1653292865444 0.551496148109436 16
1653292865460 0.551496148109436 16
1653292873200 0.5552690625190735 17
1653292873215 0.5552690625190735 17
1653292880751 0.5415147542953491 18
1653292880767 0.5415147542953491 18
1653292887282 0.5425854921340942 19
1653292887297 0.5425854921340942 19
