1653292749104 0.22696994245052338 0
1653292749122 0.22696994245052338 0
1653292756582 0.2220504730939865 1
1653292756599 0.2220504730939865 1
1653292764205 0.22734329104423523 2
1653292764221 0.22734329104423523 2
1653292771762 0.21919319033622742 3
1653292771778 0.21919319033622742 3
1653292779251 0.21831560134887695 4
1653292779266 0.21831560134887695 4
1653292786055 0.21399429440498352 5
1653292786073 0.21399429440498352 5
1653292793545 0.2026749700307846 6
1653292793561 0.2026749700307846 6
1653292800184 0.20408377051353455 7
1653292800199 0.20408377051353455 7
1653292807917 0.2039186805486679 8
1653292807933 0.2039186805486679 8
1653292815093 0.1929170936346054 9
1653292815107 0.1929170936346054 9
1653292822911 0.19613733887672424 10
1653292822927 0.19613733887672424 10
1653292829863 0.1999562382698059 11
1653292829878 0.1999562382698059 11
1653292837468 0.17919030785560608 12
1653292837484 0.17919030785560608 12
1653292844007 0.17902570962905884 13
1653292844022 0.17902570962905884 13
1653292850808 0.1766902059316635 14
1653292850823 0.1766902059316635 14
1653292858431 0.16594022512435913 15
1653292858445 0.16594022512435913 15
1653292865444 0.16756609082221985 16
1653292865460 0.16756609082221985 16
1653292873200 0.164415180683136 17
1653292873215 0.164415180683136 17
1653292880751 0.16314910352230072 18
1653292880767 0.16314910352230072 18
1653292887282 0.16001705825328827 19
1653292887297 0.16001705825328827 19
