1653292749104 0.09747724235057831 0
1653292749122 0.09747724235057831 0
1653292756582 0.09930115938186646 1
1653292756599 0.09930115938186646 1
1653292764205 0.10014276206493378 2
1653292764221 0.10014276206493378 2
1653292771762 0.09408234059810638 3
1653292771778 0.09408234059810638 3
1653292779251 0.09480537474155426 4
1653292779266 0.09480537474155426 4
1653292786055 0.09405440837144852 5
1653292786073 0.09405440837144852 5
1653292793545 0.08141989260911942 6
1653292793561 0.08141989260911942 6
1653292800184 0.08228999376296997 7
1653292800199 0.08228999376296997 7
1653292807917 0.08498463034629822 8
1653292807933 0.08498463034629822 8
1653292815093 0.08012980967760086 9
1653292815107 0.08012980967760086 9
1653292822911 0.07918711006641388 10
1653292822927 0.07918711006641388 10
1653292829863 0.08741588890552521 11
1653292829878 0.08741588890552521 11
1653292837468 0.07039123773574829 12
1653292837484 0.07039123773574829 12
1653292844007 0.07332135736942291 13
1653292844022 0.07332135736942291 13
1653292850808 0.06791689246892929 14
1653292850823 0.06791689246892929 14
1653292858431 0.06931883096694946 15
1653292858445 0.06931883096694946 15
1653292865444 0.07182975113391876 16
1653292865460 0.07182975113391876 16
1653292873200 0.05696406215429306 17
1653292873215 0.05696406215429306 17
1653292880751 0.0627666711807251 18
1653292880767 0.0627666711807251 18
1653292887282 0.058617088943719864 19
1653292887297 0.058617088943719864 19
