1653292749104 0.680384635925293 0
1653292749122 0.680384635925293 0
1653292756582 0.6557443141937256 1
1653292756599 0.6557443141937256 1
1653292764205 0.6786194443702698 2
1653292764221 0.6786194443702698 2
1653292771762 0.655623197555542 3
1653292771778 0.655623197555542 3
1653292779251 0.6255940794944763 4
1653292779266 0.6255940794944763 4
1653292786055 0.6127181053161621 5
1653292786073 0.6127181053161621 5
1653292793545 0.5811658501625061 6
1653292793561 0.5811658501625061 6
1653292800184 0.583102285861969 7
1653292800199 0.583102285861969 7
1653292807917 0.5577012300491333 8
1653292807933 0.5577012300491333 8
1653292815093 0.5580114722251892 9
1653292815107 0.5580114722251892 9
1653292822911 0.528220534324646 10
1653292822927 0.528220534324646 10
1653292829863 0.6229537725448608 11
1653292829878 0.6229537725448608 11
1653292837468 0.5254126191139221 12
1653292837484 0.5254126191139221 12
1653292844007 0.5391285419464111 13
1653292844022 0.5391285419464111 13
1653292850808 0.5172623991966248 14
1653292850823 0.5172623991966248 14
1653292858431 0.4922388792037964 15
1653292858445 0.4922388792037964 15
1653292865444 0.5119112730026245 16
1653292865460 0.5119112730026245 16
1653292873200 0.5109145045280457 17
1653292873215 0.5109145045280457 17
1653292880751 0.463354229927063 18
1653292880767 0.463354229927063 18
1653292887282 0.5059146285057068 19
1653292887297 0.5059146285057068 19
