1653292749104 0.02863343618810177 0
1653292749122 0.02863343618810177 0
1653292756582 0.02697793021798134 1
1653292756599 0.02697793021798134 1
1653292764205 0.03164170682430267 2
1653292764221 0.03164170682430267 2
1653292771762 0.025638757273554802 3
1653292771778 0.025638757273554802 3
1653292779251 0.02861196920275688 4
1653292779266 0.02861196920275688 4
1653292786055 0.029175709933042526 5
1653292786073 0.029175709933042526 5
1653292793545 0.02763206511735916 6
1653292793561 0.02763206511735916 6
1653292800184 0.023774323984980583 7
1653292800199 0.023774323984980583 7
1653292807917 0.0261400043964386 8
1653292807933 0.0261400043964386 8
1653292815093 0.0251175370067358 9
1653292815107 0.0251175370067358 9
1653292822911 0.02883700653910637 10
1653292822927 0.02883700653910637 10
1653292829863 0.021098565310239792 11
1653292829878 0.021098565310239792 11
1653292837468 0.026868756860494614 12
1653292837484 0.026868756860494614 12
1653292844007 0.02231304720044136 13
1653292844022 0.02231304720044136 13
1653292850808 0.024173501878976822 14
1653292850823 0.024173501878976822 14
1653292858431 0.021590735763311386 15
1653292858445 0.021590735763311386 15
1653292865444 0.018905436620116234 16
1653292865460 0.018905436620116234 16
1653292873200 0.023402854800224304 17
1653292873215 0.023402854800224304 17
1653292880751 0.01951800100505352 18
1653292880767 0.01951800100505352 18
1653292887282 0.02088981680572033 19
1653292887297 0.02088981680572033 19
