1653292749104 0.2424345463514328 0
1653292749122 0.2424345463514328 0
1653292756582 0.24296778440475464 1
1653292756599 0.24296778440475464 1
1653292764205 0.2470092475414276 2
1653292764221 0.2470092475414276 2
1653292771762 0.2375415563583374 3
1653292771778 0.2375415563583374 3
1653292779251 0.2448721081018448 4
1653292779266 0.2448721081018448 4
1653292786055 0.23005759716033936 5
1653292786073 0.23005759716033936 5
1653292793545 0.23306874930858612 6
1653292793561 0.23306874930858612 6
1653292800184 0.21701711416244507 7
1653292800199 0.21701711416244507 7
1653292807917 0.2558010220527649 8
1653292807933 0.2558010220527649 8
1653292815093 0.22332774102687836 9
1653292815107 0.22332774102687836 9
1653292822911 0.2274894267320633 10
1653292822927 0.2274894267320633 10
1653292829863 0.2100822478532791 11
1653292829878 0.2100822478532791 11
1653292837468 0.2159578651189804 12
1653292837484 0.2159578651189804 12
1653292844007 0.21980156004428864 13
1653292844022 0.21980156004428864 13
1653292850808 0.22917549312114716 14
1653292850823 0.22917549312114716 14
1653292858431 0.21674638986587524 15
1653292858445 0.21674638986587524 15
1653292865444 0.20481261610984802 16
1653292865460 0.20481261610984802 16
1653292873200 0.21074873208999634 17
1653292873215 0.21074873208999634 17
1653292880751 0.20538869500160217 18
1653292880767 0.20538869500160217 18
1653292887282 0.19923633337020874 19
1653292887297 0.19923633337020874 19
