1653292749104 0.13191287219524384 0
1653292749122 0.13191287219524384 0
1653292756582 0.1246895119547844 1
1653292756599 0.1246895119547844 1
1653292764205 0.12874330580234528 2
1653292764221 0.12874330580234528 2
1653292771762 0.12553179264068604 3
1653292771778 0.12553179264068604 3
1653292779251 0.13017797470092773 4
1653292779266 0.13017797470092773 4
1653292786055 0.13305507600307465 5
1653292786073 0.13305507600307465 5
1653292793545 0.1115700751543045 6
1653292793561 0.1115700751543045 6
1653292800184 0.13207867741584778 7
1653292800199 0.13207867741584778 7
1653292807917 0.11456017941236496 8
1653292807933 0.11456017941236496 8
1653292815093 0.09571632742881775 9
1653292815107 0.09571632742881775 9
1653292822911 0.12420135736465454 10
1653292822927 0.12420135736465454 10
1653292829863 0.09625762701034546 11
1653292829878 0.09625762701034546 11
1653292837468 0.06951904296875 12
1653292837484 0.06951904296875 12
1653292844007 0.055169977247714996 13
1653292844022 0.055169977247714996 13
1653292850808 0.048767995089292526 14
1653292850823 0.048767995089292526 14
1653292858431 0.0340416319668293 15
1653292858445 0.0340416319668293 15
1653292865444 0.03955522179603577 16
1653292865460 0.03955522179603577 16
1653292873200 0.028062565252184868 17
1653292873215 0.028062565252184868 17
1653292880751 0.057677511125802994 18
1653292880767 0.057677511125802994 18
1653292887282 0.02534715086221695 19
1653292887297 0.02534715086221695 19
