1653302835261 0.6405601501464844 0
1653302835279 0.6405601501464844 0
1653302841597 0.6319369673728943 1
1653302841614 0.6319369673728943 1
1653302847955 0.6258759498596191 2
1653302847972 0.6258759498596191 2
1653302855398 0.6073567867279053 3
1653302855417 0.6073567867279053 3
1653302862274 0.5895960330963135 4
1653302862291 0.5895960330963135 4
1653302868667 0.5517035722732544 5
1653302868684 0.5517035722732544 5
1653302875386 0.521774411201477 6
1653302875403 0.521774411201477 6
1653302881802 0.5289962291717529 7
1653302881819 0.5289962291717529 7
1653302888306 0.4990466833114624 8
1653302888324 0.4990466833114624 8
1653302894712 0.4948410987854004 9
1653302894729 0.4948410987854004 9
1653302902326 0.48958250880241394 10
1653302902345 0.48958250880241394 10
1653302909041 0.48276203870773315 11
1653302909058 0.48276203870773315 11
1653302916256 0.47112029790878296 12
1653302916273 0.47112029790878296 12
1653302923263 0.45274293422698975 13
1653302923279 0.45274293422698975 13
1653302929545 0.4720230996608734 14
1653302929562 0.4720230996608734 14
1653302936029 0.4614093005657196 15
1653302936045 0.4614093005657196 15
1653302943293 0.44584575295448303 16
1653302943311 0.44584575295448303 16
1653302949817 0.4660266637802124 17
1653302949835 0.4660266637802124 17
1653302957239 0.44843176007270813 18
1653302957257 0.44843176007270813 18
1653302963622 0.4459068775177002 19
1653302963639 0.4459068775177002 19
