1653302835261 0.5143791437149048 0
1653302835279 0.5143791437149048 0
1653302841597 0.5436278581619263 1
1653302841614 0.5436278581619263 1
1653302847955 0.5828379988670349 2
1653302847972 0.5828379988670349 2
1653302855398 0.6507920622825623 3
1653302855417 0.6507920622825623 3
1653302862274 0.684192419052124 4
1653302862291 0.684192419052124 4
1653302868667 0.7433602213859558 5
1653302868684 0.7433602213859558 5
1653302875386 0.7722744345664978 6
1653302875403 0.7722744345664978 6
1653302881802 0.7676026821136475 7
1653302881819 0.7676026821136475 7
1653302888306 0.7827557921409607 8
1653302888324 0.7827557921409607 8
1653302894712 0.7930856943130493 9
1653302894729 0.7930856943130493 9
1653302902326 0.796980619430542 10
1653302902345 0.796980619430542 10
1653302909041 0.7954423427581787 11
1653302909058 0.7954423427581787 11
1653302916256 0.8094310760498047 12
1653302916273 0.8094310760498047 12
1653302923263 0.8272880911827087 13
1653302923279 0.8272880911827087 13
1653302929545 0.8136255145072937 14
1653302929562 0.8136255145072937 14
1653302936029 0.8217290043830872 15
1653302936045 0.8217290043830872 15
1653302943293 0.8317299485206604 16
1653302943311 0.8317299485206604 16
1653302949817 0.814319908618927 17
1653302949835 0.814319908618927 17
1653302957239 0.8309487104415894 18
1653302957257 0.8309487104415894 18
1653302963622 0.8325818181037903 19
1653302963639 0.8325818181037903 19
