1653302835261 0.36037471890449524 0
1653302835279 0.36037471890449524 0
1653302841597 0.3307030498981476 1
1653302841614 0.3307030498981476 1
1653302847955 0.2692031264305115 2
1653302847972 0.2692031264305115 2
1653302855398 0.2387617528438568 3
1653302855417 0.2387617528438568 3
1653302862274 0.21398544311523438 4
1653302862291 0.21398544311523438 4
1653302868667 0.18371479213237762 5
1653302868684 0.18371479213237762 5
1653302875386 0.16216374933719635 6
1653302875403 0.16216374933719635 6
1653302881802 0.1611168086528778 7
1653302881819 0.1611168086528778 7
1653302888306 0.15000616014003754 8
1653302888324 0.15000616014003754 8
1653302894712 0.14450299739837646 9
1653302894729 0.14450299739837646 9
1653302902326 0.13947218656539917 10
1653302902345 0.13947218656539917 10
1653302909041 0.14224351942539215 11
1653302909058 0.14224351942539215 11
1653302916256 0.13470859825611115 12
1653302916273 0.13470859825611115 12
1653302923263 0.1273401826620102 13
1653302923279 0.1273401826620102 13
1653302929545 0.13341334462165833 14
1653302929562 0.13341334462165833 14
1653302936029 0.13102295994758606 15
1653302936045 0.13102295994758606 15
1653302943293 0.12300322204828262 16
1653302943311 0.12300322204828262 16
1653302949817 0.12957198917865753 17
1653302949835 0.12957198917865753 17
1653302957239 0.12436368316411972 18
1653302957257 0.12436368316411972 18
1653302963622 0.11928725242614746 19
1653302963639 0.11928725242614746 19
