1653302835261 0.24733500182628632 0
1653302835279 0.24733500182628632 0
1653302841597 0.2089260220527649 1
1653302841614 0.2089260220527649 1
1653302847955 0.14282356202602386 2
1653302847972 0.14282356202602386 2
1653302855398 0.12041843682527542 3
1653302855417 0.12041843682527542 3
1653302862274 0.10682497918605804 4
1653302862291 0.10682497918605804 4
1653302868667 0.08537393808364868 5
1653302868684 0.08537393808364868 5
1653302875386 0.06837642937898636 6
1653302875403 0.06837642937898636 6
1653302881802 0.06364788115024567 7
1653302881819 0.06364788115024567 7
1653302888306 0.05725453048944473 8
1653302888324 0.05725453048944473 8
1653302894712 0.057915281504392624 9
1653302894729 0.057915281504392624 9
1653302902326 0.0462028868496418 10
1653302902345 0.0462028868496418 10
1653302909041 0.05571280047297478 11
1653302909058 0.05571280047297478 11
1653302916256 0.051993705332279205 12
1653302916273 0.051993705332279205 12
1653302923263 0.040554534643888474 13
1653302923279 0.040554534643888474 13
1653302929545 0.04353126138448715 14
1653302929562 0.04353126138448715 14
1653302936029 0.0453721359372139 15
1653302936045 0.0453721359372139 15
1653302943293 0.042894963175058365 16
1653302943311 0.042894963175058365 16
1653302949817 0.041202619671821594 17
1653302949835 0.041202619671821594 17
1653302957239 0.04250461235642433 18
1653302957257 0.04250461235642433 18
1653302963622 0.04199768602848053 19
1653302963639 0.04199768602848053 19
