1653302835261 0.885320246219635 0
1653302835279 0.885320246219635 0
1653302841597 0.8055841326713562 1
1653302841614 0.8055841326713562 1
1653302847955 0.7455358505249023 2
1653302847972 0.7455358505249023 2
1653302855398 0.6688279509544373 3
1653302855417 0.6688279509544373 3
1653302862274 0.580703854560852 4
1653302862291 0.580703854560852 4
1653302868667 0.5150768756866455 5
1653302868684 0.5150768756866455 5
1653302875386 0.48292115330696106 6
1653302875403 0.48292115330696106 6
1653302881802 0.47621744871139526 7
1653302881819 0.47621744871139526 7
1653302888306 0.45376715064048767 8
1653302888324 0.45376715064048767 8
1653302894712 0.4227779507637024 9
1653302894729 0.4227779507637024 9
1653302902326 0.43654969334602356 10
1653302902345 0.43654969334602356 10
1653302909041 0.4277705252170563 11
1653302909058 0.4277705252170563 11
1653302916256 0.4077465236186981 12
1653302916273 0.4077465236186981 12
1653302923263 0.3903485834598541 13
1653302923279 0.3903485834598541 13
1653302929545 0.415173202753067 14
1653302929562 0.415173202753067 14
1653302936029 0.4118679463863373 15
1653302936045 0.4118679463863373 15
1653302943293 0.3723823130130768 16
1653302943311 0.3723823130130768 16
1653302949817 0.4148677885532379 17
1653302949835 0.4148677885532379 17
1653302957239 0.4014217257499695 18
1653302957257 0.4014217257499695 18
1653302963622 0.36614230275154114 19
1653302963639 0.36614230275154114 19
