1653302835261 0.05492780730128288 0
1653302835279 0.05492780730128288 0
1653302841597 0.06114313006401062 1
1653302841614 0.06114313006401062 1
1653302847955 0.041357558220624924 2
1653302847972 0.041357558220624924 2
1653302855398 0.036371443420648575 3
1653302855417 0.036371443420648575 3
1653302862274 0.03234439715743065 4
1653302862291 0.03234439715743065 4
1653302868667 0.029354099184274673 5
1653302868684 0.029354099184274673 5
1653302875386 0.025809137150645256 6
1653302875403 0.025809137150645256 6
1653302881802 0.019284041598439217 7
1653302881819 0.019284041598439217 7
1653302888306 0.02329007349908352 8
1653302888324 0.02329007349908352 8
1653302894712 0.018097614869475365 9
1653302894729 0.018097614869475365 9
1653302902326 0.01658182218670845 10
1653302902345 0.01658182218670845 10
1653302909041 0.0188143253326416 11
1653302909058 0.0188143253326416 11
1653302916256 0.015374262817203999 12
1653302916273 0.015374262817203999 12
1653302923263 0.012388419359922409 13
1653302923279 0.012388419359922409 13
1653302929545 0.016017626971006393 14
1653302929562 0.016017626971006393 14
1653302936029 0.010904811322689056 15
1653302936045 0.010904811322689056 15
1653302943293 0.012380571104586124 16
1653302943311 0.012380571104586124 16
1653302949817 0.01507011242210865 17
1653302949835 0.01507011242210865 17
1653302957239 0.010667049326002598 18
1653302957257 0.010667049326002598 18
1653302963622 0.01186115387827158 19
1653302963639 0.01186115387827158 19
