1653302835261 0.4990803897380829 0
1653302835279 0.4990803897380829 0
1653302841597 0.43777918815612793 1
1653302841614 0.43777918815612793 1
1653302847955 0.32727116346359253 2
1653302847972 0.32727116346359253 2
1653302855398 0.28503063321113586 3
1653302855417 0.28503063321113586 3
1653302862274 0.2750679552555084 4
1653302862291 0.2750679552555084 4
1653302868667 0.2303435057401657 5
1653302868684 0.2303435057401657 5
1653302875386 0.21106058359146118 6
1653302875403 0.21106058359146118 6
1653302881802 0.2267448902130127 7
1653302881819 0.2267448902130127 7
1653302888306 0.2002994865179062 8
1653302888324 0.2002994865179062 8
1653302894712 0.1983068436384201 9
1653302894729 0.1983068436384201 9
1653302902326 0.18183937668800354 10
1653302902345 0.18183937668800354 10
1653302909041 0.18881824612617493 11
1653302909058 0.18881824612617493 11
1653302916256 0.18355168402194977 12
1653302916273 0.18355168402194977 12
1653302923263 0.16806797683238983 13
1653302923279 0.16806797683238983 13
1653302929545 0.17573994398117065 14
1653302929562 0.17573994398117065 14
1653302936029 0.17168742418289185 15
1653302936045 0.17168742418289185 15
1653302943293 0.1625795066356659 16
1653302943311 0.1625795066356659 16
1653302949817 0.1624859720468521 17
1653302949835 0.1624859720468521 17
1653302957239 0.14618973433971405 18
1653302957257 0.14618973433971405 18
1653302963622 0.14964419603347778 19
1653302963639 0.14964419603347778 19
