1653302835261 0.2726873457431793 0
1653302835279 0.2726873457431793 0
1653302841597 0.26016366481781006 1
1653302841614 0.26016366481781006 1
1653302847955 0.176534041762352 2
1653302847972 0.176534041762352 2
1653302855398 0.14190101623535156 3
1653302855417 0.14190101623535156 3
1653302862274 0.10362400114536285 4
1653302862291 0.10362400114536285 4
1653302868667 0.07048240303993225 5
1653302868684 0.07048240303993225 5
1653302875386 0.032185859978199005 6
1653302875403 0.032185859978199005 6
1653302881802 0.02622133120894432 7
1653302881819 0.02622133120894432 7
1653302888306 0.0213431715965271 8
1653302888324 0.0213431715965271 8
1653302894712 0.020236195996403694 9
1653302894729 0.020236195996403694 9
1653302902326 0.017416298389434814 10
1653302902345 0.017416298389434814 10
1653302909041 0.020826783031225204 11
1653302909058 0.020826783031225204 11
1653302916256 0.011810761876404285 12
1653302916273 0.011810761876404285 12
1653302923263 0.021143833175301552 13
1653302923279 0.021143833175301552 13
1653302929545 0.015460900962352753 14
1653302929562 0.015460900962352753 14
1653302936029 0.017078982666134834 15
1653302936045 0.017078982666134834 15
1653302943293 0.01512226928025484 16
1653302943311 0.01512226928025484 16
1653302949817 0.0139284897595644 17
1653302949835 0.0139284897595644 17
1653302957239 0.02062900736927986 18
1653302957257 0.02062900736927986 18
1653302963622 0.01290715578943491 19
1653302963639 0.01290715578943491 19
