1653299770701 0.639750063419342 0
1653299770718 0.639750063419342 0
1653299777996 0.6294241547584534 1
1653299778015 0.6294241547584534 1
1653299784514 0.6312747597694397 2
1653299784531 0.6312747597694397 2
1653299791829 0.6230457425117493 3
1653299791848 0.6230457425117493 3
1653299798935 0.617183268070221 4
1653299798952 0.617183268070221 4
1653299806976 0.607211709022522 5
1653299806994 0.607211709022522 5
1653299814473 0.5968299508094788 6
1653299814490 0.5968299508094788 6
1653299821675 0.6100479960441589 7
1653299821692 0.6100479960441589 7
1653299828020 0.5876695513725281 8
1653299828037 0.5876695513725281 8
1653299834496 0.5848469138145447 9
1653299834513 0.5848469138145447 9
1653299841204 0.5734127163887024 10
1653299841222 0.5734127163887024 10
1653299848379 0.5791621804237366 11
1653299848396 0.5791621804237366 11
1653299855955 0.5892109870910645 12
1653299855973 0.5892109870910645 12
1653299862422 0.5529395937919617 13
1653299862438 0.5529395937919617 13
1653299869501 0.5700099468231201 14
1653299869517 0.5700099468231201 14
1653299876038 0.5535114407539368 15
1653299876054 0.5535114407539368 15
1653299882317 0.5484625697135925 16
1653299882334 0.5484625697135925 16
1653299888733 0.5490103363990784 17
1653299888752 0.5490103363990784 17
1653299895935 0.539066731929779 18
1653299895953 0.539066731929779 18
1653299903258 0.5436398386955261 19
1653299903275 0.5436398386955261 19
