1653299770701 0.5166956782341003 0
1653299770718 0.5166956782341003 0
1653299777996 0.5383385419845581 1
1653299778015 0.5383385419845581 1
1653299784514 0.558586835861206 2
1653299784531 0.558586835861206 2
1653299791829 0.5937062501907349 3
1653299791848 0.5937062501907349 3
1653299798935 0.6155325174331665 4
1653299798952 0.6155325174331665 4
1653299806976 0.6444200873374939 5
1653299806994 0.6444200873374939 5
1653299814473 0.6600512862205505 6
1653299814490 0.6600512862205505 6
1653299821675 0.6539821624755859 7
1653299821692 0.6539821624755859 7
1653299828020 0.6823939085006714 8
1653299828037 0.6823939085006714 8
1653299834496 0.6849445104598999 9
1653299834513 0.6849445104598999 9
1653299841204 0.6943293213844299 10
1653299841222 0.6943293213844299 10
1653299848379 0.7024343013763428 11
1653299848396 0.7024343013763428 11
1653299855955 0.6921679377555847 12
1653299855973 0.6921679377555847 12
1653299862422 0.7390061020851135 13
1653299862438 0.7390061020851135 13
1653299869501 0.7118197679519653 14
1653299869517 0.7118197679519653 14
1653299876038 0.7322960495948792 15
1653299876054 0.7322960495948792 15
1653299882317 0.7455047369003296 16
1653299882334 0.7455047369003296 16
1653299888733 0.7438951730728149 17
1653299888752 0.7438951730728149 17
1653299895935 0.7548254728317261 18
1653299895953 0.7548254728317261 18
1653299903258 0.7518596053123474 19
1653299903275 0.7518596053123474 19
