1653299770701 0.34103646874427795 0
1653299770718 0.34103646874427795 0
1653299777996 0.3198893368244171 1
1653299778015 0.3198893368244171 1
1653299784514 0.265191912651062 2
1653299784531 0.265191912651062 2
1653299791829 0.24191313982009888 3
1653299791848 0.24191313982009888 3
1653299798935 0.23303662240505219 4
1653299798952 0.23303662240505219 4
1653299806976 0.21465617418289185 5
1653299806994 0.21465617418289185 5
1653299814473 0.20781557261943817 6
1653299814490 0.20781557261943817 6
1653299821675 0.20817527174949646 7
1653299821692 0.20817527174949646 7
1653299828020 0.19835159182548523 8
1653299828037 0.19835159182548523 8
1653299834496 0.19845609366893768 9
1653299834513 0.19845609366893768 9
1653299841204 0.18887001276016235 10
1653299841222 0.18887001276016235 10
1653299848379 0.1938074678182602 11
1653299848396 0.1938074678182602 11
1653299855955 0.19251073896884918 12
1653299855973 0.19251073896884918 12
1653299862422 0.17737464606761932 13
1653299862438 0.17737464606761932 13
1653299869501 0.18507827818393707 14
1653299869517 0.18507827818393707 14
1653299876038 0.17999139428138733 15
1653299876054 0.17999139428138733 15
1653299882317 0.17087680101394653 16
1653299882334 0.17087680101394653 16
1653299888733 0.17732490599155426 17
1653299888752 0.17732490599155426 17
1653299895935 0.1671580821275711 18
1653299895953 0.1671580821275711 18
1653299903258 0.1712663620710373 19
1653299903275 0.1712663620710373 19
