1653299770701 0.20634686946868896 0
1653299770718 0.20634686946868896 0
1653299777996 0.2088572382926941 1
1653299778015 0.2088572382926941 1
1653299784514 0.14354903995990753 2
1653299784531 0.14354903995990753 2
1653299791829 0.13101880252361298 3
1653299791848 0.13101880252361298 3
1653299798935 0.10942932218313217 4
1653299798952 0.10942932218313217 4
1653299806976 0.10123379528522491 5
1653299806994 0.10123379528522491 5
1653299814473 0.08793662488460541 6
1653299814490 0.08793662488460541 6
1653299821675 0.098545141518116 7
1653299821692 0.098545141518116 7
1653299828020 0.07917837053537369 8
1653299828037 0.07917837053537369 8
1653299834496 0.0880943164229393 9
1653299834513 0.0880943164229393 9
1653299841204 0.07676360756158829 10
1653299841222 0.07676360756158829 10
1653299848379 0.07738374918699265 11
1653299848396 0.07738374918699265 11
1653299855955 0.07425710558891296 12
1653299855973 0.07425710558891296 12
1653299862422 0.0627681165933609 13
1653299862438 0.0627681165933609 13
1653299869501 0.07380712777376175 14
1653299869517 0.07380712777376175 14
1653299876038 0.06973842531442642 15
1653299876054 0.06973842531442642 15
1653299882317 0.05824916809797287 16
1653299882334 0.05824916809797287 16
1653299888733 0.0651376023888588 17
1653299888752 0.0651376023888588 17
1653299895935 0.05844160169363022 18
1653299895953 0.05844160169363022 18
1653299903258 0.05676952376961708 19
1653299903275 0.05676952376961708 19
