1653299770701 0.8850932717323303 0
1653299770718 0.8850932717323303 0
1653299777996 0.8172740936279297 1
1653299778015 0.8172740936279297 1
1653299784514 0.7525047659873962 2
1653299784531 0.7525047659873962 2
1653299791829 0.7141690850257874 3
1653299791848 0.7141690850257874 3
1653299798935 0.6614914536476135 4
1653299798952 0.6614914536476135 4
1653299806976 0.6413343548774719 5
1653299806994 0.6413343548774719 5
1653299814473 0.5930883288383484 6
1653299814490 0.5930883288383484 6
1653299821675 0.6093554496765137 7
1653299821692 0.6093554496765137 7
1653299828020 0.5567104816436768 8
1653299828037 0.5567104816436768 8
1653299834496 0.5827442407608032 9
1653299834513 0.5827442407608032 9
1653299841204 0.5375199913978577 10
1653299841222 0.5375199913978577 10
1653299848379 0.5466886162757874 11
1653299848396 0.5466886162757874 11
1653299855955 0.5568493008613586 12
1653299855973 0.5568493008613586 12
1653299862422 0.5006115436553955 13
1653299862438 0.5006115436553955 13
1653299869501 0.5454738736152649 14
1653299869517 0.5454738736152649 14
1653299876038 0.505972146987915 15
1653299876054 0.505972146987915 15
1653299882317 0.4962306320667267 16
1653299882334 0.4962306320667267 16
1653299888733 0.5065175294876099 17
1653299888752 0.5065175294876099 17
1653299895935 0.47598713636398315 18
1653299895953 0.47598713636398315 18
1653299903258 0.5067296624183655 19
1653299903275 0.5067296624183655 19
