1653299770701 0.07451334595680237 0
1653299770718 0.07451334595680237 0
1653299777996 0.07326214760541916 1
1653299778015 0.07326214760541916 1
1653299784514 0.045110467821359634 2
1653299784531 0.045110467821359634 2
1653299791829 0.030884260311722755 3
1653299791848 0.030884260311722755 3
1653299798935 0.036650191992521286 4
1653299798952 0.036650191992521286 4
1653299806976 0.032498497515916824 5
1653299806994 0.032498497515916824 5
1653299814473 0.02802872285246849 6
1653299814490 0.02802872285246849 6
1653299821675 0.029167238622903824 7
1653299821692 0.029167238622903824 7
1653299828020 0.023431800305843353 8
1653299828037 0.023431800305843353 8
1653299834496 0.02742299623787403 9
1653299834513 0.02742299623787403 9
1653299841204 0.028612254187464714 10
1653299841222 0.028612254187464714 10
1653299848379 0.028570769354701042 11
1653299848396 0.028570769354701042 11
1653299855955 0.02256442792713642 12
1653299855973 0.02256442792713642 12
1653299862422 0.02459362894296646 13
1653299862438 0.02459362894296646 13
1653299869501 0.02650364488363266 14
1653299869517 0.02650364488363266 14
1653299876038 0.026239654049277306 15
1653299876054 0.026239654049277306 15
1653299882317 0.014542847871780396 16
1653299882334 0.014542847871780396 16
1653299888733 0.030356137081980705 17
1653299888752 0.030356137081980705 17
1653299895935 0.02105315588414669 18
1653299895953 0.02105315588414669 18
1653299903258 0.022452102974057198 19
1653299903275 0.022452102974057198 19
