1653299770701 0.4788924753665924 0
1653299770718 0.4788924753665924 0
1653299777996 0.4127054214477539 1
1653299778015 0.4127054214477539 1
1653299784514 0.3230735659599304 2
1653299784531 0.3230735659599304 2
1653299791829 0.29187390208244324 3
1653299791848 0.29187390208244324 3
1653299798935 0.2807539701461792 4
1653299798952 0.2807539701461792 4
1653299806976 0.23122279345989227 5
1653299806994 0.23122279345989227 5
1653299814473 0.25853973627090454 6
1653299814490 0.25853973627090454 6
1653299821675 0.2412392944097519 7
1653299821692 0.2412392944097519 7
1653299828020 0.22868533432483673 8
1653299828037 0.22868533432483673 8
1653299834496 0.22041654586791992 9
1653299834513 0.22041654586791992 9
1653299841204 0.20973894000053406 10
1653299841222 0.20973894000053406 10
1653299848379 0.2377856969833374 11
1653299848396 0.2377856969833374 11
1653299855955 0.22679880261421204 12
1653299855973 0.22679880261421204 12
1653299862422 0.20508350431919098 13
1653299862438 0.20508350431919098 13
1653299869501 0.2011156529188156 14
1653299869517 0.2011156529188156 14
1653299876038 0.2080564945936203 15
1653299876054 0.2080564945936203 15
1653299882317 0.2131197452545166 16
1653299882334 0.2131197452545166 16
1653299888733 0.1914098858833313 17
1653299888752 0.1914098858833313 17
1653299895935 0.19623079895973206 18
1653299895953 0.19623079895973206 18
1653299903258 0.1982950121164322 19
1653299903275 0.1982950121164322 19
