1653299770701 0.2173141986131668 0
1653299770718 0.2173141986131668 0
1653299777996 0.21128176152706146 1
1653299778015 0.21128176152706146 1
1653299784514 0.1512075960636139 2
1653299784531 0.1512075960636139 2
1653299791829 0.11653295904397964 3
1653299791848 0.11653295904397964 3
1653299798935 0.1300765722990036 4
1653299798952 0.1300765722990036 4
1653299806976 0.11029090732336044 5
1653299806994 0.11029090732336044 5
1653299814473 0.10309117287397385 6
1653299814490 0.10309117287397385 6
1653299821675 0.09316723048686981 7
1653299821692 0.09316723048686981 7
1653299828020 0.12008701264858246 8
1653299828037 0.12008701264858246 8
1653299834496 0.1008724570274353 9
1653299834513 0.1008724570274353 9
1653299841204 0.10323274880647659 10
1653299841222 0.10323274880647659 10
1653299848379 0.0954723134636879 11
1653299848396 0.0954723134636879 11
1653299855955 0.0982547476887703 12
1653299855973 0.0982547476887703 12
1653299862422 0.09836581349372864 13
1653299862438 0.09836581349372864 13
1653299869501 0.0941314622759819 14
1653299869517 0.0941314622759819 14
1653299876038 0.09663189202547073 15
1653299876054 0.09663189202547073 15
1653299882317 0.07931270450353622 16
1653299882334 0.07931270450353622 16
1653299888733 0.0994597002863884 17
1653299888752 0.0994597002863884 17
1653299895935 0.08350854367017746 18
1653299895953 0.08350854367017746 18
1653299903258 0.08287501335144043 19
1653299903275 0.08287501335144043 19
