1653299978306 0.4984378218650818 0
1653299978324 0.4984378218650818 0
1653299986042 0.5484208464622498 1
1653299986060 0.5484208464622498 1
1653299992606 0.5983752012252808 2
1653299992623 0.5983752012252808 2
1653300000261 0.6792404651641846 3
1653300000279 0.6792404651641846 3
1653300007607 0.7249162197113037 4
1653300007625 0.7249162197113037 4
1653300015306 0.7269454598426819 5
1653300015323 0.7269454598426819 5
1653300022481 0.7610604166984558 6
1653300022498 0.7610604166984558 6
1653300029714 0.7982184290885925 7
1653300029732 0.7982184290885925 7
1653300036138 0.7833396196365356 8
1653300036154 0.7833396196365356 8
1653300042617 0.79612797498703 9
1653300042634 0.79612797498703 9
1653300049060 0.7990724444389343 10
1653300049077 0.7990724444389343 10
