1653299978306 0.6418381929397583 0
1653299978324 0.6418381929397583 0
1653299986042 0.6329675912857056 1
1653299986060 0.6329675912857056 1
1653299992606 0.6234937310218811 2
1653299992623 0.6234937310218811 2
1653300000261 0.6025432348251343 3
1653300000279 0.6025432348251343 3
1653300007607 0.5681474208831787 4
1653300007625 0.5681474208831787 4
1653300015306 0.5649915933609009 5
1653300015323 0.5649915933609009 5
1653300022481 0.5304560661315918 6
1653300022498 0.5304560661315918 6
1653300029714 0.4950757324695587 7
1653300029732 0.4950757324695587 7
1653300036138 0.5133079290390015 8
1653300036154 0.5133079290390015 8
1653300042617 0.49338090419769287 9
1653300042634 0.49338090419769287 9
1653300049060 0.48742106556892395 10
1653300049077 0.48742106556892395 10
