1653299978306 0.3474515378475189 0
1653299978324 0.3474515378475189 0
1653299986042 0.321274071931839 1
1653299986060 0.321274071931839 1
1653299992606 0.2617552876472473 2
1653299992623 0.2617552876472473 2
1653300000261 0.23131953179836273 3
1653300000279 0.23131953179836273 3
1653300007607 0.2046944797039032 4
1653300007625 0.2046944797039032 4
1653300015306 0.198016956448555 5
1653300015323 0.198016956448555 5
1653300022481 0.18269655108451843 6
1653300022498 0.18269655108451843 6
1653300029714 0.16670212149620056 7
1653300029732 0.16670212149620056 7
1653300036138 0.16349655389785767 8
1653300036154 0.16349655389785767 8
1653300042617 0.15823696553707123 9
1653300042634 0.15823696553707123 9
1653300049060 0.15234170854091644 10
1653300049077 0.15234170854091644 10
