1653299978306 0.22353889048099518 0
1653299978324 0.22353889048099518 0
1653299986042 0.20525944232940674 1
1653299986060 0.20525944232940674 1
1653299992606 0.1435811072587967 2
1653299992623 0.1435811072587967 2
1653300000261 0.1244315430521965 3
1653300000279 0.1244315430521965 3
1653300007607 0.10823201388120651 4
1653300007625 0.10823201388120651 4
1653300015306 0.09840618073940277 5
1653300015323 0.09840618073940277 5
1653300022481 0.07016613334417343 6
1653300022498 0.07016613334417343 6
1653300029714 0.06381981074810028 7
1653300029732 0.06381981074810028 7
1653300036138 0.05778706818819046 8
1653300036154 0.05778706818819046 8
1653300042617 0.05482208728790283 9
1653300042634 0.05482208728790283 9
1653300049060 0.04695536196231842 10
1653300049077 0.04695536196231842 10
