1653299978306 0.870333731174469 0
1653299978324 0.870333731174469 0
1653299986042 0.8274825215339661 1
1653299986060 0.8274825215339661 1
1653299992606 0.7167555689811707 2
1653299992623 0.7167555689811707 2
1653300000261 0.6371045112609863 3
1653300000279 0.6371045112609863 3
1653300007607 0.5681131482124329 4
1653300007625 0.5681131482124329 4
1653300015306 0.5366763472557068 5
1653300015323 0.5366763472557068 5
1653300022481 0.47530654072761536 6
1653300022498 0.47530654072761536 6
1653300029714 0.4321981370449066 7
1653300029732 0.4321981370449066 7
1653300036138 0.4411821961402893 8
1653300036154 0.4411821961402893 8
1653300042617 0.4338061511516571 9
1653300042634 0.4338061511516571 9
1653300049060 0.4157499670982361 10
1653300049077 0.4157499670982361 10
