1653299978306 0.06688937544822693 0
1653299978324 0.06688937544822693 0
1653299986042 0.062297992408275604 1
1653299986060 0.062297992408275604 1
1653299992606 0.04843101650476456 2
1653299992623 0.04843101650476456 2
1653300000261 0.034694306552410126 3
1653300000279 0.034694306552410126 3
1653300007607 0.03241122141480446 4
1653300007625 0.03241122141480446 4
1653300015306 0.02720768377184868 5
1653300015323 0.02720768377184868 5
1653300022481 0.030686140060424805 6
1653300022498 0.030686140060424805 6
1653300029714 0.02587878331542015 7
1653300029732 0.02587878331542015 7
1653300036138 0.024407319724559784 8
1653300036154 0.024407319724559784 8
1653300042617 0.020115472376346588 9
1653300042634 0.020115472376346588 9
1653300049060 0.019500216469168663 10
1653300049077 0.019500216469168663 10
