1653299978306 0.47030746936798096 0
1653299978324 0.47030746936798096 0
1653299986042 0.4338214099407196 1
1653299986060 0.4338214099407196 1
1653299992606 0.32269155979156494 2
1653299992623 0.32269155979156494 2
1653300000261 0.2828220725059509 3
1653300000279 0.2828220725059509 3
1653300007607 0.2263958752155304 4
1653300007625 0.2263958752155304 4
1653300015306 0.23896735906600952 5
1653300015323 0.23896735906600952 5
1653300022481 0.2306460589170456 6
1653300022498 0.2306460589170456 6
1653300029714 0.20666812360286713 7
1653300029732 0.20666812360286713 7
1653300036138 0.19838637113571167 8
1653300036154 0.19838637113571167 8
1653300042617 0.18549224734306335 9
1653300042634 0.18549224734306335 9
1653300049060 0.18702392280101776 10
1653300049077 0.18702392280101776 10
