1653299978306 0.2544219195842743 0
1653299978324 0.2544219195842743 0
1653299986042 0.2082871049642563 1
1653299986060 0.2082871049642563 1
1653299992606 0.15440413355827332 2
1653299992623 0.15440413355827332 2
1653300000261 0.12661728262901306 3
1653300000279 0.12661728262901306 3
1653300007607 0.11577794700860977 4
1653300007625 0.11577794700860977 4
1653300015306 0.10682199895381927 5
1653300015323 0.10682199895381927 5
1653300022481 0.11209095269441605 6
1653300022498 0.11209095269441605 6
1653300029714 0.10433560609817505 7
1653300029732 0.10433560609817505 7
1653300036138 0.09086095541715622 8
1653300036154 0.09086095541715622 8
1653300042617 0.09589893370866776 9
1653300042634 0.09589893370866776 9
1653300049060 0.08687537163496017 10
1653300049077 0.08687537163496017 10
