1653306421481 0.6394992470741272 0
1653306421499 0.6394992470741272 0
1653306428590 0.6341071724891663 1
1653306428607 0.6341071724891663 1
1653306435145 0.6206310987472534 2
1653306435164 0.6206310987472534 2
1653306442546 0.6147522330284119 3
1653306442565 0.6147522330284119 3
1653306449044 0.585200846195221 4
1653306449062 0.585200846195221 4
1653306455653 0.5539445877075195 5
1653306455671 0.5539445877075195 5
1653306463291 0.5395560264587402 6
1653306463311 0.5395560264587402 6
1653306471937 0.5058472156524658 7
1653306471958 0.5058472156524658 7
1653306479304 0.5236238241195679 8
1653306479323 0.5236238241195679 8
1653306486702 0.49349522590637207 9
1653306486721 0.49349522590637207 9
1653306494420 0.49705180525779724 10
1653306494439 0.49705180525779724 10
1653306500894 0.48994359374046326 11
1653306500912 0.48994359374046326 11
1653306508242 0.4663369357585907 12
1653306508261 0.4663369357585907 12
1653306515921 0.47773507237434387 13
1653306515941 0.47773507237434387 13
1653306523241 0.47237837314605713 14
1653306523260 0.47237837314605713 14
1653306529867 0.4820460379123688 15
1653306529886 0.4820460379123688 15
1653306537457 0.4823484420776367 16
1653306537476 0.4823484420776367 16
1653306545110 0.460155189037323 17
1653306545129 0.460155189037323 17
1653306551588 0.44842082262039185 18
1653306551608 0.44842082262039185 18
1653306558933 0.457068532705307 19
1653306558953 0.457068532705307 19
