1653306421481 0.5175709128379822 0
1653306421499 0.5175709128379822 0
1653306428590 0.5416016578674316 1
1653306428607 0.5416016578674316 1
1653306435145 0.5916761159896851 2
1653306435164 0.5916761159896851 2
1653306442546 0.6413107514381409 3
1653306442565 0.6413107514381409 3
1653306449044 0.7031646370887756 4
1653306449062 0.7031646370887756 4
1653306455653 0.7414427399635315 5
1653306455671 0.7414427399635315 5
1653306463291 0.7535859942436218 6
1653306463311 0.7535859942436218 6
1653306471937 0.7886146903038025 7
1653306471958 0.7886146903038025 7
1653306479304 0.7726544737815857 8
1653306479323 0.7726544737815857 8
1653306486702 0.795358419418335 9
1653306486721 0.795358419418335 9
1653306494420 0.7953377366065979 10
1653306494439 0.7953377366065979 10
1653306500894 0.7906380891799927 11
1653306500912 0.7906380891799927 11
1653306508242 0.8192831873893738 12
1653306508261 0.8192831873893738 12
1653306515921 0.8080511689186096 13
1653306515941 0.8080511689186096 13
1653306523241 0.8080437183380127 14
1653306523260 0.8080437183380127 14
1653306529867 0.8082913756370544 15
1653306529886 0.8082913756370544 15
1653306537457 0.8028201460838318 16
1653306537476 0.8028201460838318 16
1653306545110 0.8200070261955261 17
1653306545129 0.8200070261955261 17
1653306551588 0.8269104957580566 18
1653306551608 0.8269104957580566 18
1653306558933 0.8278906941413879 19
1653306558953 0.8278906941413879 19
