1653306421481 0.44847214221954346 0
1653306421499 0.44847214221954346 0
1653306428590 0.4152596890926361 1
1653306428607 0.4152596890926361 1
1653306435145 0.37934842705726624 2
1653306435164 0.37934842705726624 2
1653306442546 0.3413420617580414 3
1653306442565 0.3413420617580414 3
1653306449044 0.3062521517276764 4
1653306449062 0.3062521517276764 4
1653306455653 0.3170014023780823 5
1653306455671 0.3170014023780823 5
1653306463291 0.27137038111686707 6
1653306463311 0.27137038111686707 6
1653306471937 0.24676582217216492 7
1653306471958 0.24676582217216492 7
1653306479304 0.2534513473510742 8
1653306479323 0.2534513473510742 8
1653306486702 0.2178015112876892 9
1653306486721 0.2178015112876892 9
1653306494420 0.23255197703838348 10
1653306494439 0.23255197703838348 10
1653306500894 0.21166320145130157 11
1653306500912 0.21166320145130157 11
1653306508242 0.20164746046066284 12
1653306508261 0.20164746046066284 12
1653306515921 0.21082733571529388 13
1653306515941 0.21082733571529388 13
1653306523241 0.19421255588531494 14
1653306523260 0.19421255588531494 14
1653306529867 0.18875914812088013 15
1653306529886 0.18875914812088013 15
1653306537457 0.19739943742752075 16
1653306537476 0.19739943742752075 16
1653306545110 0.18315142393112183 17
1653306545129 0.18315142393112183 17
1653306551588 0.1690846085548401 18
1653306551608 0.1690846085548401 18
1653306558933 0.16251112520694733 19
1653306558953 0.16251112520694733 19
