1653306421481 1.1825768947601318 0
1653306421499 1.1825768947601318 0
1653306428590 1.0904889106750488 1
1653306428607 1.0904889106750488 1
1653306435145 1.1484718322753906 2
1653306435164 1.1484718322753906 2
1653306442546 1.1099138259887695 3
1653306442565 1.1099138259887695 3
1653306449044 0.9420032501220703 4
1653306449062 0.9420032501220703 4
1653306455653 1.2995502948760986 5
1653306455671 1.2995502948760986 5
1653306463291 0.9243482351303101 6
1653306463311 0.9243482351303101 6
1653306471937 0.8446182012557983 7
1653306471958 0.8446182012557983 7
1653306479304 0.8771530985832214 8
1653306479323 0.8771530985832214 8
1653306486702 0.6078718304634094 9
1653306486721 0.6078718304634094 9
1653306494420 0.7353495359420776 10
1653306494439 0.7353495359420776 10
1653306500894 0.5961439609527588 11
1653306500912 0.5961439609527588 11
1653306508242 0.5450644493103027 12
1653306508261 0.5450644493103027 12
1653306515921 0.6466456651687622 13
1653306515941 0.6466456651687622 13
1653306523241 0.4817526340484619 14
1653306523260 0.4817526340484619 14
1653306529867 0.38297751545906067 15
1653306529886 0.38297751545906067 15
1653306537457 0.4975624084472656 16
1653306537476 0.4975624084472656 16
1653306545110 0.4243108034133911 17
1653306545129 0.4243108034133911 17
1653306551588 0.3115885555744171 18
1653306551608 0.3115885555744171 18
1653306558933 0.284288614988327 19
1653306558953 0.284288614988327 19
