1653306421481 0.2222660630941391 0
1653306421499 0.2222660630941391 0
1653306428590 0.19823145866394043 1
1653306428607 0.19823145866394043 1
1653306435145 0.15590082108974457 2
1653306435164 0.15590082108974457 2
1653306442546 0.11643559485673904 3
1653306442565 0.11643559485673904 3
1653306449044 0.10806546360254288 4
1653306449062 0.10806546360254288 4
1653306455653 0.07924346625804901 5
1653306455671 0.07924346625804901 5
1653306463291 0.06746125966310501 6
1653306463311 0.06746125966310501 6
1653306471937 0.057426515966653824 7
1653306471958 0.057426515966653824 7
1653306479304 0.058035437017679214 8
1653306479323 0.058035437017679214 8
1653306486702 0.055794939398765564 9
1653306486721 0.055794939398765564 9
1653306494420 0.05723388120532036 10
1653306494439 0.05723388120532036 10
1653306500894 0.04882162809371948 11
1653306500912 0.04882162809371948 11
1653306508242 0.051610756665468216 12
1653306508261 0.051610756665468216 12
1653306515921 0.04805389791727066 13
1653306515941 0.04805389791727066 13
1653306523241 0.04555412754416466 14
1653306523260 0.04555412754416466 14
1653306529867 0.05516925826668739 15
1653306529886 0.05516925826668739 15
1653306537457 0.05008070543408394 16
1653306537476 0.05008070543408394 16
1653306545110 0.04877861589193344 17
1653306545129 0.04877861589193344 17
1653306551588 0.042581357061862946 18
1653306551608 0.042581357061862946 18
1653306558933 0.04211012274026871 19
1653306558953 0.04211012274026871 19
