1653306421481 0.893872857093811 0
1653306421499 0.893872857093811 0
1653306428590 0.8108449578285217 1
1653306428607 0.8108449578285217 1
1653306435145 0.7468981742858887 2
1653306435164 0.7468981742858887 2
1653306442546 0.6675247550010681 3
1653306442565 0.6675247550010681 3
1653306449044 0.5632168650627136 4
1653306449062 0.5632168650627136 4
1653306455653 0.5200784206390381 5
1653306455671 0.5200784206390381 5
1653306463291 0.4922995865345001 6
1653306463311 0.4922995865345001 6
1653306471937 0.451651394367218 7
1653306471958 0.451651394367218 7
1653306479304 0.46230849623680115 8
1653306479323 0.46230849623680115 8
1653306486702 0.4291342794895172 9
1653306486721 0.4291342794895172 9
1653306494420 0.43305695056915283 10
1653306494439 0.43305695056915283 10
1653306500894 0.42352741956710815 11
1653306500912 0.42352741956710815 11
1653306508242 0.39847469329833984 12
1653306508261 0.39847469329833984 12
1653306515921 0.41479727625846863 13
1653306515941 0.41479727625846863 13
1653306523241 0.42520424723625183 14
1653306523260 0.42520424723625183 14
1653306529867 0.40985098481178284 15
1653306529886 0.40985098481178284 15
1653306537457 0.41523903608322144 16
1653306537476 0.41523903608322144 16
1653306545110 0.3854309022426605 17
1653306545129 0.3854309022426605 17
1653306551588 0.3994317948818207 18
1653306551608 0.3994317948818207 18
1653306558933 0.37790238857269287 19
1653306558953 0.37790238857269287 19
