1653306421481 0.06690268963575363 0
1653306421499 0.06690268963575363 0
1653306428590 0.06502755731344223 1
1653306428607 0.06502755731344223 1
1653306435145 0.04393245652318001 2
1653306435164 0.04393245652318001 2
1653306442546 0.03426078334450722 3
1653306442565 0.03426078334450722 3
1653306449044 0.035057857632637024 4
1653306449062 0.035057857632637024 4
1653306455653 0.03006664663553238 5
1653306455671 0.03006664663553238 5
1653306463291 0.02922060713171959 6
1653306463311 0.02922060713171959 6
1653306471937 0.02638312429189682 7
1653306471958 0.02638312429189682 7
1653306479304 0.027515834197402 8
1653306479323 0.027515834197402 8
1653306486702 0.02522929757833481 9
1653306486721 0.02522929757833481 9
1653306494420 0.02504640445113182 10
1653306494439 0.02504640445113182 10
1653306500894 0.022481761872768402 11
1653306500912 0.022481761872768402 11
1653306508242 0.020835934206843376 12
1653306508261 0.020835934206843376 12
1653306515921 0.018750624731183052 13
1653306515941 0.018750624731183052 13
1653306523241 0.02092115953564644 14
1653306523260 0.02092115953564644 14
1653306529867 0.018902964890003204 15
1653306529886 0.018902964890003204 15
1653306537457 0.016011374071240425 16
1653306537476 0.016011374071240425 16
1653306545110 0.018825462087988853 17
1653306545129 0.018825462087988853 17
1653306551588 0.014365404844284058 18
1653306551608 0.014365404844284058 18
1653306558933 0.01397114247083664 19
1653306558953 0.01397114247083664 19
