1653306421481 0.4606632888317108 0
1653306421499 0.4606632888317108 0
1653306428590 0.42488712072372437 1
1653306428607 0.42488712072372437 1
1653306435145 0.3409695625305176 2
1653306435164 0.3409695625305176 2
1653306442546 0.2812874913215637 3
1653306442565 0.2812874913215637 3
1653306449044 0.27591386437416077 4
1653306449062 0.27591386437416077 4
1653306455653 0.24357299506664276 5
1653306455671 0.24357299506664276 5
1653306463291 0.2319350689649582 6
1653306463311 0.2319350689649582 6
1653306471937 0.20393124222755432 7
1653306471958 0.20393124222755432 7
1653306479304 0.2045496255159378 8
1653306479323 0.2045496255159378 8
1653306486702 0.19451558589935303 9
1653306486721 0.19451558589935303 9
1653306494420 0.20256687700748444 10
1653306494439 0.20256687700748444 10
1653306500894 0.18616729974746704 11
1653306500912 0.18616729974746704 11
1653306508242 0.18649598956108093 12
1653306508261 0.18649598956108093 12
1653306515921 0.17507420480251312 13
1653306515941 0.17507420480251312 13
1653306523241 0.16555209457874298 14
1653306523260 0.16555209457874298 14
1653306529867 0.1818186193704605 15
1653306529886 0.1818186193704605 15
1653306537457 0.1768210232257843 16
1653306537476 0.1768210232257843 16
1653306545110 0.16799870133399963 17
1653306545129 0.16799870133399963 17
1653306551588 0.15987366437911987 18
1653306551608 0.15987366437911987 18
1653306558933 0.15083199739456177 19
1653306558953 0.15083199739456177 19
