1653311684927 0.5062247514724731 0
1653311684945 0.5062247514724731 0
1653311694707 0.5665992498397827 1
1653311694724 0.5665992498397827 1
1653311705741 0.6234542727470398 2
1653311705757 0.6234542727470398 2
1653311717824 0.7040032744407654 3
1653311717842 0.7040032744407654 3
1653311727109 0.7378758192062378 4
1653311727127 0.7378758192062378 4
1653311737321 0.7168641686439514 5
1653311737339 0.7168641686439514 5
1653311747039 0.766118049621582 6
1653311747058 0.766118049621582 6
1653311757440 0.7594500184059143 7
1653311757460 0.7594500184059143 7
1653311766435 0.7705547213554382 8
1653311766452 0.7705547213554382 8
1653311776638 0.7660195827484131 9
1653311776656 0.7660195827484131 9
1653311785438 0.78167724609375 10
1653311785456 0.78167724609375 10
1653311795273 0.7716859579086304 11
1653311795290 0.7716859579086304 11
1653311803330 0.7993528842926025 12
1653311803347 0.7993528842926025 12
1653311812388 0.7907029986381531 13
1653311812406 0.7907029986381531 13
1653311821315 0.8003304600715637 14
1653311821332 0.8003304600715637 14
1653311830289 0.8075140714645386 15
1653311830307 0.8075140714645386 15
1653311838943 0.8148479461669922 16
1653311838959 0.8148479461669922 16
1653311847765 0.8158106207847595 17
1653311847785 0.8158106207847595 17
1653311856529 0.8087401390075684 18
1653311856548 0.8087401390075684 18
1653311866017 0.8267908096313477 19
1653311866035 0.8267908096313477 19
