1653311684927 0.6628068089485168 0
1653311684945 0.6628068089485168 0
1653311694707 0.6316097974777222 1
1653311694724 0.6316097974777222 1
1653311705741 0.6129350066184998 2
1653311705757 0.6129350066184998 2
1653311717824 0.5712411999702454 3
1653311717842 0.5712411999702454 3
1653311727109 0.5518531203269958 4
1653311727127 0.5518531203269958 4
1653311737321 0.5581948757171631 5
1653311737339 0.5581948757171631 5
1653311747039 0.518986701965332 6
1653311747058 0.518986701965332 6
1653311757440 0.5252996683120728 7
1653311757460 0.5252996683120728 7
1653311766435 0.5190128087997437 8
1653311766452 0.5190128087997437 8
1653311776638 0.515800416469574 9
1653311776656 0.515800416469574 9
1653311785438 0.510870099067688 10
1653311785456 0.510870099067688 10
1653311795273 0.5089244842529297 11
1653311795290 0.5089244842529297 11
1653311803330 0.4845554232597351 12
1653311803347 0.4845554232597351 12
1653311812388 0.4926046133041382 13
1653311812406 0.4926046133041382 13
1653311821315 0.48237335681915283 14
1653311821332 0.48237335681915283 14
1653311830289 0.47645869851112366 15
1653311830307 0.47645869851112366 15
1653311838943 0.4750124216079712 16
1653311838959 0.4750124216079712 16
1653311847765 0.4693641662597656 17
1653311847785 0.4693641662597656 17
1653311856529 0.4754056930541992 18
1653311856548 0.4754056930541992 18
1653311866017 0.45514851808547974 19
1653311866035 0.45514851808547974 19
