1653311684927 0.354744017124176 0
1653311684945 0.354744017124176 0
1653311694707 0.2538814842700958 1
1653311694724 0.2538814842700958 1
1653311705741 0.2343723326921463 2
1653311705757 0.2343723326921463 2
1653311717824 0.21641550958156586 3
1653311717842 0.21641550958156586 3
1653311727109 0.20326152443885803 4
1653311727127 0.20326152443885803 4
1653311737321 0.20603103935718536 5
1653311737339 0.20603103935718536 5
1653311747039 0.1871512532234192 6
1653311747058 0.1871512532234192 6
1653311757440 0.18518096208572388 7
1653311757460 0.18518096208572388 7
1653311766435 0.18162640929222107 8
1653311766452 0.18162640929222107 8
1653311776638 0.17890247702598572 9
1653311776656 0.17890247702598572 9
1653311785438 0.1711631715297699 10
1653311785456 0.1711631715297699 10
1653311795273 0.1743653267621994 11
1653311795290 0.1743653267621994 11
1653311803330 0.1656721979379654 12
1653311803347 0.1656721979379654 12
1653311812388 0.16355925798416138 13
1653311812406 0.16355925798416138 13
1653311821315 0.1637939214706421 14
1653311821332 0.1637939214706421 14
1653311830289 0.15393489599227905 15
1653311830307 0.15393489599227905 15
1653311838943 0.16176052391529083 16
1653311838959 0.16176052391529083 16
1653311847765 0.15014562010765076 17
1653311847785 0.15014562010765076 17
1653311856529 0.15840695798397064 18
1653311856548 0.15840695798397064 18
1653311866017 0.14833258092403412 19
1653311866035 0.14833258092403412 19
