1653311684927 0.16066351532936096 0
1653311684945 0.16066351532936096 0
1653311694707 0.09488203376531601 1
1653311694724 0.09488203376531601 1
1653311705741 0.08598911762237549 2
1653311705757 0.08598911762237549 2
1653311717824 0.07209351658821106 3
1653311717842 0.07209351658821106 3
1653311727109 0.07265254855155945 4
1653311727127 0.07265254855155945 4
1653311737321 0.07119470834732056 5
1653311737339 0.07119470834732056 5
1653311747039 0.05898177996277809 6
1653311747058 0.05898177996277809 6
1653311757440 0.059184085577726364 7
1653311757460 0.059184085577726364 7
1653311766435 0.05115045979619026 8
1653311766452 0.05115045979619026 8
1653311776638 0.05394362285733223 9
1653311776656 0.05394362285733223 9
1653311785438 0.04494819790124893 10
1653311785456 0.04494819790124893 10
1653311795273 0.05504186078906059 11
1653311795290 0.05504186078906059 11
1653311803330 0.04822029918432236 12
1653311803347 0.04822029918432236 12
1653311812388 0.04403500258922577 13
1653311812406 0.04403500258922577 13
1653311821315 0.04888126254081726 14
1653311821332 0.04888126254081726 14
1653311830289 0.04272299259901047 15
1653311830307 0.04272299259901047 15
1653311838943 0.04328995570540428 16
1653311838959 0.04328995570540428 16
1653311847765 0.03588466718792915 17
1653311847785 0.03588466718792915 17
1653311856529 0.04435582831501961 18
1653311856548 0.04435582831501961 18
1653311866017 0.03852447122335434 19
1653311866035 0.03852447122335434 19
