1653311684927 1.0450201034545898 0
1653311684945 1.0450201034545898 0
1653311694707 0.6683621406555176 1
1653311694724 0.6683621406555176 1
1653311705741 0.6120058298110962 2
1653311705757 0.6120058298110962 2
1653311717824 0.5517146587371826 3
1653311717842 0.5517146587371826 3
1653311727109 0.5137396454811096 4
1653311727127 0.5137396454811096 4
1653311737321 0.5167369842529297 5
1653311737339 0.5167369842529297 5
1653311747039 0.4640805423259735 6
1653311747058 0.4640805423259735 6
1653311757440 0.477777361869812 7
1653311757460 0.477777361869812 7
1653311766435 0.4625875949859619 8
1653311766452 0.4625875949859619 8
1653311776638 0.4767338037490845 9
1653311776656 0.4767338037490845 9
1653311785438 0.4477235972881317 10
1653311785456 0.4477235972881317 10
1653311795273 0.4391128420829773 11
1653311795290 0.4391128420829773 11
1653311803330 0.45069727301597595 12
1653311803347 0.45069727301597595 12
1653311812388 0.4245989918708801 13
1653311812406 0.4245989918708801 13
1653311821315 0.433611661195755 14
1653311821332 0.433611661195755 14
1653311830289 0.40151867270469666 15
1653311830307 0.40151867270469666 15
1653311838943 0.42830824851989746 16
1653311838959 0.42830824851989746 16
1653311847765 0.390881210565567 17
1653311847785 0.390881210565567 17
1653311856529 0.4239474833011627 18
1653311856548 0.4239474833011627 18
1653311866017 0.39139899611473083 19
1653311866035 0.39139899611473083 19
