1653311684927 0.04019185155630112 0
1653311684945 0.04019185155630112 0
1653311694707 0.03163465857505798 1
1653311694724 0.03163465857505798 1
1653311705741 0.030502932146191597 2
1653311705757 0.030502932146191597 2
1653311717824 0.025517955422401428 3
1653311717842 0.025517955422401428 3
1653311727109 0.025845324620604515 4
1653311727127 0.025845324620604515 4
1653311737321 0.017380258068442345 5
1653311737339 0.017380258068442345 5
1653311747039 0.023002315312623978 6
1653311747058 0.023002315312623978 6
1653311757440 0.015373360365629196 7
1653311757460 0.015373360365629196 7
1653311766435 0.015016593970358372 8
1653311766452 0.015016593970358372 8
1653311776638 0.013324391096830368 9
1653311776656 0.013324391096830368 9
1653311785438 0.013171383179724216 10
1653311785456 0.013171383179724216 10
1653311795273 0.00749871414154768 11
1653311795290 0.00749871414154768 11
1653311803330 0.0068321553990244865 12
1653311803347 0.0068321553990244865 12
1653311812388 0.00823939498513937 13
1653311812406 0.00823939498513937 13
1653311821315 0.008959117345511913 14
1653311821332 0.008959117345511913 14
1653311830289 0.006364998407661915 15
1653311830307 0.006364998407661915 15
1653311838943 0.006961170118302107 16
1653311838959 0.006961170118302107 16
1653311847765 0.005202390719205141 17
1653311847785 0.005202390719205141 17
1653311856529 0.008134841918945312 18
1653311856548 0.008134841918945312 18
1653311866017 0.006343068089336157 19
1653311866035 0.006343068089336157 19
