1653311684927 0.37661126255989075 0
1653311684945 0.37661126255989075 0
1653311694707 0.2673094570636749 1
1653311694724 0.2673094570636749 1
1653311705741 0.23609298467636108 2
1653311705757 0.23609298467636108 2
1653311717824 0.2363261729478836 3
1653311717842 0.2363261729478836 3
1653311727109 0.20939287543296814 4
1653311727127 0.20939287543296814 4
1653311737321 0.2294626086950302 5
1653311737339 0.2294626086950302 5
1653311747039 0.20387056469917297 6
1653311747058 0.20387056469917297 6
1653311757440 0.19215178489685059 7
1653311757460 0.19215178489685059 7
1653311766435 0.19885535538196564 8
1653311766452 0.19885535538196564 8
1653311776638 0.17738571763038635 9
1653311776656 0.17738571763038635 9
1653311785438 0.17430420219898224 10
1653311785456 0.17430420219898224 10
1653311795273 0.19083701074123383 11
1653311795290 0.19083701074123383 11
1653311803330 0.16386577486991882 12
1653311803347 0.16386577486991882 12
1653311812388 0.1707918345928192 13
1653311812406 0.1707918345928192 13
1653311821315 0.16415195167064667 14
1653311821332 0.16415195167064667 14
1653311830289 0.15360233187675476 15
1653311830307 0.15360233187675476 15
1653311838943 0.17097684741020203 16
1653311838959 0.17097684741020203 16
1653311847765 0.15620802342891693 17
1653311847785 0.15620802342891693 17
1653311856529 0.1555800884962082 18
1653311856548 0.1555800884962082 18
1653311866017 0.1497858613729477 19
1653311866035 0.1497858613729477 19
