1653299466977 0.6397490501403809 0
1653299466993 0.6397490501403809 0
1653299474832 0.6300750970840454 1
1653299474850 0.6300750970840454 1
1653299482107 0.627074658870697 2
1653299482124 0.627074658870697 2
1653299489421 0.6274497509002686 3
1653299489442 0.6274497509002686 3
1653299496778 0.6124404072761536 4
1653299496795 0.6124404072761536 4
1653299503528 0.607580840587616 5
1653299503544 0.607580840587616 5
1653299510818 0.5971230268478394 6
1653299510835 0.5971230268478394 6
1653299518257 0.6003316640853882 7
1653299518275 0.6003316640853882 7
1653299525481 0.5919745564460754 8
1653299525498 0.5919745564460754 8
1653299532001 0.5855352878570557 9
1653299532020 0.5855352878570557 9
1653299539386 0.5792713165283203 10
1653299539404 0.5792713165283203 10
1653299547169 0.576069176197052 11
1653299547186 0.576069176197052 11
1653299553495 0.5806156396865845 12
1653299553514 0.5806156396865845 12
1653299560137 0.5829615592956543 13
1653299560154 0.5829615592956543 13
1653299566711 0.5523459315299988 14
1653299566729 0.5523459315299988 14
1653299573925 0.5401148200035095 15
1653299573941 0.5401148200035095 15
1653299581180 0.5711649656295776 16
1653299581198 0.5711649656295776 16
1653299588572 0.5474278926849365 17
1653299588589 0.5474278926849365 17
1653299595970 0.5417876839637756 18
1653299595988 0.5417876839637756 18
1653299602908 0.5387222766876221 19
1653299602924 0.5387222766876221 19
