1653299466977 0.5098276734352112 0
1653299466993 0.5098276734352112 0
1653299474832 0.5656291246414185 1
1653299474850 0.5656291246414185 1
1653299482107 0.5717754364013672 2
1653299482124 0.5717754364013672 2
1653299489421 0.5940563678741455 3
1653299489442 0.5940563678741455 3
1653299496778 0.6240895390510559 4
1653299496795 0.6240895390510559 4
1653299503528 0.6387290358543396 5
1653299503544 0.6387290358543396 5
1653299510818 0.6722190976142883 6
1653299510835 0.6722190976142883 6
1653299518257 0.6607518792152405 7
1653299518275 0.6607518792152405 7
1653299525481 0.6728613972663879 8
1653299525498 0.6728613972663879 8
1653299532001 0.690207302570343 9
1653299532020 0.690207302570343 9
1653299539386 0.6919336915016174 10
1653299539404 0.6919336915016174 10
1653299547169 0.6998164057731628 11
1653299547186 0.6998164057731628 11
1653299553495 0.7028412818908691 12
1653299553514 0.7028412818908691 12
1653299560137 0.6940878629684448 13
1653299560154 0.6940878629684448 13
1653299566711 0.7405929565429688 14
1653299566729 0.7405929565429688 14
1653299573925 0.7563503384590149 15
1653299573941 0.7563503384590149 15
1653299581180 0.7121958136558533 16
1653299581198 0.7121958136558533 16
1653299588572 0.7408769130706787 17
1653299588589 0.7408769130706787 17
1653299595970 0.7503523826599121 18
1653299595988 0.7503523826599121 18
1653299602908 0.7519801259040833 19
1653299602924 0.7519801259040833 19
