1653299466977 0.36053165793418884 0
1653299466993 0.36053165793418884 0
1653299474832 0.3361819088459015 1
1653299474850 0.3361819088459015 1
1653299482107 0.27238211035728455 2
1653299482124 0.27238211035728455 2
1653299489421 0.25109314918518066 3
1653299489442 0.25109314918518066 3
1653299496778 0.22767886519432068 4
1653299496795 0.22767886519432068 4
1653299503528 0.2242765873670578 5
1653299503544 0.2242765873670578 5
1653299510818 0.21767188608646393 6
1653299510835 0.21767188608646393 6
1653299518257 0.20428644120693207 7
1653299518275 0.20428644120693207 7
1653299525481 0.20378521084785461 8
1653299525498 0.20378521084785461 8
1653299532001 0.20032653212547302 9
1653299532020 0.20032653212547302 9
1653299539386 0.1857590675354004 10
1653299539404 0.1857590675354004 10
1653299547169 0.1915028840303421 11
1653299547186 0.1915028840303421 11
1653299553495 0.17881639301776886 12
1653299553514 0.17881639301776886 12
1653299560137 0.18109992146492004 13
1653299560154 0.18109992146492004 13
1653299566711 0.1716921031475067 14
1653299566729 0.1716921031475067 14
1653299573925 0.15919849276542664 15
1653299573941 0.15919849276542664 15
1653299581180 0.17578227818012238 16
1653299581198 0.17578227818012238 16
1653299588572 0.16178499162197113 17
1653299588589 0.16178499162197113 17
1653299595970 0.15750785171985626 18
1653299595988 0.15750785171985626 18
1653299602908 0.16076776385307312 19
1653299602924 0.16076776385307312 19
