1653299466977 0.23778577148914337 0
1653299466993 0.23778577148914337 0
1653299474832 0.21198059618473053 1
1653299474850 0.21198059618473053 1
1653299482107 0.14119471609592438 2
1653299482124 0.14119471609592438 2
1653299489421 0.124593585729599 3
1653299489442 0.124593585729599 3
1653299496778 0.11004933714866638 4
1653299496795 0.11004933714866638 4
1653299503528 0.09933075308799744 5
1653299503544 0.09933075308799744 5
1653299510818 0.09574592858552933 6
1653299510835 0.09574592858552933 6
1653299518257 0.09012775123119354 7
1653299518275 0.09012775123119354 7
1653299525481 0.08616141974925995 8
1653299525498 0.08616141974925995 8
1653299532001 0.08809603750705719 9
1653299532020 0.08809603750705719 9
1653299539386 0.07139602303504944 10
1653299539404 0.07139602303504944 10
1653299547169 0.07947879284620285 11
1653299547186 0.07947879284620285 11
1653299553495 0.07820753753185272 12
1653299553514 0.07820753753185272 12
1653299560137 0.07261450588703156 13
1653299560154 0.07261450588703156 13
1653299566711 0.06878471374511719 14
1653299566729 0.06878471374511719 14
1653299573925 0.062327779829502106 15
1653299573941 0.062327779829502106 15
1653299581180 0.07675931602716446 16
1653299581198 0.07675931602716446 16
1653299588572 0.06767922639846802 17
1653299588589 0.06767922639846802 17
1653299595970 0.05822612717747688 18
1653299595988 0.05822612717747688 18
1653299602908 0.06328245252370834 19
1653299602924 0.06328245252370834 19
