1653299466977 0.8700532913208008 0
1653299466993 0.8700532913208008 0
1653299474832 0.8172178864479065 1
1653299474850 0.8172178864479065 1
1653299482107 0.7400739192962646 2
1653299482124 0.7400739192962646 2
1653299489421 0.7056378126144409 3
1653299489442 0.7056378126144409 3
1653299496778 0.6437537670135498 4
1653299496795 0.6437537670135498 4
1653299503528 0.6366145014762878 5
1653299503544 0.6366145014762878 5
1653299510818 0.5930203199386597 6
1653299510835 0.5930203199386597 6
1653299518257 0.5857654213905334 7
1653299518275 0.5857654213905334 7
1653299525481 0.5814617276191711 8
1653299525498 0.5814617276191711 8
1653299532001 0.5661734938621521 9
1653299532020 0.5661734938621521 9
1653299539386 0.5341221690177917 10
1653299539404 0.5341221690177917 10
1653299547169 0.5561504364013672 11
1653299547186 0.5561504364013672 11
1653299553495 0.5446339845657349 12
1653299553514 0.5446339845657349 12
1653299560137 0.5443066954612732 13
1653299560154 0.5443066954612732 13
1653299566711 0.5101534128189087 14
1653299566729 0.5101534128189087 14
1653299573925 0.4994691014289856 15
1653299573941 0.4994691014289856 15
1653299581180 0.5129428505897522 16
1653299581198 0.5129428505897522 16
1653299588572 0.4995820224285126 17
1653299588589 0.4995820224285126 17
1653299595970 0.4907892942428589 18
1653299595988 0.4907892942428589 18
1653299602908 0.4864851236343384 19
1653299602924 0.4864851236343384 19
