1653299466977 0.07342781126499176 0
1653299466993 0.07342781126499176 0
1653299474832 0.0672650933265686 1
1653299474850 0.0672650933265686 1
1653299482107 0.04594286158680916 2
1653299482124 0.04594286158680916 2
1653299489421 0.03764278441667557 3
1653299489442 0.03764278441667557 3
1653299496778 0.036182474344968796 4
1653299496795 0.036182474344968796 4
1653299503528 0.025884807109832764 5
1653299503544 0.025884807109832764 5
1653299510818 0.029539991170167923 6
1653299510835 0.029539991170167923 6
1653299518257 0.026848407462239265 7
1653299518275 0.026848407462239265 7
1653299525481 0.02676868811249733 8
1653299525498 0.02676868811249733 8
1653299532001 0.023658808320760727 9
1653299532020 0.023658808320760727 9
1653299539386 0.02554675191640854 10
1653299539404 0.02554675191640854 10
1653299547169 0.0268954336643219 11
1653299547186 0.0268954336643219 11
1653299553495 0.021829351782798767 12
1653299553514 0.021829351782798767 12
1653299560137 0.022846778854727745 13
1653299560154 0.022846778854727745 13
1653299566711 0.0184501763433218 14
1653299566729 0.0184501763433218 14
1653299573925 0.023107048124074936 15
1653299573941 0.023107048124074936 15
1653299581180 0.022598952054977417 16
1653299581198 0.022598952054977417 16
1653299588572 0.02324853651225567 17
1653299588589 0.02324853651225567 17
1653299595970 0.022829588502645493 18
1653299595988 0.022829588502645493 18
1653299602908 0.017888497561216354 19
1653299602924 0.017888497561216354 19
