1653299466977 0.44830697774887085 0
1653299466993 0.44830697774887085 0
1653299474832 0.4141550064086914 1
1653299474850 0.4141550064086914 1
1653299482107 0.34540969133377075 2
1653299482124 0.34540969133377075 2
1653299489421 0.3006356656551361 3
1653299489442 0.3006356656551361 3
1653299496778 0.2410925030708313 4
1653299496795 0.2410925030708313 4
1653299503528 0.2678357660770416 5
1653299503544 0.2678357660770416 5
1653299510818 0.2630475163459778 6
1653299510835 0.2630475163459778 6
1653299518257 0.21955014765262604 7
1653299518275 0.21955014765262604 7
1653299525481 0.22900724411010742 8
1653299525498 0.22900724411010742 8
1653299532001 0.23663930594921112 9
1653299532020 0.23663930594921112 9
1653299539386 0.21077272295951843 10
1653299539404 0.21077272295951843 10
1653299547169 0.2388591468334198 11
1653299547186 0.2388591468334198 11
1653299553495 0.20417219400405884 12
1653299553514 0.20417219400405884 12
1653299560137 0.2264893800020218 13
1653299560154 0.2264893800020218 13
1653299566711 0.2392251342535019 14
1653299566729 0.2392251342535019 14
1653299573925 0.17539088428020477 15
1653299573941 0.17539088428020477 15
1653299581180 0.2349698394536972 16
1653299581198 0.2349698394536972 16
1653299588572 0.2009117156267166 17
1653299588589 0.2009117156267166 17
1653299595970 0.196201890707016 18
1653299595988 0.196201890707016 18
1653299602908 0.2050173133611679 19
1653299602924 0.2050173133611679 19
