1653299466977 0.3161155879497528 0
1653299466993 0.3161155879497528 0
1653299474832 0.2921508848667145 1
1653299474850 0.2921508848667145 1
1653299482107 0.17592459917068481 2
1653299482124 0.17592459917068481 2
1653299489421 0.15458644926548004 3
1653299489442 0.15458644926548004 3
1653299496778 0.14800018072128296 4
1653299496795 0.14800018072128296 4
1653299503528 0.1362474113702774 5
1653299503544 0.1362474113702774 5
1653299510818 0.13657715916633606 6
1653299510835 0.13657715916633606 6
1653299518257 0.11928004026412964 7
1653299518275 0.11928004026412964 7
1653299525481 0.11866126954555511 8
1653299525498 0.11866126954555511 8
1653299532001 0.10771794617176056 9
1653299532020 0.10771794617176056 9
1653299539386 0.09373839199542999 10
1653299539404 0.09373839199542999 10
1653299547169 0.07690069824457169 11
1653299547186 0.07690069824457169 11
1653299553495 0.05548625439405441 12
1653299553514 0.05548625439405441 12
1653299560137 0.05132701247930527 13
1653299560154 0.05132701247930527 13
1653299566711 0.03451470285654068 14
1653299566729 0.03451470285654068 14
1653299573925 0.04043222591280937 15
1653299573941 0.04043222591280937 15
1653299581180 0.03646034002304077 16
1653299581198 0.03646034002304077 16
1653299588572 0.022468555718660355 17
1653299588589 0.022468555718660355 17
1653299595970 0.022795284166932106 18
1653299595988 0.022795284166932106 18
1653299602908 0.03531429171562195 19
1653299602924 0.03531429171562195 19
