1653312103472 0.6776825785636902 0
1653312103494 0.6776825785636902 0
1653312113014 0.6394038796424866 1
1653312113035 0.6394038796424866 1
1653312123005 0.6287170648574829 2
1653312123026 0.6287170648574829 2
1653312133002 0.5936424732208252 3
1653312133022 0.5936424732208252 3
1653312142471 0.5753598809242249 4
1653312142492 0.5753598809242249 4
1653312151899 0.553535521030426 5
1653312151918 0.553535521030426 5
1653312162488 0.5326924920082092 6
1653312162509 0.5326924920082092 6
1653312171667 0.5183234810829163 7
1653312171688 0.5183234810829163 7
1653312182352 0.5244829654693604 8
1653312182373 0.5244829654693604 8
1653312193012 0.5220198631286621 9
1653312193032 0.5220198631286621 9
1653312203517 0.4976866543292999 10
1653312203539 0.4976866543292999 10
1653312212103 0.5051611065864563 11
1653312212123 0.5051611065864563 11
1653312220727 0.5015634894371033 12
1653312220751 0.5015634894371033 12
1653312231140 0.48216569423675537 13
1653312231161 0.48216569423675537 13
1653312239874 0.49454453587532043 14
1653312239894 0.49454453587532043 14
1653312249297 0.48199039697647095 15
1653312249319 0.48199039697647095 15
1653312260589 0.4636539816856384 16
1653312260610 0.4636539816856384 16
1653312269088 0.46406373381614685 17
1653312269109 0.46406373381614685 17
1653312277628 0.4641231894493103 18
1653312277647 0.4641231894493103 18
1653312286130 0.4537647068500519 19
1653312286150 0.4537647068500519 19
