1653312103472 0.5113571882247925 0
1653312103494 0.5113571882247925 0
1653312113014 0.5298798680305481 1
1653312113035 0.5298798680305481 1
1653312123005 0.573495626449585 2
1653312123026 0.573495626449585 2
1653312133002 0.6642882823944092 3
1653312133022 0.6642882823944092 3
1653312142471 0.7015014290809631 4
1653312142492 0.7015014290809631 4
1653312151899 0.7354880571365356 5
1653312151918 0.7354880571365356 5
1653312162488 0.7476796507835388 6
1653312162509 0.7476796507835388 6
1653312171667 0.772295355796814 7
1653312171688 0.772295355796814 7
1653312182352 0.7572175860404968 8
1653312182373 0.7572175860404968 8
1653312193012 0.7668516635894775 9
1653312193032 0.7668516635894775 9
1653312203517 0.7866587042808533 10
1653312203539 0.7866587042808533 10
1653312212103 0.7845166921615601 11
1653312212123 0.7845166921615601 11
1653312220727 0.7830250263214111 12
1653312220751 0.7830250263214111 12
1653312231140 0.7973321676254272 13
1653312231161 0.7973321676254272 13
1653312239874 0.7983775734901428 14
1653312239894 0.7983775734901428 14
1653312249297 0.8060933947563171 15
1653312249319 0.8060933947563171 15
1653312260589 0.8232203125953674 16
1653312260610 0.8232203125953674 16
1653312269088 0.8188801407814026 17
1653312269109 0.8188801407814026 17
1653312277628 0.8249536752700806 18
1653312277647 0.8249536752700806 18
1653312286130 0.8264548778533936 19
1653312286150 0.8264548778533936 19
