1653312103472 0.3424171805381775 0
1653312103494 0.3424171805381775 0
1653312113014 0.2250894159078598 1
1653312113035 0.2250894159078598 1
1653312123005 0.20797429978847504 2
1653312123026 0.20797429978847504 2
1653312133002 0.19086095690727234 3
1653312133022 0.19086095690727234 3
1653312142471 0.17834393680095673 4
1653312142492 0.17834393680095673 4
1653312151899 0.16592857241630554 5
1653312151918 0.16592857241630554 5
1653312162488 0.1608005315065384 6
1653312162509 0.1608005315065384 6
1653312171667 0.1485881507396698 7
1653312171688 0.1485881507396698 7
1653312182352 0.15537747740745544 8
1653312182373 0.15537747740745544 8
1653312193012 0.14612369239330292 9
1653312193032 0.14612369239330292 9
1653312203517 0.1415913701057434 10
1653312203539 0.1415913701057434 10
1653312212103 0.14266161620616913 11
1653312212123 0.14266161620616913 11
1653312220727 0.1386413276195526 12
1653312220751 0.1386413276195526 12
1653312231140 0.1380370855331421 13
1653312231161 0.1380370855331421 13
1653312239874 0.13585986196994781 14
1653312239894 0.13585986196994781 14
1653312249297 0.13242283463478088 15
1653312249319 0.13242283463478088 15
1653312260589 0.12695655226707458 16
1653312260610 0.12695655226707458 16
1653312269088 0.12784349918365479 17
1653312269109 0.12784349918365479 17
1653312277628 0.12613791227340698 18
1653312277647 0.12613791227340698 18
1653312286130 0.12285085022449493 19
1653312286150 0.12285085022449493 19
