1653312103472 0.13980868458747864 0
1653312103494 0.13980868458747864 0
1653312113014 0.09646966308355331 1
1653312113035 0.09646966308355331 1
1653312123005 0.09931421279907227 2
1653312123026 0.09931421279907227 2
1653312133002 0.07654507458209991 3
1653312133022 0.07654507458209991 3
1653312142471 0.07526958733797073 4
1653312142492 0.07526958733797073 4
1653312151899 0.06261292845010757 5
1653312151918 0.06261292845010757 5
1653312162488 0.0595027357339859 6
1653312162509 0.0595027357339859 6
1653312171667 0.050901107490062714 7
1653312171688 0.050901107490062714 7
1653312182352 0.05192074924707413 8
1653312182373 0.05192074924707413 8
1653312193012 0.05224882438778877 9
1653312193032 0.05224882438778877 9
1653312203517 0.04729516804218292 10
1653312203539 0.04729516804218292 10
1653312212103 0.05122153460979462 11
1653312212123 0.05122153460979462 11
1653312220727 0.04478752613067627 12
1653312220751 0.04478752613067627 12
1653312231140 0.04629608988761902 13
1653312231161 0.04629608988761902 13
1653312239874 0.04967595264315605 14
1653312239894 0.04967595264315605 14
1653312249297 0.045384835451841354 15
1653312249319 0.045384835451841354 15
1653312260589 0.04120674729347229 16
1653312260610 0.04120674729347229 16
1653312269088 0.0411342978477478 17
1653312269109 0.0411342978477478 17
1653312277628 0.03816768899559975 18
1653312277647 0.03816768899559975 18
1653312286130 0.04080524295568466 19
1653312286150 0.04080524295568466 19
