1653312103472 0.9815013408660889 0
1653312103494 0.9815013408660889 0
1653312113014 0.6794204115867615 1
1653312113035 0.6794204115867615 1
1653312123005 0.6617879867553711 2
1653312123026 0.6617879867553711 2
1653312133002 0.5989887714385986 3
1653312133022 0.5989887714385986 3
1653312142471 0.5424174070358276 4
1653312142492 0.5424174070358276 4
1653312151899 0.49551767110824585 5
1653312151918 0.49551767110824585 5
1653312162488 0.5037775635719299 6
1653312162509 0.5037775635719299 6
1653312171667 0.46489134430885315 7
1653312171688 0.46489134430885315 7
1653312182352 0.4756530821323395 8
1653312182373 0.4756530821323395 8
1653312193012 0.4644321799278259 9
1653312193032 0.4644321799278259 9
1653312203517 0.44717276096343994 10
1653312203539 0.44717276096343994 10
1653312212103 0.45973947644233704 11
1653312212123 0.45973947644233704 11
1653312220727 0.42989492416381836 12
1653312220751 0.42989492416381836 12
1653312231140 0.44361764192581177 13
1653312231161 0.44361764192581177 13
1653312239874 0.4281010925769806 14
1653312239894 0.4281010925769806 14
1653312249297 0.4165688157081604 15
1653312249319 0.4165688157081604 15
1653312260589 0.399727463722229 16
1653312260610 0.399727463722229 16
1653312269088 0.42725953459739685 17
1653312269109 0.42725953459739685 17
1653312277628 0.3963504731655121 18
1653312277647 0.3963504731655121 18
1653312286130 0.3887977600097656 19
1653312286150 0.3887977600097656 19
