1653312103472 0.04599006101489067 0
1653312103494 0.04599006101489067 0
1653312113014 0.03314552828669548 1
1653312113035 0.03314552828669548 1
1653312123005 0.030821524560451508 2
1653312123026 0.030821524560451508 2
1653312133002 0.02417033538222313 3
1653312133022 0.02417033538222313 3
1653312142471 0.024777714163064957 4
1653312142492 0.024777714163064957 4
1653312151899 0.0155147984623909 5
1653312151918 0.0155147984623909 5
1653312162488 0.014655157923698425 6
1653312162509 0.014655157923698425 6
1653312171667 0.012822474353015423 7
1653312171688 0.012822474353015423 7
1653312182352 0.010572086088359356 8
1653312182373 0.010572086088359356 8
1653312193012 0.0075509212911129 9
1653312193032 0.0075509212911129 9
1653312203517 0.008024211041629314 10
1653312203539 0.008024211041629314 10
1653312212103 0.007117257919162512 11
1653312212123 0.007117257919162512 11
1653312220727 0.011757143773138523 12
1653312220751 0.011757143773138523 12
1653312231140 0.007397593464702368 13
1653312231161 0.007397593464702368 13
1653312239874 0.009186876006424427 14
1653312239894 0.009186876006424427 14
1653312249297 0.006695394404232502 15
1653312249319 0.006695394404232502 15
1653312260589 0.007366192527115345 16
1653312260610 0.007366192527115345 16
1653312269088 0.006678679957985878 17
1653312269109 0.006678679957985878 17
1653312277628 0.005337624344974756 18
1653312277647 0.005337624344974756 18
1653312286130 0.006990967784076929 19
1653312286150 0.006990967784076929 19
