1653312103472 0.3586798310279846 0
1653312103494 0.3586798310279846 0
1653312113014 0.2582680881023407 1
1653312113035 0.2582680881023407 1
1653312123005 0.23566444218158722 2
1653312123026 0.23566444218158722 2
1653312133002 0.23550724983215332 3
1653312133022 0.23550724983215332 3
1653312142471 0.2199883759021759 4
1653312142492 0.2199883759021759 4
1653312151899 0.22437286376953125 5
1653312151918 0.22437286376953125 5
1653312162488 0.20858116447925568 6
1653312162509 0.20858116447925568 6
1653312171667 0.1895734965801239 7
1653312171688 0.1895734965801239 7
1653312182352 0.21185284852981567 8
1653312182373 0.21185284852981567 8
1653312193012 0.18033824861049652 9
1653312193032 0.18033824861049652 9
1653312203517 0.18550756573677063 10
1653312203539 0.18550756573677063 10
1653312212103 0.17439162731170654 11
1653312212123 0.17439162731170654 11
1653312220727 0.17938852310180664 12
1653312220751 0.17938852310180664 12
1653312231140 0.16689299046993256 13
1653312231161 0.16689299046993256 13
1653312239874 0.16368407011032104 14
1653312239894 0.16368407011032104 14
1653312249297 0.1681775599718094 15
1653312249319 0.1681775599718094 15
1653312260589 0.15976263582706451 16
1653312260610 0.15976263582706451 16
1653312269088 0.1488035023212433 17
1653312269109 0.1488035023212433 17
1653312277628 0.15101858973503113 18
1653312277647 0.15101858973503113 18
1653312286130 0.15229298174381256 19
1653312286150 0.15229298174381256 19
