1653312103472 0.354312539100647 0
1653312103494 0.354312539100647 0
1653312113014 0.10586994141340256 1
1653312113035 0.10586994141340256 1
1653312123005 0.054592546075582504 2
1653312123026 0.054592546075582504 2
1653312133002 0.05075869336724281 3
1653312133022 0.05075869336724281 3
1653312142471 0.04265696555376053 4
1653312142492 0.04265696555376053 4
1653312151899 0.036150991916656494 5
1653312151918 0.036150991916656494 5
1653312162488 0.03234858065843582 6
1653312162509 0.03234858065843582 6
1653312171667 0.027179524302482605 7
1653312171688 0.027179524302482605 7
1653312182352 0.03430458903312683 8
1653312182373 0.03430458903312683 8
1653312193012 0.02605532668530941 9
1653312193032 0.02605532668530941 9
1653312203517 0.02355714701116085 10
1653312203539 0.02355714701116085 10
1653312212103 0.025186685845255852 11
1653312212123 0.025186685845255852 11
1653312220727 0.020996760576963425 12
1653312220751 0.020996760576963425 12
1653312231140 0.03218112140893936 13
1653312231161 0.03218112140893936 13
1653312239874 0.022522171959280968 14
1653312239894 0.022522171959280968 14
1653312249297 0.02046242728829384 15
1653312249319 0.02046242728829384 15
1653312260589 0.021367836743593216 16
1653312260610 0.021367836743593216 16
1653312269088 0.020135799422860146 17
1653312269109 0.020135799422860146 17
1653312277628 0.0319407694041729 18
1653312277647 0.0319407694041729 18
1653312286130 0.018616121262311935 19
1653312286150 0.018616121262311935 19
