1653309609321 0.49411454796791077 0
1653309609339 0.49411454796791077 0
1653309618944 0.5281742215156555 1
1653309618963 0.5281742215156555 1
1653309628430 0.6160469651222229 2
1653309628448 0.6160469651222229 2
1653309639889 0.669472336769104 3
1653309639908 0.669472336769104 3
1653309649002 0.702161967754364 4
1653309649022 0.702161967754364 4
1653309658473 0.7290934324264526 5
1653309658492 0.7290934324264526 5
1653309669177 0.740203320980072 6
1653309669197 0.740203320980072 6
1653309679097 0.7464859485626221 7
1653309679116 0.7464859485626221 7
1653309688324 0.7659198045730591 8
1653309688343 0.7659198045730591 8
1653309697049 0.7649058103561401 9
1653309697067 0.7649058103561401 9
1653309705564 0.7648770809173584 10
1653309705583 0.7648770809173584 10
1653309714922 0.7569931149482727 11
1653309714941 0.7569931149482727 11
1653309725302 0.7906084060668945 12
1653309725320 0.7906084060668945 12
1653309737028 0.7965847253799438 13
1653309737049 0.7965847253799438 13
1653309747659 0.7812196016311646 14
1653309747678 0.7812196016311646 14
1653309757175 0.8001862168312073 15
1653309757196 0.8001862168312073 15
1653309767450 0.798754096031189 16
1653309767468 0.798754096031189 16
1653309775976 0.8072457313537598 17
1653309775996 0.8072457313537598 17
1653309784646 0.7968528866767883 18
1653309784666 0.7968528866767883 18
1653309793921 0.8069685697555542 19
1653309793941 0.8069685697555542 19
