1653309609321 0.6786648631095886 0
1653309609339 0.6786648631095886 0
1653309618944 0.6447106599807739 1
1653309618963 0.6447106599807739 1
1653309628430 0.6147754192352295 2
1653309628448 0.6147754192352295 2
1653309639889 0.5914075970649719 3
1653309639908 0.5914075970649719 3
1653309649002 0.5766885280609131 4
1653309649022 0.5766885280609131 4
1653309658473 0.548766016960144 5
1653309658492 0.548766016960144 5
1653309669177 0.5452798008918762 6
1653309669197 0.5452798008918762 6
1653309679097 0.5373679995536804 7
1653309679116 0.5373679995536804 7
1653309688324 0.5146020650863647 8
1653309688343 0.5146020650863647 8
1653309697049 0.5210903882980347 9
1653309697067 0.5210903882980347 9
1653309705564 0.5253628492355347 10
1653309705583 0.5253628492355347 10
1653309714922 0.5225716233253479 11
1653309714941 0.5225716233253479 11
1653309725302 0.49145811796188354 12
1653309725320 0.49145811796188354 12
1653309737028 0.48755723237991333 13
1653309737049 0.48755723237991333 13
1653309747659 0.5021908283233643 14
1653309747678 0.5021908283233643 14
1653309757175 0.48810791969299316 15
1653309757196 0.48810791969299316 15
1653309767450 0.48483961820602417 16
1653309767468 0.48483961820602417 16
1653309775976 0.4709627330303192 17
1653309775996 0.4709627330303192 17
1653309784646 0.48792189359664917 18
1653309784666 0.48792189359664917 18
1653309793921 0.4787673354148865 19
1653309793941 0.4787673354148865 19
