1653309609321 0.45417535305023193 0
1653309609339 0.45417535305023193 0
1653309618944 0.3035022020339966 1
1653309618963 0.3035022020339966 1
1653309628430 0.2839416265487671 2
1653309628448 0.2839416265487671 2
1653309639889 0.2674466073513031 3
1653309639908 0.2674466073513031 3
1653309649002 0.2638808488845825 4
1653309649022 0.2638808488845825 4
1653309658473 0.2525549530982971 5
1653309658492 0.2525549530982971 5
1653309669177 0.2438339740037918 6
1653309669197 0.2438339740037918 6
1653309679097 0.23820459842681885 7
1653309679116 0.23820459842681885 7
1653309688324 0.23593021929264069 8
1653309688343 0.23593021929264069 8
1653309697049 0.23268036544322968 9
1653309697067 0.23268036544322968 9
1653309705564 0.23058758676052094 10
1653309705583 0.23058758676052094 10
1653309714922 0.23390261828899384 11
1653309714941 0.23390261828899384 11
1653309725302 0.21623989939689636 12
1653309725320 0.21623989939689636 12
1653309737028 0.21813377737998962 13
1653309737049 0.21813377737998962 13
1653309747659 0.21575312316417694 14
1653309747678 0.21575312316417694 14
1653309757175 0.20992986857891083 15
1653309757196 0.20992986857891083 15
1653309767450 0.21541213989257812 16
1653309767468 0.21541213989257812 16
1653309775976 0.20315533876419067 17
1653309775996 0.20315533876419067 17
1653309784646 0.20992958545684814 18
1653309784666 0.20992958545684814 18
1653309793921 0.20773304998874664 19
1653309793941 0.20773304998874664 19
