1653309609321 0.17222492396831512 0
1653309609339 0.17222492396831512 0
1653309618944 0.11899500340223312 1
1653309618963 0.11899500340223312 1
1653309628430 0.09033626317977905 2
1653309628448 0.09033626317977905 2
1653309639889 0.07788965106010437 3
1653309639908 0.07788965106010437 3
1653309649002 0.07479817420244217 4
1653309649022 0.07479817420244217 4
1653309658473 0.06762959063053131 5
1653309658492 0.06762959063053131 5
1653309669177 0.05595174804329872 6
1653309669197 0.05595174804329872 6
1653309679097 0.06120743602514267 7
1653309679116 0.06120743602514267 7
1653309688324 0.056460902094841 8
1653309688343 0.056460902094841 8
1653309697049 0.05750013515353203 9
1653309697067 0.05750013515353203 9
1653309705564 0.05070875957608223 10
1653309705583 0.05070875957608223 10
1653309714922 0.057969335466623306 11
1653309714941 0.057969335466623306 11
1653309725302 0.04251767322421074 12
1653309725320 0.04251767322421074 12
1653309737028 0.04924366623163223 13
1653309737049 0.04924366623163223 13
1653309747659 0.0519544780254364 14
1653309747678 0.0519544780254364 14
1653309757175 0.04165451601147652 15
1653309757196 0.04165451601147652 15
1653309767450 0.0418536439538002 16
1653309767468 0.0418536439538002 16
1653309775976 0.04318331554532051 17
1653309775996 0.04318331554532051 17
1653309784646 0.04618734493851662 18
1653309784666 0.04618734493851662 18
1653309793921 0.03671698272228241 19
1653309793941 0.03671698272228241 19
