1653309609321 1.341827630996704 0
1653309609339 1.341827630996704 0
1653309618944 0.687302827835083 1
1653309618963 0.687302827835083 1
1653309628430 0.6316959857940674 2
1653309628448 0.6316959857940674 2
1653309639889 0.5917679071426392 3
1653309639908 0.5917679071426392 3
1653309649002 0.5736202001571655 4
1653309649022 0.5736202001571655 4
1653309658473 0.5180873274803162 5
1653309658492 0.5180873274803162 5
1653309669177 0.5007319450378418 6
1653309669197 0.5007319450378418 6
1653309679097 0.5014185309410095 7
1653309679116 0.5014185309410095 7
1653309688324 0.4714636206626892 8
1653309688343 0.4714636206626892 8
1653309697049 0.49450552463531494 9
1653309697067 0.49450552463531494 9
1653309705564 0.45659586787223816 10
1653309705583 0.45659586787223816 10
1653309714922 0.4969288110733032 11
1653309714941 0.4969288110733032 11
1653309725302 0.43662115931510925 12
1653309725320 0.43662115931510925 12
1653309737028 0.433584600687027 13
1653309737049 0.433584600687027 13
1653309747659 0.4474385678768158 14
1653309747678 0.4474385678768158 14
1653309757175 0.432349294424057 15
1653309757196 0.432349294424057 15
1653309767450 0.4220063388347626 16
1653309767468 0.4220063388347626 16
1653309775976 0.4124012291431427 17
1653309775996 0.4124012291431427 17
1653309784646 0.40949904918670654 18
1653309784666 0.40949904918670654 18
1653309793921 0.43252360820770264 19
1653309793941 0.43252360820770264 19
