1653309609321 0.4613281190395355 0
1653309609339 0.4613281190395355 0
1653309618944 0.2527926564216614 1
1653309618963 0.2527926564216614 1
1653309628430 0.23889711499214172 2
1653309628448 0.23889711499214172 2
1653309639889 0.22133579850196838 3
1653309639908 0.22133579850196838 3
1653309649002 0.22045160830020905 4
1653309649022 0.22045160830020905 4
1653309658473 0.22982670366764069 5
1653309658492 0.22982670366764069 5
1653309669177 0.21490155160427094 6
1653309669197 0.21490155160427094 6
1653309679097 0.18813727796077728 7
1653309679116 0.18813727796077728 7
1653309688324 0.21556025743484497 8
1653309688343 0.21556025743484497 8
1653309697049 0.1810857355594635 9
1653309697067 0.1810857355594635 9
1653309705564 0.20554454624652863 10
1653309705583 0.20554454624652863 10
1653309714922 0.18805533647537231 11
1653309714941 0.18805533647537231 11
1653309725302 0.1738804429769516 12
1653309725320 0.1738804429769516 12
1653309737028 0.18778598308563232 13
1653309737049 0.18778598308563232 13
1653309747659 0.15651798248291016 14
1653309747678 0.15651798248291016 14
1653309757175 0.15799611806869507 15
1653309757196 0.15799611806869507 15
1653309767450 0.19653114676475525 16
1653309767468 0.19653114676475525 16
1653309775976 0.14903230965137482 17
1653309775996 0.14903230965137482 17
1653309784646 0.17405986785888672 18
1653309784666 0.17405986785888672 18
1653309793921 0.16217826306819916 19
1653309793941 0.16217826306819916 19
