1653309609321 0.7626692652702332 0
1653309609339 0.7626692652702332 0
1653309618944 0.7198116779327393 1
1653309618963 0.7198116779327393 1
1653309628430 0.7095317244529724 2
1653309628448 0.7095317244529724 2
1653309639889 0.7005951404571533 3
1653309639908 0.7005951404571533 3
1653309649002 0.6971384286880493 4
1653309649022 0.6971384286880493 4
1653309658473 0.6944078207015991 5
1653309658492 0.6944078207015991 5
1653309669177 0.6919211745262146 6
1653309669197 0.6919211745262146 6
1653309679097 0.6903136968612671 7
1653309679116 0.6903136968612671 7
1653309688324 0.6888989210128784 8
1653309688343 0.6888989210128784 8
1653309697049 0.68831467628479 9
1653309697067 0.68831467628479 9
1653309705564 0.6863929033279419 10
1653309705583 0.6863929033279419 10
1653309714922 0.6844233870506287 11
1653309714941 0.6844233870506287 11
1653309725302 0.6831628084182739 12
1653309725320 0.6831628084182739 12
1653309737028 0.6796776652336121 13
1653309737049 0.6796776652336121 13
1653309747659 0.6790195107460022 14
1653309747678 0.6790195107460022 14
1653309757175 0.6760987043380737 15
1653309757196 0.6760987043380737 15
1653309767450 0.674351692199707 16
1653309767468 0.674351692199707 16
1653309775976 0.668989360332489 17
1653309775996 0.668989360332489 17
1653309784646 0.668359637260437 18
1653309784666 0.668359637260437 18
1653309793921 0.6681249737739563 19
1653309793941 0.6681249737739563 19
