1653295935480 0.5264168977737427 0
1653295935498 0.5264168977737427 0
1653295942493 0.5514329671859741 1
1653295942508 0.5514329671859741 1
1653295950041 0.5958669185638428 2
1653295950057 0.5958669185638428 2
1653295957081 0.642740786075592 3
1653295957098 0.642740786075592 3
1653295963443 0.7129387259483337 4
1653295963458 0.7129387259483337 4
1653295970128 0.7255961298942566 5
1653295970143 0.7255961298942566 5
1653295976528 0.7606682777404785 6
1653295976543 0.7606682777404785 6
1653295983746 0.7726516127586365 7
1653295983761 0.7726516127586365 7
1653295991049 0.780544102191925 8
1653295991065 0.780544102191925 8
1653295998792 0.8023144006729126 9
1653295998809 0.8023144006729126 9
1653296005573 0.7919608354568481 10
1653296005589 0.7919608354568481 10
1653296012233 0.8031166195869446 11
1653296012248 0.8031166195869446 11
1653296019604 0.8180645704269409 12
1653296019619 0.8180645704269409 12
1653296026913 0.8111021518707275 13
1653296026928 0.8111021518707275 13
1653296033319 0.8144431710243225 14
1653296033334 0.8144431710243225 14
1653296040480 0.8169094324111938 15
1653296040496 0.8169094324111938 15
1653296047558 0.8318768739700317 16
1653296047575 0.8318768739700317 16
1653296054962 0.8236948847770691 17
1653296054980 0.8236948847770691 17
1653296061523 0.8315807580947876 18
1653296061538 0.8315807580947876 18
1653296069092 0.8314602375030518 19
1653296069108 0.8314602375030518 19
