1653295935480 0.6381941437721252 0
1653295935498 0.6381941437721252 0
1653295942493 0.6310698986053467 1
1653295942508 0.6310698986053467 1
1653295950041 0.6235110759735107 2
1653295950057 0.6235110759735107 2
1653295957081 0.6073572039604187 3
1653295957098 0.6073572039604187 3
1653295963443 0.5778540372848511 4
1653295963458 0.5778540372848511 4
1653295970128 0.5588411092758179 5
1653295970143 0.5588411092758179 5
1653295976528 0.5324000120162964 6
1653295976543 0.5324000120162964 6
1653295983746 0.5215024948120117 7
1653295983761 0.5215024948120117 7
1653295991049 0.5049269199371338 8
1653295991065 0.5049269199371338 8
1653295998792 0.48650532960891724 9
1653295998809 0.48650532960891724 9
1653296005573 0.4927748143672943 10
1653296005589 0.4927748143672943 10
1653296012233 0.4803582727909088 11
1653296012248 0.4803582727909088 11
1653296019604 0.47011053562164307 12
1653296019619 0.47011053562164307 12
1653296026913 0.4726718068122864 13
1653296026928 0.4726718068122864 13
1653296033319 0.47218817472457886 14
1653296033334 0.47218817472457886 14
1653296040480 0.4629424512386322 15
1653296040496 0.4629424512386322 15
1653296047558 0.4466548562049866 16
1653296047575 0.4466548562049866 16
1653296054962 0.4605430066585541 17
1653296054980 0.4605430066585541 17
1653296061523 0.44550496339797974 18
1653296061538 0.44550496339797974 18
1653296069092 0.4519549608230591 19
1653296069108 0.4519549608230591 19
