1653295935480 0.22538483142852783 0
1653295935498 0.22538483142852783 0
1653295942493 0.22513651847839355 1
1653295942508 0.22513651847839355 1
1653295950041 0.21760907769203186 2
1653295950057 0.21760907769203186 2
1653295957081 0.2106926292181015 3
1653295957098 0.2106926292181015 3
1653295963443 0.18729019165039062 4
1653295963458 0.18729019165039062 4
1653295970128 0.17711487412452698 5
1653295970143 0.17711487412452698 5
1653295976528 0.16304562985897064 6
1653295976543 0.16304562985897064 6
1653295983746 0.15801960229873657 7
1653295983761 0.15801960229873657 7
1653295991049 0.14905144274234772 8
1653295991065 0.14905144274234772 8
1653295998792 0.14208054542541504 9
1653295998809 0.14208054542541504 9
1653296005573 0.1427326798439026 10
1653296005589 0.1427326798439026 10
1653296012233 0.14146752655506134 11
1653296012248 0.14146752655506134 11
1653296019604 0.13290831446647644 12
1653296019619 0.13290831446647644 12
1653296026913 0.1338917464017868 13
1653296026928 0.1338917464017868 13
1653296033319 0.13006959855556488 14
1653296033334 0.13006959855556488 14
1653296040480 0.13108478486537933 15
1653296040496 0.13108478486537933 15
1653296047558 0.12222994118928909 16
1653296047575 0.12222994118928909 16
1653296054962 0.12712307274341583 17
1653296054980 0.12712307274341583 17
1653296061523 0.1232035830616951 18
1653296061538 0.1232035830616951 18
1653296069092 0.12196001410484314 19
1653296069108 0.12196001410484314 19
