1653295935480 0.09839582443237305 0
1653295935498 0.09839582443237305 0
1653295942493 0.099067322909832 1
1653295942508 0.099067322909832 1
1653295950041 0.09319683164358139 2
1653295950057 0.09319683164358139 2
1653295957081 0.10251154005527496 3
1653295957098 0.10251154005527496 3
1653295963443 0.09103578329086304 4
1653295963458 0.09103578329086304 4
1653295970128 0.07728580385446548 5
1653295970143 0.07728580385446548 5
1653295976528 0.06674013286828995 6
1653295976543 0.06674013286828995 6
1653295983746 0.06606966257095337 7
1653295983761 0.06606966257095337 7
1653295991049 0.051241546869277954 8
1653295991065 0.051241546869277954 8
1653295998792 0.05033266544342041 9
1653295998809 0.05033266544342041 9
1653296005573 0.055003535002470016 10
1653296005589 0.055003535002470016 10
1653296012233 0.05318601056933403 11
1653296012248 0.05318601056933403 11
1653296019604 0.05069207772612572 12
1653296019619 0.05069207772612572 12
1653296026913 0.03999844565987587 13
1653296026928 0.03999844565987587 13
1653296033319 0.046185873448848724 14
1653296033334 0.046185873448848724 14
1653296040480 0.040547750890254974 15
1653296040496 0.040547750890254974 15
1653296047558 0.045334119349718094 16
1653296047575 0.045334119349718094 16
1653296054962 0.04459017515182495 17
1653296054980 0.04459017515182495 17
1653296061523 0.03633689507842064 18
1653296061538 0.03633689507842064 18
1653296069092 0.040846239775419235 19
1653296069108 0.040846239775419235 19
