1653295935480 0.6712620854377747 0
1653295935498 0.6712620854377747 0
1653295942493 0.6685022711753845 1
1653295942508 0.6685022711753845 1
1653295950041 0.6383053064346313 2
1653295950057 0.6383053064346313 2
1653295957081 0.6208304762840271 3
1653295957098 0.6208304762840271 3
1653295963443 0.5604152083396912 4
1653295963458 0.5604152083396912 4
1653295970128 0.5142778754234314 5
1653295970143 0.5142778754234314 5
1653295976528 0.48094549775123596 6
1653295976543 0.48094549775123596 6
1653295983746 0.4641478955745697 7
1653295983761 0.4641478955745697 7
1653295991049 0.4569959044456482 8
1653295991065 0.4569959044456482 8
1653295998792 0.41518115997314453 9
1653295998809 0.41518115997314453 9
1653296005573 0.4319894313812256 10
1653296005589 0.4319894313812256 10
1653296012233 0.4222520589828491 11
1653296012248 0.4222520589828491 11
1653296019604 0.40215858817100525 12
1653296019619 0.40215858817100525 12
1653296026913 0.41006138920783997 13
1653296026928 0.41006138920783997 13
1653296033319 0.4126329720020294 14
1653296033334 0.4126329720020294 14
1653296040480 0.4056450426578522 15
1653296040496 0.4056450426578522 15
1653296047558 0.37573209404945374 16
1653296047575 0.37573209404945374 16
1653296054962 0.39345815777778625 17
1653296054980 0.39345815777778625 17
1653296061523 0.39215967059135437 18
1653296061538 0.39215967059135437 18
1653296069092 0.3790125548839569 19
1653296069108 0.3790125548839569 19
