1653295935480 0.028718682006001472 0
1653295935498 0.028718682006001472 0
1653295942493 0.028211859986186028 1
1653295942508 0.028211859986186028 1
1653295950041 0.029498860239982605 2
1653295950057 0.029498860239982605 2
1653295957081 0.024638570845127106 3
1653295957098 0.024638570845127106 3
1653295963443 0.028499575331807137 4
1653295963458 0.028499575331807137 4
1653295970128 0.027174683287739754 5
1653295970143 0.027174683287739754 5
1653295976528 0.02654428221285343 6
1653295976543 0.02654428221285343 6
1653295983746 0.02115594781935215 7
1653295983761 0.02115594781935215 7
1653295991049 0.018152810633182526 8
1653295991065 0.018152810633182526 8
1653295998792 0.021123815327882767 9
1653295998809 0.021123815327882767 9
1653296005573 0.016906674951314926 10
1653296005589 0.016906674951314926 10
1653296012233 0.018413277342915535 11
1653296012248 0.018413277342915535 11
1653296019604 0.015011184848845005 12
1653296019619 0.015011184848845005 12
1653296026913 0.01308822724968195 13
1653296026928 0.01308822724968195 13
1653296033319 0.012277517467737198 14
1653296033334 0.012277517467737198 14
1653296040480 0.015035116113722324 15
1653296040496 0.015035116113722324 15
1653296047558 0.010132625699043274 16
1653296047575 0.010132625699043274 16
1653296054962 0.012934747152030468 17
1653296054980 0.012934747152030468 17
1653296061523 0.012723332270979881 18
1653296061538 0.012723332270979881 18
1653296069092 0.008640698157250881 19
1653296069108 0.008640698157250881 19
