1653295935480 0.24418367445468903 0
1653295935498 0.24418367445468903 0
1653295942493 0.2514890134334564 1
1653295942508 0.2514890134334564 1
1653295950041 0.23903195559978485 2
1653295950057 0.23903195559978485 2
1653295957081 0.23530495166778564 3
1653295957098 0.23530495166778564 3
1653295963443 0.22580309212207794 4
1653295963458 0.22580309212207794 4
1653295970128 0.23509104549884796 5
1653295970143 0.23509104549884796 5
1653295976528 0.21834564208984375 6
1653295976543 0.21834564208984375 6
1653295983746 0.2117992341518402 7
1653295983761 0.2117992341518402 7
1653295991049 0.19897152483463287 8
1653295991065 0.19897152483463287 8
1653295998792 0.20061151683330536 9
1653295998809 0.20061151683330536 9
1653296005573 0.18551568686962128 10
1653296005589 0.18551568686962128 10
1653296012233 0.1940813958644867 11
1653296012248 0.1940813958644867 11
1653296019604 0.170305535197258 12
1653296019619 0.170305535197258 12
1653296026913 0.18200427293777466 13
1653296026928 0.18200427293777466 13
1653296033319 0.16001251339912415 14
1653296033334 0.16001251339912415 14
1653296040480 0.17589877545833588 15
1653296040496 0.17589877545833588 15
1653296047558 0.15366891026496887 16
1653296047575 0.15366891026496887 16
1653296054962 0.16170541942119598 17
1653296054980 0.16170541942119598 17
1653296061523 0.15212894976139069 18
1653296061538 0.15212894976139069 18
1653296069092 0.15550614893436432 19
1653296069108 0.15550614893436432 19
