1653295935480 0.12758103013038635 0
1653295935498 0.12758103013038635 0
1653295942493 0.12441111356019974 1
1653295942508 0.12441111356019974 1
1653295950041 0.12284424901008606 2
1653295950057 0.12284424901008606 2
1653295957081 0.10419570654630661 3
1653295957098 0.10419570654630661 3
1653295963443 0.050524745136499405 4
1653295963458 0.050524745136499405 4
1653295970128 0.041747085750103 5
1653295970143 0.041747085750103 5
1653295976528 0.027870196849107742 6
1653295976543 0.027870196849107742 6
1653295983746 0.029278920963406563 7
1653295983761 0.029278920963406563 7
1653295991049 0.025229504331946373 8
1653295991065 0.025229504331946373 8
1653295998792 0.01845163106918335 9
1653295998809 0.01845163106918335 9
1653296005573 0.022372063249349594 10
1653296005589 0.022372063249349594 10
1653296012233 0.019591253250837326 11
1653296012248 0.019591253250837326 11
1653296019604 0.019691182300448418 12
1653296019619 0.019691182300448418 12
1653296026913 0.021884802728891373 13
1653296026928 0.021884802728891373 13
1653296033319 0.015235691331326962 14
1653296033334 0.015235691331326962 14
1653296040480 0.017093459144234657 15
1653296040496 0.017093459144234657 15
1653296047558 0.016706915572285652 16
1653296047575 0.016706915572285652 16
1653296054962 0.015850624069571495 17
1653296054980 0.015850624069571495 17
1653296061523 0.02030039392411709 18
1653296061538 0.02030039392411709 18
1653296069092 0.015922298654913902 19
1653296069108 0.015922298654913902 19
