1653294129829 0.6417938470840454 0
1653294129844 0.6417938470840454 0
1653294137279 0.6321766376495361 1
1653294137295 0.6321766376495361 1
1653294145092 0.6269165873527527 2
1653294145108 0.6269165873527527 2
1653294153029 0.6224145293235779 3
1653294153044 0.6224145293235779 3
1653294160642 0.6198086142539978 4
1653294160658 0.6198086142539978 4
1653294168016 0.6082556247711182 5
1653294168031 0.6082556247711182 5
1653294174531 0.5950468182563782 6
1653294174545 0.5950468182563782 6
1653294182344 0.6009432673454285 7
1653294182360 0.6009432673454285 7
1653294189681 0.5966169238090515 8
1653294189697 0.5966169238090515 8
1653294196501 0.5836948156356812 9
1653294196516 0.5836948156356812 9
1653294203041 0.5709261894226074 10
1653294203055 0.5709261894226074 10
1653294210155 0.5901255011558533 11
1653294210169 0.5901255011558533 11
1653294217599 0.5504910349845886 12
1653294217614 0.5504910349845886 12
1653294224962 0.5700397491455078 13
1653294224977 0.5700397491455078 13
1653294231657 0.5521901845932007 14
1653294231672 0.5521901845932007 14
1653294238525 0.5452421307563782 15
1653294238540 0.5452421307563782 15
1653294245025 0.5567691326141357 16
1653294245040 0.5567691326141357 16
1653294251488 0.5477586388587952 17
1653294251502 0.5477586388587952 17
1653294258973 0.5237515568733215 18
1653294258988 0.5237515568733215 18
1653294265863 0.5402718186378479 19
1653294265878 0.5402718186378479 19
