1653294129829 0.5087565779685974 0
1653294129844 0.5087565779685974 0
1653294137279 0.5588983297348022 1
1653294137295 0.5588983297348022 1
1653294145092 0.5671610832214355 2
1653294145108 0.5671610832214355 2
1653294153029 0.6154142618179321 3
1653294153044 0.6154142618179321 3
1653294160642 0.6143707633018494 4
1653294160658 0.6143707633018494 4
1653294168016 0.6359875202178955 5
1653294168031 0.6359875202178955 5
1653294174531 0.6649404764175415 6
1653294174545 0.6649404764175415 6
1653294182344 0.6659025549888611 7
1653294182360 0.6659025549888611 7
1653294189681 0.6673967242240906 8
1653294189697 0.6673967242240906 8
1653294196501 0.691039502620697 9
1653294196516 0.691039502620697 9
1653294203041 0.716390073299408 10
1653294203055 0.716390073299408 10
1653294210155 0.6898963451385498 11
1653294210169 0.6898963451385498 11
1653294217599 0.7420339584350586 12
1653294217614 0.7420339584350586 12
1653294224962 0.7159329056739807 13
1653294224977 0.7159329056739807 13
1653294231657 0.7314416170120239 14
1653294231672 0.7314416170120239 14
1653294238525 0.7526246905326843 15
1653294238540 0.7526246905326843 15
1653294245025 0.7300184369087219 16
1653294245040 0.7300184369087219 16
1653294251488 0.7426950335502625 17
1653294251502 0.7426950335502625 17
1653294258973 0.7759389877319336 18
1653294258988 0.7759389877319336 18
1653294265863 0.7518919110298157 19
1653294265878 0.7518919110298157 19
