1653294129829 0.29396873712539673 0
1653294129844 0.29396873712539673 0
1653294137279 0.29134902358055115 1
1653294137295 0.29134902358055115 1
1653294145092 0.28965145349502563 2
1653294145108 0.28965145349502563 2
1653294153029 0.27928292751312256 3
1653294153044 0.27928292751312256 3
1653294160642 0.28691115975379944 4
1653294160658 0.28691115975379944 4
1653294168016 0.2762748897075653 5
1653294168031 0.2762748897075653 5
1653294174531 0.27141210436820984 6
1653294174545 0.27141210436820984 6
1653294182344 0.26661020517349243 7
1653294182360 0.26661020517349243 7
1653294189681 0.2602461874485016 8
1653294189697 0.2602461874485016 8
1653294196501 0.2632550001144409 9
1653294196516 0.2632550001144409 9
1653294203041 0.25318536162376404 10
1653294203055 0.25318536162376404 10
1653294210155 0.2619650661945343 11
1653294210169 0.2619650661945343 11
1653294217599 0.24429331719875336 12
1653294217614 0.24429331719875336 12
1653294224962 0.251737117767334 13
1653294224977 0.251737117767334 13
1653294231657 0.24216587841510773 14
1653294231672 0.24216587841510773 14
1653294238525 0.2356010377407074 15
1653294238540 0.2356010377407074 15
1653294245025 0.24604131281375885 16
1653294245040 0.24604131281375885 16
1653294251488 0.23789487779140472 17
1653294251502 0.23789487779140472 17
1653294258973 0.22855545580387115 18
1653294258988 0.22855545580387115 18
1653294265863 0.23807258903980255 19
1653294265878 0.23807258903980255 19
