1653294129829 0.10249783098697662 0
1653294129844 0.10249783098697662 0
1653294137279 0.0999910980463028 1
1653294137295 0.0999910980463028 1
1653294145092 0.10267675668001175 2
1653294145108 0.10267675668001175 2
1653294153029 0.09323909133672714 3
1653294153044 0.09323909133672714 3
1653294160642 0.09742920845746994 4
1653294160658 0.09742920845746994 4
1653294168016 0.09184449166059494 5
1653294168031 0.09184449166059494 5
1653294174531 0.08962900936603546 6
1653294174545 0.08962900936603546 6
1653294182344 0.07687906175851822 7
1653294182360 0.07687906175851822 7
1653294189681 0.08326948434114456 8
1653294189697 0.08326948434114456 8
1653294196501 0.0809488520026207 9
1653294196516 0.0809488520026207 9
1653294203041 0.07530748099088669 10
1653294203055 0.07530748099088669 10
1653294210155 0.08172626048326492 11
1653294210169 0.08172626048326492 11
1653294217599 0.07395711541175842 12
1653294217614 0.07395711541175842 12
1653294224962 0.0702504888176918 13
1653294224977 0.0702504888176918 13
1653294231657 0.06326781213283539 14
1653294231672 0.06326781213283539 14
1653294238525 0.06941879540681839 15
1653294238540 0.06941879540681839 15
1653294245025 0.06373623013496399 16
1653294245040 0.06373623013496399 16
1653294251488 0.06610427051782608 17
1653294251502 0.06610427051782608 17
1653294258973 0.06066863238811493 18
1653294258988 0.06066863238811493 18
1653294265863 0.06249333545565605 19
1653294265878 0.06249333545565605 19
