1653294129829 0.6743178367614746 0
1653294129844 0.6743178367614746 0
1653294137279 0.6687478423118591 1
1653294137295 0.6687478423118591 1
1653294145092 0.6707217693328857 2
1653294145108 0.6707217693328857 2
1653294153029 0.6338895559310913 3
1653294153044 0.6338895559310913 3
1653294160642 0.6552223563194275 4
1653294160658 0.6552223563194275 4
1653294168016 0.6074872612953186 5
1653294168031 0.6074872612953186 5
1653294174531 0.5893988609313965 6
1653294174545 0.5893988609313965 6
1653294182344 0.571519136428833 7
1653294182360 0.571519136428833 7
1653294189681 0.5755165815353394 8
1653294189697 0.5755165815353394 8
1653294196501 0.5543934106826782 9
1653294196516 0.5543934106826782 9
1653294203041 0.5380437970161438 10
1653294203055 0.5380437970161438 10
1653294210155 0.5888413786888123 11
1653294210169 0.5888413786888123 11
1653294217599 0.5000999569892883 12
1653294217614 0.5000999569892883 12
1653294224962 0.517707884311676 13
1653294224977 0.517707884311676 13
1653294231657 0.5153986215591431 14
1653294231672 0.5153986215591431 14
1653294238525 0.4862588942050934 15
1653294238540 0.4862588942050934 15
1653294245025 0.5053905844688416 16
1653294245040 0.5053905844688416 16
1653294251488 0.5029825568199158 17
1653294251502 0.5029825568199158 17
1653294258973 0.4489743113517761 18
1653294258988 0.4489743113517761 18
1653294265863 0.508460283279419 19
1653294265878 0.508460283279419 19
