1653294129829 0.030251210555434227 0
1653294129844 0.030251210555434227 0
1653294137279 0.027527380734682083 1
1653294137295 0.027527380734682083 1
1653294145092 0.026897551491856575 2
1653294145108 0.026897551491856575 2
1653294153029 0.029649585485458374 3
1653294153044 0.029649585485458374 3
1653294160642 0.028027862310409546 4
1653294160658 0.028027862310409546 4
1653294168016 0.027560129761695862 5
1653294168031 0.027560129761695862 5
1653294174531 0.024885529652237892 6
1653294174545 0.024885529652237892 6
1653294182344 0.02907518297433853 7
1653294182360 0.02907518297433853 7
1653294189681 0.026505395770072937 8
1653294189697 0.026505395770072937 8
1653294196501 0.02664143033325672 9
1653294196516 0.02664143033325672 9
1653294203041 0.025712376460433006 10
1653294203055 0.025712376460433006 10
1653294210155 0.024721594527363777 11
1653294210169 0.024721594527363777 11
1653294217599 0.02427006885409355 12
1653294217614 0.02427006885409355 12
1653294224962 0.025387758389115334 13
1653294224977 0.025387758389115334 13
1653294231657 0.0193820521235466 14
1653294231672 0.0193820521235466 14
1653294238525 0.02226860448718071 15
1653294238540 0.02226860448718071 15
1653294245025 0.02436503954231739 16
1653294245040 0.02436503954231739 16
1653294251488 0.019602227956056595 17
1653294251502 0.019602227956056595 17
1653294258973 0.01785728894174099 18
1653294258988 0.01785728894174099 18
1653294265863 0.021665319800376892 19
1653294265878 0.021665319800376892 19
