1653294129829 0.24426071345806122 0
1653294129844 0.24426071345806122 0
1653294137279 0.2460542619228363 1
1653294137295 0.2460542619228363 1
1653294145092 0.2367335706949234 2
1653294145108 0.2367335706949234 2
1653294153029 0.21964684128761292 3
1653294153044 0.21964684128761292 3
1653294160642 0.24366994202136993 4
1653294160658 0.24366994202136993 4
1653294168016 0.2384556382894516 5
1653294168031 0.2384556382894516 5
1653294174531 0.2411496937274933 6
1653294174545 0.2411496937274933 6
1653294182344 0.23989465832710266 7
1653294182360 0.23989465832710266 7
1653294189681 0.20715604722499847 8
1653294189697 0.20715604722499847 8
1653294196501 0.24290455877780914 9
1653294196516 0.24290455877780914 9
1653294203041 0.21996235847473145 10
1653294203055 0.21996235847473145 10
1653294210155 0.21294470131397247 11
1653294210169 0.21294470131397247 11
1653294217599 0.2135714441537857 12
1653294217614 0.2135714441537857 12
1653294224962 0.23168841004371643 13
1653294224977 0.23168841004371643 13
1653294231657 0.21164746582508087 14
1653294231672 0.21164746582508087 14
1653294238525 0.18902714550495148 15
1653294238540 0.18902714550495148 15
1653294245025 0.22868022322654724 16
1653294245040 0.22868022322654724 16
1653294251488 0.19576188921928406 17
1653294251502 0.19576188921928406 17
1653294258973 0.2060099095106125 18
1653294258988 0.2060099095106125 18
1653294265863 0.19933316111564636 19
1653294265878 0.19933316111564636 19
