1653294129829 0.6937277317047119 0
1653294129844 0.6937277317047119 0
1653294137279 0.6929433345794678 1
1653294137295 0.6929433345794678 1
1653294145092 0.692021906375885 2
1653294145108 0.692021906375885 2
1653294153029 0.6896131634712219 3
1653294153044 0.6896131634712219 3
1653294160642 0.6870424151420593 4
1653294160658 0.6870424151420593 4
1653294168016 0.678065299987793 5
1653294168031 0.678065299987793 5
1653294174531 0.6717242002487183 6
1653294174545 0.6717242002487183 6
1653294182344 0.6628385186195374 7
1653294182360 0.6628385186195374 7
1653294189681 0.6537496447563171 8
1653294189697 0.6537496447563171 8
1653294196501 0.6583318710327148 9
1653294196516 0.6583318710327148 9
1653294203041 0.6515373587608337 10
1653294203055 0.6515373587608337 10
1653294210155 0.6563693284988403 11
1653294210169 0.6563693284988403 11
1653294217599 0.6509094834327698 12
1653294217614 0.6509094834327698 12
1653294224962 0.6540873050689697 13
1653294224977 0.6540873050689697 13
1653294231657 0.6488284468650818 14
1653294231672 0.6488284468650818 14
1653294238525 0.6511855721473694 15
1653294238540 0.6511855721473694 15
1653294245025 0.6491909027099609 16
1653294245040 0.6491909027099609 16
1653294251488 0.6509106159210205 17
1653294251502 0.6509106159210205 17
1653294258973 0.6474358439445496 18
1653294258988 0.6474358439445496 18
1653294265863 0.6486697196960449 19
1653294265878 0.6486697196960449 19
