1653307146506 0.4984862804412842 0
1653307146525 0.4984862804412842 0
1653307156306 0.5410031080245972 1
1653307156323 0.5410031080245972 1
1653307164714 0.6479102373123169 2
1653307164731 0.6479102373123169 2
1653307173072 0.6828044056892395 3
1653307173089 0.6828044056892395 3
1653307181436 0.742515504360199 4
1653307181453 0.742515504360199 4
1653307191327 0.7329453229904175 5
1653307191344 0.7329453229904175 5
1653307202348 0.7524617910385132 6
1653307202365 0.7524617910385132 6
1653307212773 0.7666906118392944 7
1653307212791 0.7666906118392944 7
1653307221498 0.7867928743362427 8
1653307221522 0.7867928743362427 8
1653307229804 0.7821290493011475 9
1653307229821 0.7821290493011475 9
1653307238665 0.7912865281105042 10
1653307238682 0.7912865281105042 10
1653307248958 0.7968751788139343 11
1653307248981 0.7968751788139343 11
1653307257077 0.7975434064865112 12
1653307257096 0.7975434064865112 12
1653307265433 0.7982998490333557 13
1653307265449 0.7982998490333557 13
1653307275827 0.7908534407615662 14
1653307275844 0.7908534407615662 14
1653307284723 0.8116495609283447 15
1653307284743 0.8116495609283447 15
1653307295297 0.8130263090133667 16
1653307295315 0.8130263090133667 16
1653307304345 0.8200109601020813 17
1653307304363 0.8200109601020813 17
1653307312502 0.830676794052124 18
1653307312519 0.830676794052124 18
1653307320631 0.8266963958740234 19
1653307320648 0.8266963958740234 19
