1653307146506 0.6710437536239624 0
1653307146525 0.6710437536239624 0
1653307156306 0.6397030353546143 1
1653307156323 0.6397030353546143 1
1653307164714 0.6013714075088501 2
1653307164731 0.6013714075088501 2
1653307173072 0.5794024467468262 3
1653307173089 0.5794024467468262 3
1653307181436 0.5445100665092468 4
1653307181453 0.5445100665092468 4
1653307191327 0.5436403155326843 5
1653307191344 0.5436403155326843 5
1653307202348 0.5289801955223083 6
1653307202365 0.5289801955223083 6
1653307212773 0.5165392160415649 7
1653307212791 0.5165392160415649 7
1653307221498 0.5012290477752686 8
1653307221522 0.5012290477752686 8
1653307229804 0.5025355815887451 9
1653307229821 0.5025355815887451 9
1653307238665 0.49168258905410767 10
1653307238682 0.49168258905410767 10
1653307248958 0.4924948513507843 11
1653307248981 0.4924948513507843 11
1653307257077 0.47662806510925293 12
1653307257096 0.47662806510925293 12
1653307265433 0.48308461904525757 13
1653307265449 0.48308461904525757 13
1653307275827 0.49578216671943665 14
1653307275844 0.49578216671943665 14
1653307284723 0.4721911549568176 15
1653307284743 0.4721911549568176 15
1653307295297 0.47200968861579895 16
1653307295315 0.47200968861579895 16
1653307304345 0.4625689685344696 17
1653307304363 0.4625689685344696 17
1653307312502 0.44984105229377747 18
1653307312519 0.44984105229377747 18
1653307320631 0.4527783691883087 19
1653307320648 0.4527783691883087 19
