1653307146506 0.34470415115356445 0
1653307146525 0.34470415115356445 0
1653307156306 0.25465619564056396 1
1653307156323 0.25465619564056396 1
1653307164714 0.23305048048496246 2
1653307164731 0.23305048048496246 2
1653307173072 0.21899212896823883 3
1653307173089 0.21899212896823883 3
1653307181436 0.1977287232875824 4
1653307181453 0.1977287232875824 4
1653307191327 0.19440212845802307 5
1653307191344 0.19440212845802307 5
1653307202348 0.18701912462711334 6
1653307202365 0.18701912462711334 6
1653307212773 0.18510176241397858 7
1653307212791 0.18510176241397858 7
1653307221498 0.17710058391094208 8
1653307221522 0.17710058391094208 8
1653307229804 0.16701136529445648 9
1653307229821 0.16701136529445648 9
1653307238665 0.17244955897331238 10
1653307238682 0.17244955897331238 10
1653307248958 0.16844847798347473 11
1653307248981 0.16844847798347473 11
1653307257077 0.15627983212471008 12
1653307257096 0.15627983212471008 12
1653307265433 0.16288338601589203 13
1653307265449 0.16288338601589203 13
1653307275827 0.160358265042305 14
1653307275844 0.160358265042305 14
1653307284723 0.1586032658815384 15
1653307284743 0.1586032658815384 15
1653307295297 0.1530403196811676 16
1653307295315 0.1530403196811676 16
1653307304345 0.15501894056797028 17
1653307304363 0.15501894056797028 17
1653307312502 0.14533892273902893 18
1653307312519 0.14533892273902893 18
1653307320631 0.14575190842151642 19
1653307320648 0.14575190842151642 19
