1653307146506 0.1267191618680954 0
1653307146525 0.1267191618680954 0
1653307156306 0.10727705806493759 1
1653307156323 0.10727705806493759 1
1653307164714 0.09707868844270706 2
1653307164731 0.09707868844270706 2
1653307173072 0.08055300265550613 3
1653307173089 0.08055300265550613 3
1653307181436 0.05977102741599083 4
1653307181453 0.05977102741599083 4
1653307191327 0.06686559319496155 5
1653307191344 0.06686559319496155 5
1653307202348 0.053544387221336365 6
1653307202365 0.053544387221336365 6
1653307212773 0.053015779703855515 7
1653307212791 0.053015779703855515 7
1653307221498 0.05375893786549568 8
1653307221522 0.05375893786549568 8
1653307229804 0.05127600207924843 9
1653307229821 0.05127600207924843 9
1653307238665 0.050037071108818054 10
1653307238682 0.050037071108818054 10
1653307248958 0.05079329013824463 11
1653307248981 0.05079329013824463 11
1653307257077 0.04188814014196396 12
1653307257096 0.04188814014196396 12
1653307265433 0.04614632576704025 13
1653307265449 0.04614632576704025 13
1653307275827 0.048188935965299606 14
1653307275844 0.048188935965299606 14
1653307284723 0.03972717002034187 15
1653307284743 0.03972717002034187 15
1653307295297 0.0412205308675766 16
1653307295315 0.0412205308675766 16
1653307304345 0.043517883867025375 17
1653307304363 0.043517883867025375 17
1653307312502 0.03866250067949295 18
1653307312519 0.03866250067949295 18
1653307320631 0.03738616034388542 19
1653307320648 0.03738616034388542 19
