1653307146506 1.0714439153671265 0
1653307146525 1.0714439153671265 0
1653307156306 0.6668450236320496 1
1653307156323 0.6668450236320496 1
1653307164714 0.5872344374656677 2
1653307164731 0.5872344374656677 2
1653307173072 0.5662212371826172 3
1653307173089 0.5662212371826172 3
1653307181436 0.5054581761360168 4
1653307181453 0.5054581761360168 4
1653307191327 0.49185675382614136 5
1653307191344 0.49185675382614136 5
1653307202348 0.47299590706825256 6
1653307202365 0.47299590706825256 6
1653307212773 0.4578738808631897 7
1653307212791 0.4578738808631897 7
1653307221498 0.4586237668991089 8
1653307221522 0.4586237668991089 8
1653307229804 0.43105021119117737 9
1653307229821 0.43105021119117737 9
1653307238665 0.44583073258399963 10
1653307238682 0.44583073258399963 10
1653307248958 0.4204169809818268 11
1653307248981 0.4204169809818268 11
1653307257077 0.41894885897636414 12
1653307257096 0.41894885897636414 12
1653307265433 0.4112411141395569 13
1653307265449 0.4112411141395569 13
1653307275827 0.43287667632102966 14
1653307275844 0.43287667632102966 14
1653307284723 0.41171133518218994 15
1653307284743 0.41171133518218994 15
1653307295297 0.4014621675014496 16
1653307295315 0.4014621675014496 16
1653307304345 0.39742130041122437 17
1653307304363 0.39742130041122437 17
1653307312502 0.38772401213645935 18
1653307312519 0.38772401213645935 18
1653307320631 0.3721756637096405 19
1653307320648 0.3721756637096405 19
