1653307146506 0.036447666585445404 0
1653307146525 0.036447666585445404 0
1653307156306 0.03139246255159378 1
1653307156323 0.03139246255159378 1
1653307164714 0.02988399751484394 2
1653307164731 0.02988399751484394 2
1653307173072 0.025081872940063477 3
1653307173089 0.025081872940063477 3
1653307181436 0.025051232427358627 4
1653307181453 0.025051232427358627 4
1653307191327 0.02062886953353882 5
1653307191344 0.02062886953353882 5
1653307202348 0.01588224060833454 6
1653307202365 0.01588224060833454 6
1653307212773 0.014328807592391968 7
1653307212791 0.014328807592391968 7
1653307221498 0.009192075580358505 8
1653307221522 0.009192075580358505 8
1653307229804 0.008998727425932884 9
1653307229821 0.008998727425932884 9
1653307238665 0.010535742156207561 10
1653307238682 0.010535742156207561 10
1653307248958 0.0075370557606220245 11
1653307248981 0.0075370557606220245 11
1653307257077 0.006919840816408396 12
1653307257096 0.006919840816408396 12
1653307265433 0.007888132706284523 13
1653307265449 0.007888132706284523 13
1653307275827 0.0076433215290308 14
1653307275844 0.0076433215290308 14
1653307284723 0.008257361128926277 15
1653307284743 0.008257361128926277 15
1653307295297 0.009223053231835365 16
1653307295315 0.009223053231835365 16
1653307304345 0.005349492188543081 17
1653307304363 0.005349492188543081 17
1653307312502 0.007463190704584122 18
1653307312519 0.007463190704584122 18
1653307320631 0.004670566413551569 19
1653307320648 0.004670566413551569 19
