1653307146506 0.3539965748786926 0
1653307146525 0.3539965748786926 0
1653307156306 0.2536810040473938 1
1653307156323 0.2536810040473938 1
1653307164714 0.2396446168422699 2
1653307164731 0.2396446168422699 2
1653307173072 0.22520162165164948 3
1653307173089 0.22520162165164948 3
1653307181436 0.20924322307109833 4
1653307181453 0.20924322307109833 4
1653307191327 0.20062880218029022 5
1653307191344 0.20062880218029022 5
1653307202348 0.20800024271011353 6
1653307202365 0.20800024271011353 6
1653307212773 0.21774625778198242 7
1653307212791 0.21774625778198242 7
1653307221498 0.19350112974643707 8
1653307221522 0.19350112974643707 8
1653307229804 0.16809433698654175 9
1653307229821 0.16809433698654175 9
1653307238665 0.18791808187961578 10
1653307238682 0.18791808187961578 10
1653307248958 0.18891936540603638 11
1653307248981 0.18891936540603638 11
1653307257077 0.15300771594047546 12
1653307257096 0.15300771594047546 12
1653307265433 0.1790333241224289 13
1653307265449 0.1790333241224289 13
1653307275827 0.14498333632946014 14
1653307275844 0.14498333632946014 14
1653307284723 0.1714225858449936 15
1653307284743 0.1714225858449936 15
1653307295297 0.14983230829238892 16
1653307295315 0.14983230829238892 16
1653307304345 0.16824710369110107 17
1653307304363 0.16824710369110107 17
1653307312502 0.139461949467659 18
1653307312519 0.139461949467659 18
1653307320631 0.15527668595314026 19
1653307320648 0.15527668595314026 19
