1653298613322 0.6421935558319092 0
1653298613338 0.6421935558319092 0
1653298619735 0.6291294097900391 1
1653298619749 0.6291294097900391 1
1653298625788 0.6259228587150574 2
1653298625802 0.6259228587150574 2
1653298632049 0.6064153909683228 3
1653298632065 0.6064153909683228 3
1653298638192 0.5860210061073303 4
1653298638207 0.5860210061073303 4
1653298645977 0.5572955012321472 5
1653298645992 0.5572955012321472 5
1653298652856 0.5368514657020569 6
1653298652872 0.5368514657020569 6
1653298659058 0.5118833184242249 7
1653298659073 0.5118833184242249 7
1653298666689 0.49406030774116516 8
1653298666705 0.49406030774116516 8
1653298674161 0.48392578959465027 9
1653298674177 0.48392578959465027 9
1653298681165 0.4964105188846588 10
1653298681181 0.4964105188846588 10
1653298687606 0.479470431804657 11
1653298687622 0.479470431804657 11
1653298693670 0.4731720983982086 12
1653298693685 0.4731720983982086 12
1653298700743 0.47700557112693787 13
1653298700758 0.47700557112693787 13
1653298707202 0.4552379250526428 14
1653298707217 0.4552379250526428 14
1653298714139 0.4567610025405884 15
1653298714155 0.4567610025405884 15
1653298720416 0.45201176404953003 16
1653298720430 0.45201176404953003 16
1653298726280 0.4671883285045624 17
1653298726300 0.4671883285045624 17
1653298732715 0.4514434337615967 18
1653298732731 0.4514434337615967 18
1653298740044 0.4471758008003235 19
1653298740060 0.4471758008003235 19
