1653298613322 0.5176445841789246 0
1653298613338 0.5176445841789246 0
1653298619735 0.5589773654937744 1
1653298619749 0.5589773654937744 1
1653298625788 0.5889236927032471 2
1653298625802 0.5889236927032471 2
1653298632049 0.6674372553825378 3
1653298632065 0.6674372553825378 3
1653298638192 0.7009031772613525 4
1653298638207 0.7009031772613525 4
1653298645977 0.7318722605705261 5
1653298645992 0.7318722605705261 5
1653298652856 0.7650299668312073 6
1653298652872 0.7650299668312073 6
1653298659058 0.7844099998474121 7
1653298659073 0.7844099998474121 7
1653298666689 0.79731285572052 8
1653298666705 0.79731285572052 8
1653298674161 0.8091863989830017 9
1653298674177 0.8091863989830017 9
1653298681165 0.7952241897583008 10
1653298681181 0.7952241897583008 10
1653298687606 0.8119928240776062 11
1653298687622 0.8119928240776062 11
1653298693670 0.8175490498542786 12
1653298693685 0.8175490498542786 12
1653298700743 0.8088040947914124 13
1653298700758 0.8088040947914124 13
1653298707202 0.8304766416549683 14
1653298707217 0.8304766416549683 14
1653298714139 0.8273824453353882 15
1653298714155 0.8273824453353882 15
1653298720416 0.8338835835456848 16
1653298720430 0.8338835835456848 16
1653298726280 0.8255937695503235 17
1653298726300 0.8255937695503235 17
1653298732715 0.83247971534729 18
1653298732731 0.83247971534729 18
1653298740044 0.8334590196609497 19
1653298740060 0.8334590196609497 19
