1653298613322 0.38075095415115356 0
1653298613338 0.38075095415115356 0
1653298619735 0.3460102379322052 1
1653298619749 0.3460102379322052 1
1653298625788 0.2919280230998993 2
1653298625802 0.2919280230998993 2
1653298632049 0.2656850516796112 3
1653298632065 0.2656850516796112 3
1653298638192 0.23568229377269745 4
1653298638207 0.23568229377269745 4
1653298645977 0.21565371751785278 5
1653298645992 0.21565371751785278 5
1653298652856 0.20174351334571838 6
1653298652872 0.20174351334571838 6
1653298659058 0.18580101430416107 7
1653298659073 0.18580101430416107 7
1653298666689 0.17729191482067108 8
1653298666705 0.17729191482067108 8
1653298674161 0.16923707723617554 9
1653298674177 0.16923707723617554 9
1653298681165 0.17885476350784302 10
1653298681181 0.17885476350784302 10
1653298687606 0.16716887056827545 11
1653298687622 0.16716887056827545 11
1653298693670 0.1608024537563324 12
1653298693685 0.1608024537563324 12
1653298700743 0.1679745763540268 13
1653298700758 0.1679745763540268 13
1653298707202 0.15191958844661713 14
1653298707217 0.15191958844661713 14
1653298714139 0.15087322890758514 15
1653298714155 0.15087322890758514 15
1653298720416 0.14974844455718994 16
1653298720430 0.14974844455718994 16
1653298726280 0.15528565645217896 17
1653298726300 0.15528565645217896 17
1653298732715 0.1476924866437912 18
1653298732731 0.1476924866437912 18
1653298740044 0.1482803225517273 19
1653298740060 0.1482803225517273 19
