1653298613322 0.22744868695735931 0
1653298613338 0.22744868695735931 0
1653298619735 0.2089909017086029 1
1653298619749 0.2089909017086029 1
1653298625788 0.14509989321231842 2
1653298625802 0.14509989321231842 2
1653298632049 0.12999609112739563 3
1653298632065 0.12999609112739563 3
1653298638192 0.09794396907091141 4
1653298638207 0.09794396907091141 4
1653298645977 0.08317729085683823 5
1653298645992 0.08317729085683823 5
1653298652856 0.06774072349071503 6
1653298652872 0.06774072349071503 6
1653298659058 0.06020627170801163 7
1653298659073 0.06020627170801163 7
1653298666689 0.056954655796289444 8
1653298666705 0.056954655796289444 8
1653298674161 0.04542960971593857 9
1653298674177 0.04542960971593857 9
1653298681165 0.048611875623464584 10
1653298681181 0.048611875623464584 10
1653298687606 0.05092901363968849 11
1653298687622 0.05092901363968849 11
1653298693670 0.04187251999974251 12
1653298693685 0.04187251999974251 12
1653298700743 0.04325595498085022 13
1653298700758 0.04325595498085022 13
1653298707202 0.04158398136496544 14
1653298707217 0.04158398136496544 14
1653298714139 0.037233296781778336 15
1653298714155 0.037233296781778336 15
1653298720416 0.034830622375011444 16
1653298720430 0.034830622375011444 16
1653298726280 0.04021076858043671 17
1653298726300 0.04021076858043671 17
1653298732715 0.03787314519286156 18
1653298732731 0.03787314519286156 18
1653298740044 0.029300518333911896 19
1653298740060 0.029300518333911896 19
