1653298613322 0.8850444555282593 0
1653298613338 0.8850444555282593 0
1653298619735 0.8146709203720093 1
1653298619749 0.8146709203720093 1
1653298625788 0.7319720983505249 2
1653298625802 0.7319720983505249 2
1653298632049 0.6722344160079956 3
1653298632065 0.6722344160079956 3
1653298638192 0.5808451175689697 4
1653298638207 0.5808451175689697 4
1653298645977 0.5397194623947144 5
1653298645992 0.5397194623947144 5
1653298652856 0.47755303978919983 6
1653298652872 0.47755303978919983 6
1653298659058 0.45677661895751953 7
1653298659073 0.45677661895751953 7
1653298666689 0.42288485169410706 8
1653298666705 0.42288485169410706 8
1653298674161 0.4277232885360718 9
1653298674177 0.4277232885360718 9
1653298681165 0.4461195468902588 10
1653298681181 0.4461195468902588 10
1653298687606 0.4113601744174957 11
1653298687622 0.4113601744174957 11
1653298693670 0.3938145041465759 12
1653298693685 0.3938145041465759 12
1653298700743 0.4111141264438629 13
1653298700758 0.4111141264438629 13
1653298707202 0.3887553811073303 14
1653298707217 0.3887553811073303 14
1653298714139 0.3736307919025421 15
1653298714155 0.3736307919025421 15
1653298720416 0.39756348729133606 16
1653298720430 0.39756348729133606 16
1653298726280 0.39933139085769653 17
1653298726300 0.39933139085769653 17
1653298732715 0.3770013749599457 18
1653298732731 0.3770013749599457 18
1653298740044 0.38333168625831604 19
1653298740060 0.38333168625831604 19
