1653298613322 0.08063657581806183 0
1653298613338 0.08063657581806183 0
1653298619735 0.07169362157583237 1
1653298619749 0.07169362157583237 1
1653298625788 0.04156726971268654 2
1653298625802 0.04156726971268654 2
1653298632049 0.03868655860424042 3
1653298632065 0.03868655860424042 3
1653298638192 0.03584679588675499 4
1653298638207 0.03584679588675499 4
1653298645977 0.021027671173214912 5
1653298645992 0.021027671173214912 5
1653298652856 0.03809349238872528 6
1653298652872 0.03809349238872528 6
1653298659058 0.021498143672943115 7
1653298659073 0.021498143672943115 7
1653298666689 0.02365008369088173 8
1653298666705 0.02365008369088173 8
1653298674161 0.021696163341403008 9
1653298674177 0.021696163341403008 9
1653298681165 0.02165650762617588 10
1653298681181 0.02165650762617588 10
1653298687606 0.01766468770802021 11
1653298687622 0.01766468770802021 11
1653298693670 0.017547596246004105 12
1653298693685 0.017547596246004105 12
1653298700743 0.018089313060045242 13
1653298700758 0.018089313060045242 13
1653298707202 0.015124616213142872 14
1653298707217 0.015124616213142872 14
1653298714139 0.013199364766478539 15
1653298714155 0.013199364766478539 15
1653298720416 0.014033659361302853 16
1653298720430 0.014033659361302853 16
1653298726280 0.012906955555081367 17
1653298726300 0.012906955555081367 17
1653298732715 0.013737152330577374 18
1653298732731 0.013737152330577374 18
1653298740044 0.012614862062036991 19
1653298740060 0.012614862062036991 19
