1653298613322 0.48165425658226013 0
1653298613338 0.48165425658226013 0
1653298619735 0.40841129422187805 1
1653298619749 0.40841129422187805 1
1653298625788 0.33038008213043213 2
1653298625802 0.33038008213043213 2
1653298632049 0.2804878354072571 3
1653298632065 0.2804878354072571 3
1653298638192 0.2547089755535126 4
1653298638207 0.2547089755535126 4
1653298645977 0.24001485109329224 5
1653298645992 0.24001485109329224 5
1653298652856 0.22390535473823547 6
1653298652872 0.22390535473823547 6
1653298659058 0.20636577904224396 7
1653298659073 0.20636577904224396 7
1653298666689 0.19945235550403595 8
1653298666705 0.19945235550403595 8
1653298674161 0.18025396764278412 9
1653298674177 0.18025396764278412 9
1653298681165 0.2024688869714737 10
1653298681181 0.2024688869714737 10
1653298687606 0.1823320835828781 11
1653298687622 0.1823320835828781 11
1653298693670 0.1786288321018219 12
1653298693685 0.1786288321018219 12
1653298700743 0.19588327407836914 13
1653298700758 0.19588327407836914 13
1653298707202 0.15323778986930847 14
1653298707217 0.15323778986930847 14
1653298714139 0.16529685258865356 15
1653298714155 0.16529685258865356 15
1653298720416 0.1483469307422638 16
1653298720430 0.1483469307422638 16
1653298726280 0.1603732407093048 17
1653298726300 0.1603732407093048 17
1653298732715 0.14959725737571716 18
1653298732731 0.14959725737571716 18
1653298740044 0.16166873276233673 19
1653298740060 0.16166873276233673 19
