1653293471171 0.6409693360328674 0
1653293471186 0.6409693360328674 0
1653293477897 0.6328446865081787 1
1653293477911 0.6328446865081787 1
1653293485217 0.6316555142402649 2
1653293485232 0.6316555142402649 2
1653293491511 0.6253681182861328 3
1653293491526 0.6253681182861328 3
1653293497988 0.6199047565460205 4
1653293498002 0.6199047565460205 4
1653293505453 0.6115508079528809 5
1653293505467 0.6115508079528809 5
1653293511903 0.5986099243164062 6
1653293511918 0.5986099243164062 6
1653293518424 0.5962754487991333 7
1653293518439 0.5962754487991333 7
1653293524847 0.5899427533149719 8
1653293524861 0.5899427533149719 8
1653293531292 0.5924795269966125 9
1653293531307 0.5924795269966125 9
1653293539069 0.5759665966033936 10
1653293539084 0.5759665966033936 10
1653293546426 0.5866862535476685 11
1653293546441 0.5866862535476685 11
1653293553167 0.5631892681121826 12
1653293553182 0.5631892681121826 12
1653293559607 0.5662977695465088 13
1653293559622 0.5662977695465088 13
1653293566904 0.5664291381835938 14
1653293566925 0.5664291381835938 14
1653293573363 0.5587373971939087 15
1653293573377 0.5587373971939087 15
1653293579909 0.5554446578025818 16
1653293579924 0.5554446578025818 16
1653293586576 0.536098062992096 17
1653293586591 0.536098062992096 17
1653293593831 0.5633113384246826 18
1653293593847 0.5633113384246826 18
1653293602445 0.5370920896530151 19
1653293602460 0.5370920896530151 19
