1653293471171 0.5244125127792358 0
1653293471186 0.5244125127792358 0
1653293477897 0.517438530921936 1
1653293477911 0.517438530921936 1
1653293485217 0.5741345882415771 2
1653293485232 0.5741345882415771 2
1653293491511 0.5817348957061768 3
1653293491526 0.5817348957061768 3
1653293497988 0.6121737957000732 4
1653293498002 0.6121737957000732 4
1653293505453 0.6363749504089355 5
1653293505467 0.6363749504089355 5
1653293511903 0.6432503461837769 6
1653293511918 0.6432503461837769 6
1653293518424 0.6639146208763123 7
1653293518439 0.6639146208763123 7
1653293524847 0.6808023452758789 8
1653293524861 0.6808023452758789 8
1653293531292 0.6750811338424683 9
1653293531307 0.6750811338424683 9
1653293539069 0.698406457901001 10
1653293539084 0.698406457901001 10
1653293546426 0.6860752701759338 11
1653293546441 0.6860752701759338 11
1653293553167 0.7232279181480408 12
1653293553182 0.7232279181480408 12
1653293559607 0.722754180431366 13
1653293559622 0.722754180431366 13
1653293566904 0.7173615097999573 14
1653293566925 0.7173615097999573 14
1653293573363 0.7275219559669495 15
1653293573377 0.7275219559669495 15
1653293579909 0.7313640713691711 16
1653293579924 0.7313640713691711 16
1653293586576 0.7583411931991577 17
1653293586591 0.7583411931991577 17
1653293593831 0.7295918464660645 18
1653293593847 0.7295918464660645 18
1653293602445 0.7558932304382324 19
1653293602460 0.7558932304382324 19
