1653293471171 0.2214905023574829 0
1653293471186 0.2214905023574829 0
1653293477897 0.21757034957408905 1
1653293477911 0.21757034957408905 1
1653293485217 0.21769577264785767 2
1653293485232 0.21769577264785767 2
1653293491511 0.2165016233921051 3
1653293491526 0.2165016233921051 3
1653293497988 0.21682319045066833 4
1653293498002 0.21682319045066833 4
1653293505453 0.20589199662208557 5
1653293505467 0.20589199662208557 5
1653293511903 0.1962875872850418 6
1653293511918 0.1962875872850418 6
1653293518424 0.2031877189874649 7
1653293518439 0.2031877189874649 7
1653293524847 0.19690439105033875 8
1653293524861 0.19690439105033875 8
1653293531292 0.19645579159259796 9
1653293531307 0.19645579159259796 9
1653293539069 0.18572364747524261 10
1653293539084 0.18572364747524261 10
1653293546426 0.19653186202049255 11
1653293546441 0.19653186202049255 11
1653293553167 0.18569479882717133 12
1653293553182 0.18569479882717133 12
1653293559607 0.1809120923280716 13
1653293559622 0.1809120923280716 13
1653293566904 0.18213492631912231 14
1653293566925 0.18213492631912231 14
1653293573363 0.18296311795711517 15
1653293573377 0.18296311795711517 15
1653293579909 0.17659123241901398 16
1653293579924 0.17659123241901398 16
1653293586576 0.1683698296546936 17
1653293586591 0.1683698296546936 17
1653293593831 0.18250764906406403 18
1653293593847 0.18250764906406403 18
1653293602445 0.16938363015651703 19
1653293602460 0.16938363015651703 19
