1653293471171 0.10164417326450348 0
1653293471186 0.10164417326450348 0
1653293477897 0.10030599683523178 1
1653293477911 0.10030599683523178 1
1653293485217 0.09553927928209305 2
1653293485232 0.09553927928209305 2
1653293491511 0.10384689271450043 3
1653293491526 0.10384689271450043 3
1653293497988 0.09738011658191681 4
1653293498002 0.09738011658191681 4
1653293505453 0.08950504660606384 5
1653293505467 0.08950504660606384 5
1653293511903 0.08854919672012329 6
1653293511918 0.08854919672012329 6
1653293518424 0.07835130393505096 7
1653293518439 0.07835130393505096 7
1653293524847 0.08656058460474014 8
1653293524861 0.08656058460474014 8
1653293531292 0.07858476787805557 9
1653293531307 0.07858476787805557 9
1653293539069 0.07327313721179962 10
1653293539084 0.07327313721179962 10
1653293546426 0.07899516075849533 11
1653293546441 0.07899516075849533 11
1653293553167 0.06686822324991226 12
1653293553182 0.06686822324991226 12
1653293559607 0.07187960296869278 13
1653293559622 0.07187960296869278 13
1653293566904 0.0746675431728363 14
1653293566925 0.0746675431728363 14
1653293573363 0.0688091441988945 15
1653293573377 0.0688091441988945 15
1653293579909 0.06523284316062927 16
1653293579924 0.06523284316062927 16
1653293586576 0.06183159351348877 17
1653293586591 0.06183159351348877 17
1653293593831 0.06864967197179794 18
1653293593847 0.06864967197179794 18
1653293602445 0.05884328857064247 19
1653293602460 0.05884328857064247 19
