1653293471171 0.6760520935058594 0
1653293471186 0.6760520935058594 0
1653293477897 0.6669379472732544 1
1653293477911 0.6669379472732544 1
1653293485217 0.6592339873313904 2
1653293485232 0.6592339873313904 2
1653293491511 0.6613920331001282 3
1653293491526 0.6613920331001282 3
1653293497988 0.6416612863540649 4
1653293498002 0.6416612863540649 4
1653293505453 0.628217339515686 5
1653293505467 0.628217339515686 5
1653293511903 0.5777274966239929 6
1653293511918 0.5777274966239929 6
1653293518424 0.5862810015678406 7
1653293518439 0.5862810015678406 7
1653293524847 0.5710248947143555 8
1653293524861 0.5710248947143555 8
1653293531292 0.550832211971283 9
1653293531307 0.550832211971283 9
1653293539069 0.5602290034294128 10
1653293539084 0.5602290034294128 10
1653293546426 0.5624954104423523 11
1653293546441 0.5624954104423523 11
1653293553167 0.5277196168899536 12
1653293553182 0.5277196168899536 12
1653293559607 0.5262954831123352 13
1653293559622 0.5262954831123352 13
1653293566904 0.5196847319602966 14
1653293566925 0.5196847319602966 14
1653293573363 0.5285812616348267 15
1653293573377 0.5285812616348267 15
1653293579909 0.5011923313140869 16
1653293579924 0.5011923313140869 16
1653293586576 0.49280279874801636 17
1653293586591 0.49280279874801636 17
1653293593831 0.5210312604904175 18
1653293593847 0.5210312604904175 18
1653293602445 0.4774222671985626 19
1653293602460 0.4774222671985626 19
