1653293471171 0.028943901881575584 0
1653293471186 0.028943901881575584 0
1653293477897 0.029974225908517838 1
1653293477911 0.029974225908517838 1
1653293485217 0.028103291988372803 2
1653293485232 0.028103291988372803 2
1653293491511 0.02812075987458229 3
1653293491526 0.02812075987458229 3
1653293497988 0.028473448008298874 4
1653293498002 0.028473448008298874 4
1653293505453 0.025585416704416275 5
1653293505467 0.025585416704416275 5
1653293511903 0.027074147015810013 6
1653293511918 0.027074147015810013 6
1653293518424 0.02476627565920353 7
1653293518439 0.02476627565920353 7
1653293524847 0.028718583285808563 8
1653293524861 0.028718583285808563 8
1653293531292 0.024870313704013824 9
1653293531307 0.024870313704013824 9
1653293539069 0.0203213170170784 10
1653293539084 0.0203213170170784 10
1653293546426 0.02307439036667347 11
1653293546441 0.02307439036667347 11
1653293553167 0.02340657263994217 12
1653293553182 0.02340657263994217 12
1653293559607 0.024470508098602295 13
1653293559622 0.024470508098602295 13
1653293566904 0.019867543131113052 14
1653293566925 0.019867543131113052 14
1653293573363 0.021688640117645264 15
1653293573377 0.021688640117645264 15
1653293579909 0.02203850820660591 16
1653293579924 0.02203850820660591 16
1653293586576 0.014561640098690987 17
1653293586591 0.014561640098690987 17
1653293593831 0.02473233826458454 18
1653293593847 0.02473233826458454 18
1653293602445 0.016956215724349022 19
1653293602460 0.016956215724349022 19
