1653293471171 0.242910236120224 0
1653293471186 0.242910236120224 0
1653293477897 0.23871217668056488 1
1653293477911 0.23871217668056488 1
1653293485217 0.24510826170444489 2
1653293485232 0.24510826170444489 2
1653293491511 0.22847117483615875 3
1653293491526 0.22847117483615875 3
1653293497988 0.2548157870769501 4
1653293498002 0.2548157870769501 4
1653293505453 0.22586405277252197 5
1653293505467 0.22586405277252197 5
1653293511903 0.2193477302789688 6
1653293511918 0.2193477302789688 6
1653293518424 0.24619263410568237 7
1653293518439 0.24619263410568237 7
1653293524847 0.2158275842666626 8
1653293524861 0.2158275842666626 8
1653293531292 0.239816814661026 9
1653293531307 0.239816814661026 9
1653293539069 0.19846512377262115 10
1653293539084 0.19846512377262115 10
1653293546426 0.23274515569210052 11
1653293546441 0.23274515569210052 11
1653293553167 0.22062747180461884 12
1653293553182 0.22062747180461884 12
1653293559607 0.20218318700790405 13
1653293559622 0.20218318700790405 13
1653293566904 0.2150682508945465 14
1653293566925 0.2150682508945465 14
1653293573363 0.2078338861465454 15
1653293573377 0.2078338861465454 15
1653293579909 0.20407330989837646 16
1653293579924 0.20407330989837646 16
1653293586576 0.20318949222564697 17
1653293586591 0.20318949222564697 17
1653293593831 0.2096073478460312 18
1653293593847 0.2096073478460312 18
1653293602445 0.20320774614810944 19
1653293602460 0.20320774614810944 19
