1653293471171 0.103962242603302 0
1653293471186 0.103962242603302 0
1653293477897 0.09700436145067215 1
1653293477911 0.09700436145067215 1
1653293485217 0.10379541665315628 2
1653293485232 0.10379541665315628 2
1653293491511 0.10507555305957794 3
1653293491526 0.10507555305957794 3
1653293497988 0.10368411988019943 4
1653293498002 0.10368411988019943 4
1653293505453 0.09675514698028564 5
1653293505467 0.09675514698028564 5
1653293511903 0.08831983804702759 6
1653293511918 0.08831983804702759 6
1653293518424 0.10812138766050339 7
1653293518439 0.10812138766050339 7
1653293524847 0.10186264663934708 8
1653293524861 0.10186264663934708 8
1653293531292 0.10174168646335602 9
1653293531307 0.10174168646335602 9
1653293539069 0.0959886685013771 10
1653293539084 0.0959886685013771 10
1653293546426 0.10542643070220947 11
1653293546441 0.10542643070220947 11
1653293553167 0.10361281782388687 12
1653293553182 0.10361281782388687 12
1653293559607 0.08924761414527893 13
1653293559622 0.08924761414527893 13
1653293566904 0.0900835320353508 14
1653293566925 0.0900835320353508 14
1653293573363 0.10233495384454727 15
1653293573377 0.10233495384454727 15
1653293579909 0.09431104362010956 16
1653293579924 0.09431104362010956 16
1653293586576 0.07881386578083038 17
1653293586591 0.07881386578083038 17
1653293593831 0.09788645803928375 18
1653293593847 0.09788645803928375 18
1653293602445 0.09245841205120087 19
1653293602460 0.09245841205120087 19
