1653307748807 0.5031753182411194 0
1653307748824 0.5031753182411194 0
1653307758982 0.5075994729995728 1
1653307759000 0.5075994729995728 1
1653307767755 0.5443722009658813 2
1653307767772 0.5443722009658813 2
1653307777533 0.5306617021560669 3
1653307777549 0.5306617021560669 3
1653307786415 0.5553547739982605 4
1653307786431 0.5553547739982605 4
1653307794654 0.5878553986549377 5
1653307794670 0.5878553986549377 5
1653307803695 0.6029940843582153 6
1653307803713 0.6029940843582153 6
1653307814125 0.6113848686218262 7
1653307814142 0.6113848686218262 7
1653307823045 0.6308857798576355 8
1653307823062 0.6308857798576355 8
1653307833339 0.6788535714149475 9
1653307833355 0.6788535714149475 9
1653307841934 0.6678549647331238 10
1653307841949 0.6678549647331238 10
1653307850254 0.7071030735969543 11
1653307850269 0.7071030735969543 11
1653307862370 0.6920395493507385 12
1653307862389 0.6920395493507385 12
1653307871967 0.7209576368331909 13
1653307871983 0.7209576368331909 13
1653307880750 0.7327365875244141 14
1653307880767 0.7327365875244141 14
1653307888923 0.6983175873756409 15
1653307888938 0.6983175873756409 15
1653307897816 0.7321667075157166 16
1653307897833 0.7321667075157166 16
1653307908025 0.7649425268173218 17
1653307908042 0.7649425268173218 17
1653307916110 0.7774374485015869 18
1653307916125 0.7774374485015869 18
1653307924905 0.7550070285797119 19
1653307924921 0.7550070285797119 19
