1653307748807 0.6618425846099854 0
1653307748824 0.6618425846099854 0
1653307758982 0.6453909873962402 1
1653307759000 0.6453909873962402 1
1653307767755 0.6318362951278687 2
1653307767772 0.6318362951278687 2
1653307777533 0.636203408241272 3
1653307777549 0.636203408241272 3
1653307786415 0.6295884251594543 4
1653307786431 0.6295884251594543 4
1653307794654 0.6199029684066772 5
1653307794670 0.6199029684066772 5
1653307803695 0.626475989818573 6
1653307803713 0.626475989818573 6
1653307814125 0.6212343573570251 7
1653307814142 0.6212343573570251 7
1653307823045 0.6138343214988708 8
1653307823062 0.6138343214988708 8
1653307833339 0.5915511250495911 9
1653307833355 0.5915511250495911 9
1653307841934 0.5935376286506653 10
1653307841949 0.5935376286506653 10
1653307850254 0.5764758586883545 11
1653307850269 0.5764758586883545 11
1653307862370 0.5778914093971252 12
1653307862389 0.5778914093971252 12
1653307871967 0.5562532544136047 13
1653307871983 0.5562532544136047 13
1653307880750 0.5620389580726624 14
1653307880767 0.5620389580726624 14
1653307888923 0.5774574279785156 15
1653307888938 0.5774574279785156 15
1653307897816 0.5475465059280396 16
1653307897833 0.5475465059280396 16
1653307908025 0.5303021669387817 17
1653307908042 0.5303021669387817 17
1653307916110 0.5222560167312622 18
1653307916125 0.5222560167312622 18
1653307924905 0.53424072265625 19
1653307924921 0.53424072265625 19
