1653307748807 0.35662180185317993 0
1653307748824 0.35662180185317993 0
1653307758982 0.26089227199554443 1
1653307759000 0.26089227199554443 1
1653307767755 0.25657281279563904 2
1653307767772 0.25657281279563904 2
1653307777533 0.24839238822460175 3
1653307777549 0.24839238822460175 3
1653307786415 0.25080740451812744 4
1653307786431 0.25080740451812744 4
1653307794654 0.24112002551555634 5
1653307794670 0.24112002551555634 5
1653307803695 0.24806371331214905 6
1653307803713 0.24806371331214905 6
1653307814125 0.23615668714046478 7
1653307814142 0.23615668714046478 7
1653307823045 0.24108929932117462 8
1653307823062 0.24108929932117462 8
1653307833339 0.21807466447353363 9
1653307833355 0.21807466447353363 9
1653307841934 0.2219734489917755 10
1653307841949 0.2219734489917755 10
1653307850254 0.21883438527584076 11
1653307850269 0.21883438527584076 11
1653307862370 0.21276400983333588 12
1653307862389 0.21276400983333588 12
1653307871967 0.20352201163768768 13
1653307871983 0.20352201163768768 13
1653307880750 0.19865025579929352 14
1653307880767 0.19865025579929352 14
1653307888923 0.21193422377109528 15
1653307888938 0.21193422377109528 15
1653307897816 0.20067764818668365 16
1653307897833 0.20067764818668365 16
1653307908025 0.18926800787448883 17
1653307908042 0.18926800787448883 17
1653307916110 0.18462543189525604 18
1653307916125 0.18462543189525604 18
1653307924905 0.1867215484380722 19
1653307924921 0.1867215484380722 19
