1653307748807 0.1290901005268097 0
1653307748824 0.1290901005268097 0
1653307758982 0.1058817058801651 1
1653307759000 0.1058817058801651 1
1653307767755 0.10511656105518341 2
1653307767772 0.10511656105518341 2
1653307777533 0.09467487037181854 3
1653307777549 0.09467487037181854 3
1653307786415 0.09310858696699142 4
1653307786431 0.09310858696699142 4
1653307794654 0.08828086405992508 5
1653307794670 0.08828086405992508 5
1653307803695 0.09708519279956818 6
1653307803713 0.09708519279956818 6
1653307814125 0.08792369812726974 7
1653307814142 0.08792369812726974 7
1653307823045 0.09077876061201096 8
1653307823062 0.09077876061201096 8
1653307833339 0.07046324759721756 9
1653307833355 0.07046324759721756 9
1653307841934 0.07643871009349823 10
1653307841949 0.07643871009349823 10
1653307850254 0.07395700365304947 11
1653307850269 0.07395700365304947 11
1653307862370 0.06094615161418915 12
1653307862389 0.06094615161418915 12
1653307871967 0.06313468515872955 13
1653307871983 0.06313468515872955 13
1653307880750 0.06572075933218002 14
1653307880767 0.06572075933218002 14
1653307888923 0.06264611333608627 15
1653307888938 0.06264611333608627 15
1653307897816 0.060717593878507614 16
1653307897833 0.060717593878507614 16
1653307908025 0.05925130844116211 17
1653307908042 0.05925130844116211 17
1653307916110 0.050099875777959824 18
1653307916125 0.050099875777959824 18
1653307924905 0.055544618517160416 19
1653307924921 0.055544618517160416 19
