1653307748807 1.1255892515182495 0
1653307748824 1.1255892515182495 0
1653307758982 0.6911605596542358 1
1653307759000 0.6911605596542358 1
1653307767755 0.6868655681610107 2
1653307767772 0.6868655681610107 2
1653307777533 0.6777733564376831 3
1653307777549 0.6777733564376831 3
1653307786415 0.6659868359565735 4
1653307786431 0.6659868359565735 4
1653307794654 0.647347629070282 5
1653307794670 0.647347629070282 5
1653307803695 0.6585583686828613 6
1653307803713 0.6585583686828613 6
1653307814125 0.6482836008071899 7
1653307814142 0.6482836008071899 7
1653307823045 0.6295299530029297 8
1653307823062 0.6295299530029297 8
1653307833339 0.5897800922393799 9
1653307833355 0.5897800922393799 9
1653307841934 0.5881751179695129 10
1653307841949 0.5881751179695129 10
1653307850254 0.5512977838516235 11
1653307850269 0.5512977838516235 11
1653307862370 0.5558275580406189 12
1653307862389 0.5558275580406189 12
1653307871967 0.5448564291000366 13
1653307871983 0.5448564291000366 13
1653307880750 0.5192262530326843 14
1653307880767 0.5192262530326843 14
1653307888923 0.5527379512786865 15
1653307888938 0.5527379512786865 15
1653307897816 0.5099533200263977 16
1653307897833 0.5099533200263977 16
1653307908025 0.4854525625705719 17
1653307908042 0.4854525625705719 17
1653307916110 0.48454955220222473 18
1653307916125 0.48454955220222473 18
1653307924905 0.4977695345878601 19
1653307924921 0.4977695345878601 19
