1653307748807 0.0476241335272789 0
1653307748824 0.0476241335272789 0
1653307758982 0.03716016188263893 1
1653307759000 0.03716016188263893 1
1653307767755 0.0343017652630806 2
1653307767772 0.0343017652630806 2
1653307777533 0.03359650447964668 3
1653307777549 0.03359650447964668 3
1653307786415 0.030246738344430923 4
1653307786431 0.030246738344430923 4
1653307794654 0.028868073597550392 5
1653307794670 0.028868073597550392 5
1653307803695 0.03311242535710335 6
1653307803713 0.03311242535710335 6
1653307814125 0.025914350524544716 7
1653307814142 0.025914350524544716 7
1653307823045 0.025295812636613846 8
1653307823062 0.025295812636613846 8
1653307833339 0.023218194022774696 9
1653307833355 0.023218194022774696 9
1653307841934 0.025477852672338486 10
1653307841949 0.025477852672338486 10
1653307850254 0.02341734804213047 11
1653307850269 0.02341734804213047 11
1653307862370 0.02320627123117447 12
1653307862389 0.02320627123117447 12
1653307871967 0.019412266090512276 13
1653307871983 0.019412266090512276 13
1653307880750 0.019085507839918137 14
1653307880767 0.019085507839918137 14
1653307888923 0.028914082795381546 15
1653307888938 0.028914082795381546 15
1653307897816 0.01699557714164257 16
1653307897833 0.01699557714164257 16
1653307908025 0.01928740181028843 17
1653307908042 0.01928740181028843 17
1653307916110 0.01697482354938984 18
1653307916125 0.01697482354938984 18
1653307924905 0.015026074834167957 19
1653307924921 0.015026074834167957 19
