1653307748807 0.36022940278053284 0
1653307748824 0.36022940278053284 0
1653307758982 0.25780677795410156 1
1653307759000 0.25780677795410156 1
1653307767755 0.2518368363380432 2
1653307767772 0.2518368363380432 2
1653307777533 0.23151786625385284 3
1653307777549 0.23151786625385284 3
1653307786415 0.2596126198768616 4
1653307786431 0.2596126198768616 4
1653307794654 0.23963575065135956 5
1653307794670 0.23963575065135956 5
1653307803695 0.24513906240463257 6
1653307803713 0.24513906240463257 6
1653307814125 0.21979252994060516 7
1653307814142 0.21979252994060516 7
1653307823045 0.2557432949542999 8
1653307823062 0.2557432949542999 8
1653307833339 0.21386779844760895 9
1653307833355 0.21386779844760895 9
1653307841934 0.22193847596645355 10
1653307841949 0.22193847596645355 10
1653307850254 0.2456415295600891 11
1653307850269 0.2456415295600891 11
1653307862370 0.2297855168581009 12
1653307862389 0.2297855168581009 12
1653307871967 0.20723551511764526 13
1653307871983 0.20723551511764526 13
1653307880750 0.19649004936218262 14
1653307880767 0.19649004936218262 14
1653307888923 0.2190316766500473 15
1653307888938 0.2190316766500473 15
1653307897816 0.2273697704076767 16
1653307897833 0.2273697704076767 16
1653307908025 0.19839200377464294 17
1653307908042 0.19839200377464294 17
1653307916110 0.1952803134918213 18
1653307916125 0.1952803134918213 18
1653307924905 0.18644405901432037 19
1653307924921 0.18644405901432037 19
