1653300785055 0.6375894546508789 0
1653300785074 0.6375894546508789 0
1653300792770 0.631805419921875 1
1653300792788 0.631805419921875 1
1653300800785 0.6317760348320007 2
1653300800803 0.6317760348320007 2
1653300808550 0.6264728307723999 3
1653300808568 0.6264728307723999 3
1653300816379 0.6152786612510681 4
1653300816398 0.6152786612510681 4
1653300822735 0.6058509945869446 5
1653300822752 0.6058509945869446 5
1653300829317 0.5974437594413757 6
1653300829339 0.5974437594413757 6
1653300837422 0.6039904952049255 7
1653300837440 0.6039904952049255 7
1653300843866 0.5969699025154114 8
1653300843883 0.5969699025154114 8
1653300851825 0.5781625509262085 9
1653300851843 0.5781625509262085 9
1653300859477 0.5862035155296326 10
1653300859495 0.5862035155296326 10
1653300866674 0.5703411102294922 11
1653300866692 0.5703411102294922 11
1653300873957 0.5587721467018127 12
1653300873975 0.5587721467018127 12
1653300880642 0.5711281299591064 13
1653300880660 0.5711281299591064 13
1653300888265 0.5655163526535034 14
1653300888284 0.5655163526535034 14
1653300895595 0.5657691359519958 15
1653300895613 0.5657691359519958 15
1653300902054 0.5583454966545105 16
1653300902072 0.5583454966545105 16
1653300909314 0.5436834096908569 17
1653300909332 0.5436834096908569 17
1653300916777 0.5273380279541016 18
1653300916794 0.5273380279541016 18
1653300924071 0.529508113861084 19
1653300924089 0.529508113861084 19
