1653300785055 0.5175920128822327 0
1653300785074 0.5175920128822327 0
1653300792770 0.5462954044342041 1
1653300792788 0.5462954044342041 1
1653300800785 0.5604164600372314 2
1653300800803 0.5604164600372314 2
1653300808550 0.5900697708129883 3
1653300808568 0.5900697708129883 3
1653300816379 0.6166554689407349 4
1653300816398 0.6166554689407349 4
1653300822735 0.6349026560783386 5
1653300822752 0.6349026560783386 5
1653300829317 0.6667376756668091 6
1653300829339 0.6667376756668091 6
1653300837422 0.6530479788780212 7
1653300837440 0.6530479788780212 7
1653300843866 0.6751521229743958 8
1653300843883 0.6751521229743958 8
1653300851825 0.6803054809570312 9
1653300851843 0.6803054809570312 9
1653300859477 0.6975687146186829 10
1653300859495 0.6975687146186829 10
1653300866674 0.7102344632148743 11
1653300866692 0.7102344632148743 11
1653300873957 0.7274094223976135 12
1653300873975 0.7274094223976135 12
1653300880642 0.7111684083938599 13
1653300880660 0.7111684083938599 13
1653300888265 0.7124609351158142 14
1653300888284 0.7124609351158142 14
1653300895595 0.719007134437561 15
1653300895613 0.719007134437561 15
1653300902054 0.7308984994888306 16
1653300902072 0.7308984994888306 16
1653300909314 0.7426567673683167 17
1653300909332 0.7426567673683167 17
1653300916777 0.7657054662704468 18
1653300916794 0.7657054662704468 18
1653300924071 0.7579632997512817 19
1653300924089 0.7579632997512817 19
