1653300785055 0.3930089771747589 0
1653300785074 0.3930089771747589 0
1653300792770 0.37565648555755615 1
1653300792788 0.37565648555755615 1
1653300800785 0.33778876066207886 2
1653300800803 0.33778876066207886 2
1653300808550 0.31516528129577637 3
1653300808568 0.31516528129577637 3
1653300816379 0.29831716418266296 4
1653300816398 0.29831716418266296 4
1653300822735 0.28061023354530334 5
1653300822752 0.28061023354530334 5
1653300829317 0.2743898332118988 6
1653300829339 0.2743898332118988 6
1653300837422 0.2682326138019562 7
1653300837440 0.2682326138019562 7
1653300843866 0.2671034336090088 8
1653300843883 0.2671034336090088 8
1653300851825 0.25903868675231934 9
1653300851843 0.25903868675231934 9
1653300859477 0.2621365487575531 10
1653300859495 0.2621365487575531 10
1653300866674 0.2501794993877411 11
1653300866692 0.2501794993877411 11
1653300873957 0.24341954290866852 12
1653300873975 0.24341954290866852 12
1653300880642 0.2486070990562439 13
1653300880660 0.2486070990562439 13
1653300888265 0.2477087378501892 14
1653300888284 0.2477087378501892 14
1653300895595 0.24580170214176178 15
1653300895613 0.24580170214176178 15
1653300902054 0.2455034852027893 16
1653300902072 0.2455034852027893 16
1653300909314 0.237439826130867 17
1653300909332 0.237439826130867 17
1653300916777 0.22637000679969788 18
1653300916794 0.22637000679969788 18
1653300924071 0.23508135974407196 19
1653300924089 0.23508135974407196 19
