1653300785055 0.2129185050725937 0
1653300785074 0.2129185050725937 0
1653300792770 0.20354999601840973 1
1653300792788 0.20354999601840973 1
1653300800785 0.15166029334068298 2
1653300800803 0.15166029334068298 2
1653300808550 0.12047256529331207 3
1653300808568 0.12047256529331207 3
1653300816379 0.11461585760116577 4
1653300816398 0.11461585760116577 4
1653300822735 0.09648676216602325 5
1653300822752 0.09648676216602325 5
1653300829317 0.09242232888936996 6
1653300829339 0.09242232888936996 6
1653300837422 0.0924682766199112 7
1653300837440 0.0924682766199112 7
1653300843866 0.08630169183015823 8
1653300843883 0.08630169183015823 8
1653300851825 0.07804303616285324 9
1653300851843 0.07804303616285324 9
1653300859477 0.07733535766601562 10
1653300859495 0.07733535766601562 10
1653300866674 0.07835584133863449 11
1653300866692 0.07835584133863449 11
1653300873957 0.06941965967416763 12
1653300873975 0.06941965967416763 12
1653300880642 0.06992580741643906 13
1653300880660 0.06992580741643906 13
1653300888265 0.07270477712154388 14
1653300888284 0.07270477712154388 14
1653300895595 0.07488925009965897 15
1653300895613 0.07488925009965897 15
1653300902054 0.06863109022378922 16
1653300902072 0.06863109022378922 16
1653300909314 0.06357809156179428 17
1653300909332 0.06357809156179428 17
1653300916777 0.05791700258851051 18
1653300916794 0.05791700258851051 18
1653300924071 0.06378446519374847 19
1653300924089 0.06378446519374847 19
