1653300785055 0.8889389038085938 0
1653300785074 0.8889389038085938 0
1653300792770 0.8166311383247375 1
1653300792788 0.8166311383247375 1
1653300800785 0.758238673210144 2
1653300800803 0.758238673210144 2
1653300808550 0.7039350271224976 3
1653300808568 0.7039350271224976 3
1653300816379 0.6593930721282959 4
1653300816398 0.6593930721282959 4
1653300822735 0.6149141192436218 5
1653300822752 0.6149141192436218 5
1653300829317 0.5971193313598633 6
1653300829339 0.5971193313598633 6
1653300837422 0.5929901599884033 7
1653300837440 0.5929901599884033 7
1653300843866 0.5828066468238831 8
1653300843883 0.5828066468238831 8
1653300851825 0.5518408417701721 9
1653300851843 0.5518408417701721 9
1653300859477 0.5563722848892212 10
1653300859495 0.5563722848892212 10
1653300866674 0.5420014262199402 11
1653300866692 0.5420014262199402 11
1653300873957 0.5139893293380737 12
1653300873975 0.5139893293380737 12
1653300880642 0.5234746336936951 13
1653300880660 0.5234746336936951 13
1653300888265 0.5153377056121826 14
1653300888284 0.5153377056121826 14
1653300895595 0.5390112996101379 15
1653300895613 0.5390112996101379 15
1653300902054 0.5120499730110168 16
1653300902072 0.5120499730110168 16
1653300909314 0.5050387978553772 17
1653300909332 0.5050387978553772 17
1653300916777 0.47042977809906006 18
1653300916794 0.47042977809906006 18
1653300924071 0.47459137439727783 19
1653300924089 0.47459137439727783 19
