1653300785055 0.058546409010887146 0
1653300785074 0.058546409010887146 0
1653300792770 0.06746169179677963 1
1653300792788 0.06746169179677963 1
1653300800785 0.04705636575818062 2
1653300800803 0.04705636575818062 2
1653300808550 0.0337420254945755 3
1653300808568 0.0337420254945755 3
1653300816379 0.03659814968705177 4
1653300816398 0.03659814968705177 4
1653300822735 0.03239775076508522 5
1653300822752 0.03239775076508522 5
1653300829317 0.031150834634900093 6
1653300829339 0.031150834634900093 6
1653300837422 0.01943203993141651 7
1653300837440 0.01943203993141651 7
1653300843866 0.029457317665219307 8
1653300843883 0.029457317665219307 8
1653300851825 0.02539358288049698 9
1653300851843 0.02539358288049698 9
1653300859477 0.025185633450746536 10
1653300859495 0.025185633450746536 10
1653300866674 0.025015966966748238 11
1653300866692 0.025015966966748238 11
1653300873957 0.01966545730829239 12
1653300873975 0.01966545730829239 12
1653300880642 0.022405261173844337 13
1653300880660 0.022405261173844337 13
1653300888265 0.01991945505142212 14
1653300888284 0.01991945505142212 14
1653300895595 0.020837631076574326 15
1653300895613 0.020837631076574326 15
1653300902054 0.016497021540999413 16
1653300902072 0.016497021540999413 16
1653300909314 0.021033715456724167 17
1653300909332 0.021033715456724167 17
1653300916777 0.021189594641327858 18
1653300916794 0.021189594641327858 18
1653300924071 0.019816070795059204 19
1653300924089 0.019816070795059204 19
