1653300785055 0.4393821656703949 0
1653300785074 0.4393821656703949 0
1653300792770 0.4023566246032715 1
1653300792788 0.4023566246032715 1
1653300800785 0.33737123012542725 2
1653300800803 0.33737123012542725 2
1653300808550 0.3163836896419525 3
1653300808568 0.3163836896419525 3
1653300816379 0.27502167224884033 4
1653300816398 0.27502167224884033 4
1653300822735 0.24892278015613556 5
1653300822752 0.24892278015613556 5
1653300829317 0.24188347160816193 6
1653300829339 0.24188347160816193 6
1653300837422 0.22650502622127533 7
1653300837440 0.22650502622127533 7
1653300843866 0.22807393968105316 8
1653300843883 0.22807393968105316 8
1653300851825 0.23187392950057983 9
1653300851843 0.23187392950057983 9
1653300859477 0.24304921925067902 10
1653300859495 0.24304921925067902 10
1653300866674 0.20015254616737366 11
1653300866692 0.20015254616737366 11
1653300873957 0.20661978423595428 12
1653300873975 0.20661978423595428 12
1653300880642 0.21743838489055634 13
1653300880660 0.21743838489055634 13
1653300888265 0.22108599543571472 14
1653300888284 0.22108599543571472 14
1653300895595 0.19215837121009827 15
1653300895613 0.19215837121009827 15
1653300902054 0.22365911304950714 16
1653300902072 0.22365911304950714 16
1653300909314 0.19778378307819366 17
1653300909332 0.19778378307819366 17
1653300916777 0.17697958648204803 18
1653300916794 0.17697958648204803 18
1653300924071 0.21368508040905 19
1653300924089 0.21368508040905 19
