1653300785055 0.6929882764816284 0
1653300785074 0.6929882764816284 0
1653300792770 0.6923877000808716 1
1653300792788 0.6923877000808716 1
1653300800785 0.6905704736709595 2
1653300800803 0.6905704736709595 2
1653300808550 0.6877623200416565 3
1653300808568 0.6877623200416565 3
1653300816379 0.6757949590682983 4
1653300816398 0.6757949590682983 4
1653300822735 0.6699015498161316 5
1653300822752 0.6699015498161316 5
1653300829317 0.6651649475097656 6
1653300829339 0.6651649475097656 6
1653300837422 0.6621785759925842 7
1653300837440 0.6621785759925842 7
1653300843866 0.6568230390548706 8
1653300843883 0.6568230390548706 8
1653300851825 0.6563160419464111 9
1653300851843 0.6563160419464111 9
1653300859477 0.6537054181098938 10
1653300859495 0.6537054181098938 10
1653300866674 0.6505849957466125 11
1653300866692 0.6505849957466125 11
1653300873957 0.6520644426345825 12
1653300873975 0.6520644426345825 12
1653300880642 0.6503697633743286 13
1653300880660 0.6503697633743286 13
1653300888265 0.6497983932495117 14
1653300888284 0.6497983932495117 14
1653300895595 0.6492749452590942 15
1653300895613 0.6492749452590942 15
1653300902054 0.6518860459327698 16
1653300902072 0.6518860459327698 16
1653300909314 0.6455318927764893 17
1653300909332 0.6455318927764893 17
1653300916777 0.6497555375099182 18
1653300916794 0.6497555375099182 18
1653300924071 0.6463344097137451 19
1653300924089 0.6463344097137451 19
