1652437681440 0.6081984043121338 0
1652437681647 0.6081984043121338 0
1652437829960 0.6838099360466003 1
1652437830072 0.6838099360466003 1
1652437975193 0.7446253299713135 2
1652437975276 0.7446253299713135 2
1652438127050 0.7730220556259155 3
1652438127151 0.7730220556259155 3
1652438285012 0.7931799292564392 4
1652438285097 0.7931799292564392 4
1652438444700 0.8035803437232971 5
1652438444789 0.8035803437232971 5
1652438593227 0.8198608756065369 6
1652438593318 0.8198608756065369 6
1652438743665 0.8321185111999512 7
1652438743807 0.8321185111999512 7
1652438893046 0.8411596417427063 8
1652438893187 0.8411596417427063 8
1652439043532 0.8564861416816711 9
1652439043666 0.8564861416816711 9
1652439202235 0.8735240697860718 10
1652439202327 0.8735240697860718 10
1652439357134 0.8793642520904541 11
1652439357229 0.8793642520904541 11
1652439524331 0.8908252120018005 12
1652439524417 0.8908252120018005 12
1652439686927 0.8998608589172363 13
1652439687003 0.8998608589172363 13
1652439852004 0.9117404222488403 14
1652439852120 0.9117404222488403 14
1652440012179 0.9217543601989746 15
1652440012249 0.9217543601989746 15
1652440175552 0.9288284778594971 16
1652440175627 0.9288284778594971 16
1652440336721 0.9385063052177429 17
1652440336838 0.9385063052177429 17
1652440499272 0.9419847726821899 18
1652440499363 0.9419847726821899 18
1652440656956 0.9509408473968506 19
1652440657093 0.9509408473968506 19
