1652437681440 0.666179895401001 0
1652437681647 0.666179895401001 0
1652437829960 0.6318390965461731 1
1652437830072 0.6318390965461731 1
1652437975193 0.5879858732223511 2
1652437975276 0.5879858732223511 2
1652438127050 0.5605504512786865 3
1652438127151 0.5605504512786865 3
1652438285012 0.5414899587631226 4
1652438285097 0.5414899587631226 4
1652438444700 0.5295278429985046 5
1652438444789 0.5295278429985046 5
1652438593227 0.5115618705749512 6
1652438593318 0.5115618705749512 6
1652438743665 0.49478811025619507 7
1652438743807 0.49478811025619507 7
1652438893046 0.48181766271591187 8
1652438893187 0.48181766271591187 8
1652439043532 0.46113887429237366 9
1652439043666 0.46113887429237366 9
1652439202235 0.438039094209671 10
1652439202327 0.438039094209671 10
1652439357134 0.4267714023590088 11
1652439357229 0.4267714023590088 11
1652439524331 0.40821895003318787 12
1652439524417 0.40821895003318787 12
1652439686927 0.3916184902191162 13
1652439687003 0.3916184902191162 13
1652439852004 0.3675191402435303 14
1652439852120 0.3675191402435303 14
1652440012179 0.34815821051597595 15
1652440012249 0.34815821051597595 15
1652440175552 0.33260437846183777 16
1652440175627 0.33260437846183777 16
1652440336721 0.31041601300239563 17
1652440336838 0.31041601300239563 17
1652440499272 0.30074071884155273 18
1652440499363 0.30074071884155273 18
1652440656956 0.2762899398803711 19
1652440657093 0.2762899398803711 19
