1652437681440 2.1830201148986816 0
1652437681647 2.1830201148986816 0
1652437829960 1.7353498935699463 1
1652437830072 1.7353498935699463 1
1652437975193 1.5375542640686035 2
1652437975276 1.5375542640686035 2
1652438127050 1.4210400581359863 3
1652438127151 1.4210400581359863 3
1652438285012 1.34976065158844 4
1652438285097 1.34976065158844 4
1652438444700 1.293306827545166 5
1652438444789 1.293306827545166 5
1652438593227 1.2533739805221558 6
1652438593318 1.2533739805221558 6
1652438743665 1.1972464323043823 7
1652438743807 1.1972464323043823 7
1652438893046 1.166822075843811 8
1652438893187 1.166822075843811 8
1652439043532 1.1157317161560059 9
1652439043666 1.1157317161560059 9
1652439202235 1.0642110109329224 10
1652439202327 1.0642110109329224 10
1652439357134 1.0258798599243164 11
1652439357229 1.0258798599243164 11
1652439524331 0.9944002628326416 12
1652439524417 0.9944002628326416 12
1652439686927 0.9448249936103821 13
1652439687003 0.9448249936103821 13
1652439852004 0.902334451675415 14
1652439852120 0.902334451675415 14
1652440012179 0.8481385707855225 15
1652440012249 0.8481385707855225 15
1652440175552 0.8188983798027039 16
1652440175627 0.8188983798027039 16
1652440336721 0.7756580114364624 17
1652440336838 0.7756580114364624 17
1652440499272 0.7541150450706482 18
1652440499363 0.7541150450706482 18
1652440656956 0.7021792531013489 19
1652440657093 0.7021792531013489 19
