1652437681440 0.09798615425825119 0
1652437681647 0.09798615425825119 0
1652437829960 0.08683446049690247 1
1652437830072 0.08683446049690247 1
1652437975193 0.07032372802495956 2
1652437975276 0.07032372802495956 2
1652438127050 0.06640146672725677 3
1652438127151 0.06640146672725677 3
1652438285012 0.05855371057987213 4
1652438285097 0.05855371057987213 4
1652438444700 0.05606946721673012 5
1652438444789 0.05606946721673012 5
1652438593227 0.051313553005456924 6
1652438593318 0.051313553005456924 6
1652438743665 0.051842983812093735 7
1652438743807 0.051842983812093735 7
1652438893046 0.049206286668777466 8
1652438893187 0.049206286668777466 8
1652439043532 0.04691237956285477 9
1652439043666 0.04691237956285477 9
1652439202235 0.044695381075143814 10
1652439202327 0.044695381075143814 10
1652439357134 0.04326905310153961 11
1652439357229 0.04326905310153961 11
1652439524331 0.04202602431178093 12
1652439524417 0.04202602431178093 12
1652439686927 0.03893299400806427 13
1652439687003 0.03893299400806427 13
1652439852004 0.03577304258942604 14
1652439852120 0.03577304258942604 14
1652440012179 0.034600548446178436 15
1652440012249 0.034600548446178436 15
1652440175552 0.03515356779098511 16
1652440175627 0.03515356779098511 16
1652440336721 0.029954930767416954 17
1652440336838 0.029954930767416954 17
1652440499272 0.03160256892442703 18
1652440499363 0.03160256892442703 18
1652440656956 0.028706789016723633 19
1652440657093 0.028706789016723633 19
