1652437681440 0.6134572625160217 0
1652437681647 0.6134572625160217 0
1652437829960 0.5455352067947388 1
1652437830072 0.5455352067947388 1
1652437975193 0.4866217374801636 2
1652437975276 0.4866217374801636 2
1652438127050 0.45907527208328247 3
1652438127151 0.45907527208328247 3
1652438285012 0.43962132930755615 4
1652438285097 0.43962132930755615 4
1652438444700 0.41863569617271423 5
1652438444789 0.41863569617271423 5
1652438593227 0.41399988532066345 6
1652438593318 0.41399988532066345 6
1652438743665 0.39335793256759644 7
1652438743807 0.39335793256759644 7
1652438893046 0.3828829526901245 8
1652438893187 0.3828829526901245 8
1652439043532 0.36454084515571594 9
1652439043666 0.36454084515571594 9
1652439202235 0.34284278750419617 10
1652439202327 0.34284278750419617 10
1652439357134 0.33116012811660767 11
1652439357229 0.33116012811660767 11
1652439524331 0.3298986256122589 12
1652439524417 0.3298986256122589 12
1652439686927 0.3000633418560028 13
1652439687003 0.3000633418560028 13
1652439852004 0.2964102625846863 14
1652439852120 0.2964102625846863 14
1652440012179 0.2719452977180481 15
1652440012249 0.2719452977180481 15
1652440175552 0.2624918520450592 16
1652440175627 0.2624918520450592 16
1652440336721 0.25374042987823486 17
1652440336838 0.25374042987823486 17
1652440499272 0.24830986559391022 18
1652440499363 0.24830986559391022 18
1652440656956 0.23295021057128906 19
1652440657093 0.23295021057128906 19
