1652437681440 0.03442534804344177 0
1652437681647 0.03442534804344177 0
1652437829960 0.032521508634090424 1
1652437830072 0.032521508634090424 1
1652437975193 0.03113335557281971 2
1652437975276 0.03113335557281971 2
1652438127050 0.02774660289287567 3
1652438127151 0.02774660289287567 3
1652438285012 0.026321057230234146 4
1652438285097 0.026321057230234146 4
1652438444700 0.024372505024075508 5
1652438444789 0.024372505024075508 5
1652438593227 0.025383558124303818 6
1652438593318 0.025383558124303818 6
1652438743665 0.02202228084206581 7
1652438743807 0.02202228084206581 7
1652438893046 0.022505758330225945 8
1652438893187 0.022505758330225945 8
1652439043532 0.019714197143912315 9
1652439043666 0.019714197143912315 9
1652439202235 0.018829409033060074 10
1652439202327 0.018829409033060074 10
1652439357134 0.017418013885617256 11
1652439357229 0.017418013885617256 11
1652439524331 0.01666230708360672 12
1652439524417 0.01666230708360672 12
1652439686927 0.014940592460334301 13
1652439687003 0.014940592460334301 13
1652439852004 0.014851149171590805 14
1652439852120 0.014851149171590805 14
1652440012179 0.014136402867734432 15
1652440012249 0.014136402867734432 15
1652440175552 0.014694268815219402 16
1652440175627 0.014694268815219402 16
1652440336721 0.01331329345703125 17
1652440336838 0.01331329345703125 17
1652440499272 0.012381008826196194 18
1652440499363 0.012381008826196194 18
1652440656956 0.010587661527097225 19
1652440657093 0.010587661527097225 19
