1652437681440 0.23723401129245758 0
1652437681647 0.23723401129245758 0
1652437829960 0.21864141523838043 1
1652437830072 0.21864141523838043 1
1652437975193 0.19922995567321777 2
1652437975276 0.19922995567321777 2
1652438127050 0.19109708070755005 3
1652438127151 0.19109708070755005 3
1652438285012 0.1856936365365982 4
1652438285097 0.1856936365365982 4
1652438444700 0.17607049643993378 5
1652438444789 0.17607049643993378 5
1652438593227 0.166081964969635 6
1652438593318 0.166081964969635 6
1652438743665 0.16182182729244232 7
1652438743807 0.16182182729244232 7
1652438893046 0.15527161955833435 8
1652438893187 0.15527161955833435 8
1652439043532 0.14524023234844208 9
1652439043666 0.14524023234844208 9
1652439202235 0.14649449288845062 10
1652439202327 0.14649449288845062 10
1652439357134 0.1349375993013382 11
1652439357229 0.1349375993013382 11
1652439524331 0.127194344997406 12
1652439524417 0.127194344997406 12
1652439686927 0.12888328731060028 13
1652439687003 0.12888328731060028 13
1652439852004 0.12204238772392273 14
1652439852120 0.12204238772392273 14
1652440012179 0.11293230205774307 15
1652440012249 0.11293230205774307 15
1652440175552 0.10699839144945145 16
1652440175627 0.10699839144945145 16
1652440336721 0.09928661584854126 17
1652440336838 0.09928661584854126 17
1652440499272 0.0984649807214737 18
1652440499363 0.0984649807214737 18
1652440656956 0.09323150664567947 19
1652440657093 0.09323150664567947 19
