1652437681440 0.10219153016805649 0
1652437681647 0.10219153016805649 0
1652437829960 0.09931974858045578 1
1652437830072 0.09931974858045578 1
1652437975193 0.08448176085948944 2
1652437975276 0.08448176085948944 2
1652438127050 0.054555367678403854 3
1652438127151 0.054555367678403854 3
1652438285012 0.03889603912830353 4
1652438285097 0.03889603912830353 4
1652438444700 0.033796168863773346 5
1652438444789 0.033796168863773346 5
1652438593227 0.033197999000549316 6
1652438593318 0.033197999000549316 6
1652438743665 0.025724783539772034 7
1652438743807 0.025724783539772034 7
1652438893046 0.028339801356196404 8
1652438893187 0.028339801356196404 8
1652439043532 0.030113371089100838 9
1652439043666 0.030113371089100838 9
1652439202235 0.024677542969584465 10
1652439202327 0.024677542969584465 10
1652439357134 0.02422049641609192 11
1652439357229 0.02422049641609192 11
1652439524331 0.027113404124975204 12
1652439524417 0.027113404124975204 12
1652439686927 0.024304091930389404 13
1652439687003 0.024304091930389404 13
1652439852004 0.023724079132080078 14
1652439852120 0.023724079132080078 14
1652440012179 0.02530588209629059 15
1652440012249 0.02530588209629059 15
1652440175552 0.02400384284555912 16
1652440175627 0.02400384284555912 16
1652440336721 0.024597974494099617 17
1652440336838 0.024597974494099617 17
1652440499272 0.021569913253188133 18
1652440499363 0.021569913253188133 18
1652440656956 0.020138930529356003 19
1652440657093 0.020138930529356003 19
