1652437681440 0.431545615196228 0
1652437681647 0.431545615196228 0
1652437829960 0.12065811455249786 1
1652437830072 0.12065811455249786 1
1652437975193 0.07777766138315201 2
1652437975276 0.07777766138315201 2
1652438127050 0.061613526195287704 3
1652438127151 0.061613526195287704 3
1652438285012 0.059184927493333817 4
1652438285097 0.059184927493333817 4
1652438444700 0.05483479052782059 5
1652438444789 0.05483479052782059 5
1652438593227 0.05183492600917816 6
1652438593318 0.05183492600917816 6
1652438743665 0.04768843948841095 7
1652438743807 0.04768843948841095 7
1652438893046 0.046797774732112885 8
1652438893187 0.046797774732112885 8
1652439043532 0.04807203263044357 9
1652439043666 0.04807203263044357 9
1652439202235 0.04863268882036209 10
1652439202327 0.04863268882036209 10
1652439357134 0.04810268059372902 11
1652439357229 0.04810268059372902 11
1652439524331 0.04328645393252373 12
1652439524417 0.04328645393252373 12
1652439686927 0.04608229175209999 13
1652439687003 0.04608229175209999 13
1652439852004 0.042014289647340775 14
1652439852120 0.042014289647340775 14
1652440012179 0.04105999320745468 15
1652440012249 0.04105999320745468 15
1652440175552 0.04295174404978752 16
1652440175627 0.04295174404978752 16
1652440336721 0.04434845969080925 17
1652440336838 0.04434845969080925 17
1652440499272 0.04104592278599739 18
1652440499363 0.04104592278599739 18
1652440656956 0.04027416557073593 19
1652440657093 0.04027416557073593 19
