1653309817471 0.5061404705047607 0
1653309817491 0.5061404705047607 0
1653309826688 0.5183342695236206 1
1653309826709 0.5183342695236206 1
1653309836505 0.5317155718803406 2
1653309836524 0.5317155718803406 2
1653309846747 0.5359086394309998 3
1653309846766 0.5359086394309998 3
1653309856915 0.5629845857620239 4
1653309856936 0.5629845857620239 4
1653309866216 0.5858535766601562 5
1653309866236 0.5858535766601562 5
1653309875876 0.600951611995697 6
1653309875904 0.600951611995697 6
1653309887045 0.6176468729972839 7
1653309887066 0.6176468729972839 7
1653309895794 0.6254351735115051 8
1653309895814 0.6254351735115051 8
1653309905670 0.6329554915428162 9
1653309905690 0.6329554915428162 9
1653309915680 0.6774184703826904 10
1653309915700 0.6774184703826904 10
1653309925699 0.6698560118675232 11
1653309925720 0.6698560118675232 11
1653309936254 0.6999453902244568 12
1653309936275 0.6999453902244568 12
1653309944842 0.7178277373313904 13
1653309944861 0.7178277373313904 13
1653309955300 0.733746349811554 14
1653309955320 0.733746349811554 14
1653309967179 0.7215982675552368 15
1653309967199 0.7215982675552368 15
1653309976322 0.721657931804657 16
1653309976341 0.721657931804657 16
1653309985460 0.7549464702606201 17
1653309985481 0.7549464702606201 17
1653309994314 0.7449987530708313 18
1653309994333 0.7449987530708313 18
1653310002741 0.7594166398048401 19
1653310002761 0.7594166398048401 19
