1653309817471 0.6597353219985962 0
1653309817491 0.6597353219985962 0
1653309826688 0.6378781795501709 1
1653309826709 0.6378781795501709 1
1653309836505 0.636410653591156 2
1653309836524 0.636410653591156 2
1653309846747 0.6302179098129272 3
1653309846766 0.6302179098129272 3
1653309856915 0.6308645009994507 4
1653309856936 0.6308645009994507 4
1653309866216 0.6268553137779236 5
1653309866236 0.6268553137779236 5
1653309875876 0.6165927648544312 6
1653309875904 0.6165927648544312 6
1653309887045 0.6171725988388062 7
1653309887066 0.6171725988388062 7
1653309895794 0.6161254644393921 8
1653309895814 0.6161254644393921 8
1653309905670 0.609127938747406 9
1653309905690 0.609127938747406 9
1653309915680 0.5958338379859924 10
1653309915700 0.5958338379859924 10
1653309925699 0.6000149250030518 11
1653309925720 0.6000149250030518 11
1653309936254 0.5772237181663513 12
1653309936275 0.5772237181663513 12
1653309944842 0.5614053606987 13
1653309944861 0.5614053606987 13
1653309955300 0.5507624745368958 14
1653309955320 0.5507624745368958 14
1653309967179 0.5700185894966125 15
1653309967199 0.5700185894966125 15
1653309976322 0.5655626654624939 16
1653309976341 0.5655626654624939 16
1653309985460 0.5414139628410339 17
1653309985481 0.5414139628410339 17
1653309994314 0.5398703813552856 18
1653309994333 0.5398703813552856 18
1653310002741 0.5343071222305298 19
1653310002761 0.5343071222305298 19
