1653309817471 0.39808720350265503 0
1653309817491 0.39808720350265503 0
1653309826688 0.3033003807067871 1
1653309826709 0.3033003807067871 1
1653309836505 0.29445576667785645 2
1653309836524 0.29445576667785645 2
1653309846747 0.2953055500984192 3
1653309846766 0.2953055500984192 3
1653309856915 0.29027992486953735 4
1653309856936 0.29027992486953735 4
1653309866216 0.2831438183784485 5
1653309866236 0.2831438183784485 5
1653309875876 0.2816411256790161 6
1653309875904 0.2816411256790161 6
1653309887045 0.2864852249622345 7
1653309887066 0.2864852249622345 7
1653309895794 0.27148622274398804 8
1653309895814 0.27148622274398804 8
1653309905670 0.2764785885810852 9
1653309905690 0.2764785885810852 9
1653309915680 0.26663386821746826 10
1653309915700 0.26663386821746826 10
1653309925699 0.27040624618530273 11
1653309925720 0.27040624618530273 11
1653309936254 0.2529476284980774 12
1653309936275 0.2529476284980774 12
1653309944842 0.249650776386261 13
1653309944861 0.249650776386261 13
1653309955300 0.24053220450878143 14
1653309955320 0.24053220450878143 14
1653309967179 0.2481791228055954 15
1653309967199 0.2481791228055954 15
1653309976322 0.24246104061603546 16
1653309976341 0.24246104061603546 16
1653309985460 0.23388250172138214 17
1653309985481 0.23388250172138214 17
1653309994314 0.23863457143306732 18
1653309994333 0.23863457143306732 18
1653310002741 0.23170557618141174 19
1653310002761 0.23170557618141174 19
