1653309817471 0.13266386091709137 0
1653309817491 0.13266386091709137 0
1653309826688 0.11185998469591141 1
1653309826709 0.11185998469591141 1
1653309836505 0.10390665382146835 2
1653309836524 0.10390665382146835 2
1653309846747 0.09619355946779251 3
1653309846766 0.09619355946779251 3
1653309856915 0.1037634089589119 4
1653309856936 0.1037634089589119 4
1653309866216 0.09441886842250824 5
1653309866236 0.09441886842250824 5
1653309875876 0.08747164905071259 6
1653309875904 0.08747164905071259 6
1653309887045 0.09564394503831863 7
1653309887066 0.09564394503831863 7
1653309895794 0.07534924894571304 8
1653309895814 0.07534924894571304 8
1653309905670 0.08190779387950897 9
1653309905690 0.08190779387950897 9
1653309915680 0.07062320411205292 10
1653309915700 0.07062320411205292 10
1653309925699 0.08988817781209946 11
1653309925720 0.08988817781209946 11
1653309936254 0.058378469198942184 12
1653309936275 0.058378469198942184 12
1653309944842 0.0674932450056076 13
1653309944861 0.0674932450056076 13
1653309955300 0.05887162685394287 14
1653309955320 0.05887162685394287 14
1653309967179 0.06318233907222748 15
1653309967199 0.06318233907222748 15
1653309976322 0.059100206941366196 16
1653309976341 0.059100206941366196 16
1653309985460 0.058481164276599884 17
1653309985481 0.058481164276599884 17
1653309994314 0.048877354711294174 18
1653309994333 0.048877354711294174 18
1653310002741 0.05532145872712135 19
1653310002761 0.05532145872712135 19
