1653309817471 1.1923915147781372 0
1653309817491 1.1923915147781372 0
1653309826688 0.6986982226371765 1
1653309826709 0.6986982226371765 1
1653309836505 0.7085620164871216 2
1653309836524 0.7085620164871216 2
1653309846747 0.6640613079071045 3
1653309846766 0.6640613079071045 3
1653309856915 0.6600552797317505 4
1653309856936 0.6600552797317505 4
1653309866216 0.6575272679328918 5
1653309866236 0.6575272679328918 5
1653309875876 0.6388355493545532 6
1653309875904 0.6388355493545532 6
1653309887045 0.6551907062530518 7
1653309887066 0.6551907062530518 7
1653309895794 0.6103246808052063 8
1653309895814 0.6103246808052063 8
1653309905670 0.6181434392929077 9
1653309905690 0.6181434392929077 9
1653309915680 0.5952881574630737 10
1653309915700 0.5952881574630737 10
1653309925699 0.618738055229187 11
1653309925720 0.618738055229187 11
1653309936254 0.5390357375144958 12
1653309936275 0.5390357375144958 12
1653309944842 0.5298643708229065 13
1653309944861 0.5298643708229065 13
1653309955300 0.5199153423309326 14
1653309955320 0.5199153423309326 14
1653309967179 0.5206483602523804 15
1653309967199 0.5206483602523804 15
1653309976322 0.5219725370407104 16
1653309976341 0.5219725370407104 16
1653309985460 0.4916137754917145 17
1653309985481 0.4916137754917145 17
1653309994314 0.49913501739501953 18
1653309994333 0.49913501739501953 18
1653310002741 0.471498966217041 19
1653310002761 0.471498966217041 19
