1653309817471 0.04202152043581009 0
1653309817491 0.04202152043581009 0
1653309826688 0.03297580033540726 1
1653309826709 0.03297580033540726 1
1653309836505 0.028044525533914566 2
1653309836524 0.028044525533914566 2
1653309846747 0.03222905471920967 3
1653309846766 0.03222905471920967 3
1653309856915 0.028387591242790222 4
1653309856936 0.028387591242790222 4
1653309866216 0.02819705381989479 5
1653309866236 0.02819705381989479 5
1653309875876 0.03201247379183769 6
1653309875904 0.03201247379183769 6
1653309887045 0.024807963520288467 7
1653309887066 0.024807963520288467 7
1653309895794 0.028103096410632133 8
1653309895814 0.028103096410632133 8
1653309905670 0.02334744483232498 9
1653309905690 0.02334744483232498 9
1653309915680 0.028764180839061737 10
1653309915700 0.028764180839061737 10
1653309925699 0.021009089425206184 11
1653309925720 0.021009089425206184 11
1653309936254 0.02706814743578434 12
1653309936275 0.02706814743578434 12
1653309944842 0.02082849107682705 13
1653309944861 0.02082849107682705 13
1653309955300 0.02001163363456726 14
1653309955320 0.02001163363456726 14
1653309967179 0.023700688034296036 15
1653309967199 0.023700688034296036 15
1653309976322 0.02294546738266945 16
1653309976341 0.02294546738266945 16
1653309985460 0.017466939985752106 17
1653309985481 0.017466939985752106 17
1653309994314 0.0194496251642704 18
1653309994333 0.0194496251642704 18
1653310002741 0.014471826143562794 19
1653310002761 0.014471826143562794 19
