1653309817471 0.34098801016807556 0
1653309817491 0.34098801016807556 0
1653309826688 0.25461405515670776 1
1653309826709 0.25461405515670776 1
1653309836505 0.22482328116893768 2
1653309836524 0.22482328116893768 2
1653309846747 0.2661729156970978 3
1653309846766 0.2661729156970978 3
1653309856915 0.2417433112859726 4
1653309856936 0.2417433112859726 4
1653309866216 0.220987468957901 5
1653309866236 0.220987468957901 5
1653309875876 0.2357209473848343 6
1653309875904 0.2357209473848343 6
1653309887045 0.24746134877204895 7
1653309887066 0.24746134877204895 7
1653309895794 0.22354096174240112 8
1653309895814 0.22354096174240112 8
1653309905670 0.24645406007766724 9
1653309905690 0.24645406007766724 9
1653309915680 0.22608965635299683 10
1653309915700 0.22608965635299683 10
1653309925699 0.21336793899536133 11
1653309925720 0.21336793899536133 11
1653309936254 0.2206762433052063 12
1653309936275 0.2206762433052063 12
1653309944842 0.2152961790561676 13
1653309944861 0.2152961790561676 13
1653309955300 0.19099514186382294 14
1653309955320 0.19099514186382294 14
1653309967179 0.21189898252487183 15
1653309967199 0.21189898252487183 15
1653309976322 0.18967260420322418 16
1653309976341 0.18967260420322418 16
1653309985460 0.18626245856285095 17
1653309985481 0.18626245856285095 17
1653309994314 0.2151785045862198 18
1653309994333 0.2151785045862198 18
1653310002741 0.20190826058387756 19
1653310002761 0.20190826058387756 19
