1653309817471 0.7520647048950195 0
1653309817491 0.7520647048950195 0
1653309826688 0.7106683254241943 1
1653309826709 0.7106683254241943 1
1653309836505 0.6998381018638611 2
1653309836524 0.6998381018638611 2
1653309846747 0.6981475949287415 3
1653309846766 0.6981475949287415 3
1653309856915 0.6924131512641907 4
1653309856936 0.6924131512641907 4
1653309866216 0.6914094686508179 5
1653309866236 0.6914094686508179 5
1653309875876 0.6878976225852966 6
1653309875904 0.6878976225852966 6
1653309887045 0.6901901364326477 7
1653309887066 0.6901901364326477 7
1653309895794 0.6861406564712524 8
1653309895814 0.6861406564712524 8
1653309905670 0.6835237741470337 9
1653309905690 0.6835237741470337 9
1653309915680 0.6804534196853638 10
1653309915700 0.6804534196853638 10
1653309925699 0.6832209825515747 11
1653309925720 0.6832209825515747 11
1653309936254 0.6781646609306335 12
1653309936275 0.6781646609306335 12
1653309944842 0.6769736409187317 13
1653309944861 0.6769736409187317 13
1653309955300 0.6791832447052002 14
1653309955320 0.6791832447052002 14
1653309967179 0.6757475733757019 15
1653309967199 0.6757475733757019 15
1653309976322 0.6764314770698547 16
1653309976341 0.6764314770698547 16
1653309985460 0.6749244332313538 17
1653309985481 0.6749244332313538 17
1653309994314 0.67431640625 18
1653309994333 0.67431640625 18
1653310002741 0.6698060035705566 19
1653310002761 0.6698060035705566 19
