1653301597054 0.519160270690918 0
1653301597071 0.519160270690918 0
1653301603662 0.5451557636260986 1
1653301603679 0.5451557636260986 1
1653301611159 0.6001560688018799 2
1653301611176 0.6001560688018799 2
1653301619290 0.640339195728302 3
1653301619308 0.640339195728302 3
1653301626790 0.6860887408256531 4
1653301626807 0.6860887408256531 4
1653301634113 0.7347305417060852 5
1653301634130 0.7347305417060852 5
1653301640675 0.7660131454467773 6
1653301640692 0.7660131454467773 6
1653301647046 0.780293881893158 7
1653301647063 0.780293881893158 7
1653301653569 0.7959558963775635 8
1653301653586 0.7959558963775635 8
1653301659919 0.8079161047935486 9
1653301659937 0.8079161047935486 9
1653301666553 0.7867782115936279 10
1653301666570 0.7867782115936279 10
1653301673704 0.7980576157569885 11
1653301673723 0.7980576157569885 11
1653301680996 0.8157459497451782 12
1653301681014 0.8157459497451782 12
1653301687697 0.807217538356781 13
1653301687713 0.807217538356781 13
1653301694982 0.8151721954345703 14
1653301695001 0.8151721954345703 14
1653301701386 0.8217573165893555 15
1653301701403 0.8217573165893555 15
1653301709261 0.8083022832870483 16
1653301709280 0.8083022832870483 16
1653301715712 0.8337083458900452 17
1653301715729 0.8337083458900452 17
1653301723134 0.8123984336853027 18
1653301723151 0.8123984336853027 18
1653301730644 0.8280587196350098 19
1653301730661 0.8280587196350098 19
