1653301597054 0.6399867534637451 0
1653301597071 0.6399867534637451 0
1653301603662 0.6320456862449646 1
1653301603679 0.6320456862449646 1
1653301611159 0.6253653764724731 2
1653301611176 0.6253653764724731 2
1653301619290 0.6086715459823608 3
1653301619308 0.6086715459823608 3
1653301626790 0.5881546139717102 4
1653301626807 0.5881546139717102 4
1653301634113 0.5621479153633118 5
1653301634130 0.5621479153633118 5
1653301640675 0.5280303359031677 6
1653301640692 0.5280303359031677 6
1653301647046 0.5109736323356628 7
1653301647063 0.5109736323356628 7
1653301653569 0.4972495138645172 8
1653301653586 0.4972495138645172 8
1653301659919 0.4750269055366516 9
1653301659937 0.4750269055366516 9
1653301666553 0.5030896067619324 10
1653301666570 0.5030896067619324 10
1653301673704 0.492484986782074 11
1653301673723 0.492484986782074 11
1653301680996 0.47055739164352417 12
1653301681014 0.47055739164352417 12
1653301687697 0.4761918783187866 13
1653301687713 0.4761918783187866 13
1653301694982 0.4681410789489746 14
1653301695001 0.4681410789489746 14
1653301701386 0.46072208881378174 15
1653301701403 0.46072208881378174 15
1653301709261 0.4739227890968323 16
1653301709280 0.4739227890968323 16
1653301715712 0.44935694336891174 17
1653301715729 0.44935694336891174 17
1653301723134 0.46968668699264526 18
1653301723151 0.46968668699264526 18
1653301730644 0.45493602752685547 19
1653301730661 0.45493602752685547 19
