1653301597054 0.4668322801589966 0
1653301597071 0.4668322801589966 0
1653301603662 0.4215559959411621 1
1653301603679 0.4215559959411621 1
1653301611159 0.35863372683525085 2
1653301611176 0.35863372683525085 2
1653301619290 0.36554884910583496 3
1653301619308 0.36554884910583496 3
1653301626790 0.30913349986076355 4
1653301626807 0.30913349986076355 4
1653301634113 0.3208732008934021 5
1653301634130 0.3208732008934021 5
1653301640675 0.24718886613845825 6
1653301640692 0.24718886613845825 6
1653301647046 0.27143222093582153 7
1653301647063 0.27143222093582153 7
1653301653569 0.24726878106594086 8
1653301653586 0.24726878106594086 8
1653301659919 0.20577317476272583 9
1653301659937 0.20577317476272583 9
1653301666553 0.2416372150182724 10
1653301666570 0.2416372150182724 10
1653301673704 0.22303619980812073 11
1653301673723 0.22303619980812073 11
1653301680996 0.21061860024929047 12
1653301681014 0.21061860024929047 12
1653301687697 0.20307298004627228 13
1653301687713 0.20307298004627228 13
1653301694982 0.21218790113925934 14
1653301695001 0.21218790113925934 14
1653301701386 0.1775776445865631 15
1653301701403 0.1775776445865631 15
1653301709261 0.18815356492996216 16
1653301709280 0.18815356492996216 16
1653301715712 0.17623639106750488 17
1653301715729 0.17623639106750488 17
1653301723134 0.1779937893152237 18
1653301723151 0.1779937893152237 18
1653301730644 0.1582345813512802 19
1653301730661 0.1582345813512802 19
