1653301597054 1.175761103630066 0
1653301597071 1.175761103630066 0
1653301603662 1.1158034801483154 1
1653301603679 1.1158034801483154 1
1653301611159 1.0320804119110107 2
1653301611176 1.0320804119110107 2
1653301619290 1.2723673582077026 3
1653301619308 1.2723673582077026 3
1653301626790 0.9869584441184998 4
1653301626807 0.9869584441184998 4
1653301634113 1.3238452672958374 5
1653301634130 1.3238452672958374 5
1653301640675 0.7359126210212708 6
1653301640692 0.7359126210212708 6
1653301647046 1.1091163158416748 7
1653301647063 1.1091163158416748 7
1653301653569 0.8539493083953857 8
1653301653586 0.8539493083953857 8
1653301659919 0.5687482953071594 9
1653301659937 0.5687482953071594 9
1653301666553 0.7852252721786499 10
1653301666570 0.7852252721786499 10
1653301673704 0.7096885442733765 11
1653301673723 0.7096885442733765 11
1653301680996 0.6562261581420898 12
1653301681014 0.6562261581420898 12
1653301687697 0.5161352157592773 13
1653301687713 0.5161352157592773 13
1653301694982 0.6819074153900146 14
1653301695001 0.6819074153900146 14
1653301701386 0.362529993057251 15
1653301701403 0.362529993057251 15
1653301709261 0.41671475768089294 16
1653301709280 0.41671475768089294 16
1653301715712 0.367750883102417 17
1653301715729 0.367750883102417 17
1653301723134 0.3232249915599823 18
1653301723151 0.3232249915599823 18
1653301730644 0.21653902530670166 19
1653301730661 0.21653902530670166 19
