1653301597054 0.24120986461639404 0
1653301597071 0.24120986461639404 0
1653301603662 0.2049890011548996 1
1653301603679 0.2049890011548996 1
1653301611159 0.1548142433166504 2
1653301611176 0.1548142433166504 2
1653301619290 0.12047673761844635 3
1653301619308 0.12047673761844635 3
1653301626790 0.09805762022733688 4
1653301626807 0.09805762022733688 4
1653301634113 0.08898095041513443 5
1653301634130 0.08898095041513443 5
1653301640675 0.0662057027220726 6
1653301640692 0.0662057027220726 6
1653301647046 0.0555376261472702 7
1653301647063 0.0555376261472702 7
1653301653569 0.05616750195622444 8
1653301653586 0.05616750195622444 8
1653301659919 0.050936128944158554 9
1653301659937 0.050936128944158554 9
1653301666553 0.057454291731119156 10
1653301666570 0.057454291731119156 10
1653301673704 0.04862544313073158 11
1653301673723 0.04862544313073158 11
1653301680996 0.044033490121364594 12
1653301681014 0.044033490121364594 12
1653301687697 0.054053451865911484 13
1653301687713 0.054053451865911484 13
1653301694982 0.048366546630859375 14
1653301695001 0.048366546630859375 14
1653301701386 0.04739553481340408 15
1653301701403 0.04739553481340408 15
1653301709261 0.04521336406469345 16
1653301709280 0.04521336406469345 16
1653301715712 0.045980095863342285 17
1653301715729 0.045980095863342285 17
1653301723134 0.04945511743426323 18
1653301723151 0.04945511743426323 18
1653301730644 0.04056025296449661 19
1653301730661 0.04056025296449661 19
