1653301597054 0.8721543550491333 0
1653301597071 0.8721543550491333 0
1653301603662 0.8183338642120361 1
1653301603679 0.8183338642120361 1
1653301611159 0.7381853461265564 2
1653301611176 0.7381853461265564 2
1653301619290 0.6653586030006409 3
1653301619308 0.6653586030006409 3
1653301626790 0.5888838171958923 4
1653301626807 0.5888838171958923 4
1653301634113 0.5161373019218445 5
1653301634130 0.5161373019218445 5
1653301640675 0.46335628628730774 6
1653301640692 0.46335628628730774 6
1653301647046 0.46764516830444336 7
1653301647063 0.46764516830444336 7
1653301653569 0.42561885714530945 8
1653301653586 0.42561885714530945 8
1653301659919 0.40132418274879456 9
1653301659937 0.40132418274879456 9
1653301666553 0.4467056691646576 10
1653301666570 0.4467056691646576 10
1653301673704 0.45122030377388 11
1653301673723 0.45122030377388 11
1653301680996 0.401234894990921 12
1653301681014 0.401234894990921 12
1653301687697 0.4119141101837158 13
1653301687713 0.4119141101837158 13
1653301694982 0.41305822134017944 14
1653301695001 0.41305822134017944 14
1653301701386 0.38534659147262573 15
1653301701403 0.38534659147262573 15
1653301709261 0.40729206800460815 16
1653301709280 0.40729206800460815 16
1653301715712 0.3944928050041199 17
1653301715729 0.3944928050041199 17
1653301723134 0.4069969356060028 18
1653301723151 0.4069969356060028 18
1653301730644 0.3844161033630371 19
1653301730661 0.3844161033630371 19
