1653301597054 0.08172120153903961 0
1653301597071 0.08172120153903961 0
1653301603662 0.06495661288499832 1
1653301603679 0.06495661288499832 1
1653301611159 0.04099864512681961 2
1653301611176 0.04099864512681961 2
1653301619290 0.038338031619787216 3
1653301619308 0.038338031619787216 3
1653301626790 0.03249398618936539 4
1653301626807 0.03249398618936539 4
1653301634113 0.028308013454079628 5
1653301634130 0.028308013454079628 5
1653301640675 0.031201843172311783 6
1653301640692 0.031201843172311783 6
1653301647046 0.02373516373336315 7
1653301647063 0.02373516373336315 7
1653301653569 0.025235187262296677 8
1653301653586 0.025235187262296677 8
1653301659919 0.023788318037986755 9
1653301659937 0.023788318037986755 9
1653301666553 0.021821362897753716 10
1653301666570 0.021821362897753716 10
1653301673704 0.019576475024223328 11
1653301673723 0.019576475024223328 11
1653301680996 0.01688544638454914 12
1653301681014 0.01688544638454914 12
1653301687697 0.015668801963329315 13
1653301687713 0.015668801963329315 13
1653301694982 0.015307633206248283 14
1653301695001 0.015307633206248283 14
1653301701386 0.01773189753293991 15
1653301701403 0.01773189753293991 15
1653301709261 0.014820987358689308 16
1653301709280 0.014820987358689308 16
1653301715712 0.014469540677964687 17
1653301715729 0.014469540677964687 17
1653301723134 0.01635921187698841 18
1653301723151 0.01635921187698841 18
1653301730644 0.013460955582559109 19
1653301730661 0.013460955582559109 19
