1653301597054 0.52987140417099 0
1653301597071 0.52987140417099 0
1653301603662 0.43279942870140076 1
1653301603679 0.43279942870140076 1
1653301611159 0.30019068717956543 2
1653301611176 0.30019068717956543 2
1653301619290 0.32064858078956604 3
1653301619308 0.32064858078956604 3
1653301626790 0.26568323373794556 4
1653301626807 0.26568323373794556 4
1653301634113 0.24096834659576416 5
1653301634130 0.24096834659576416 5
1653301640675 0.22312729060649872 6
1653301640692 0.22312729060649872 6
1653301647046 0.19507308304309845 7
1653301647063 0.19507308304309845 7
1653301653569 0.22628334164619446 8
1653301653586 0.22628334164619446 8
1653301659919 0.1871051788330078 9
1653301659937 0.1871051788330078 9
1653301666553 0.21661359071731567 10
1653301666570 0.21661359071731567 10
1653301673704 0.17388027906417847 11
1653301673723 0.17388027906417847 11
1653301680996 0.18894049525260925 12
1653301681014 0.18894049525260925 12
1653301687697 0.19753213226795197 13
1653301687713 0.19753213226795197 13
1653301694982 0.17482933402061462 14
1653301695001 0.17482933402061462 14
1653301701386 0.17206358909606934 15
1653301701403 0.17206358909606934 15
1653301709261 0.18513423204421997 16
1653301709280 0.18513423204421997 16
1653301715712 0.167939692735672 17
1653301715729 0.167939692735672 17
1653301723134 0.1736016869544983 18
1653301723151 0.1736016869544983 18
1653301730644 0.1606847643852234 19
1653301730661 0.1606847643852234 19
