1653295431467 0.6413136720657349 0
1653295431480 0.6413136720657349 0
1653295438164 0.630831241607666 1
1653295438177 0.630831241607666 1
1653295444374 0.6325812339782715 2
1653295444387 0.6325812339782715 2
1653295452776 0.623601496219635 3
1653295452790 0.623601496219635 3
1653295459852 0.6148247122764587 4
1653295459867 0.6148247122764587 4
1653295467099 0.6089643836021423 5
1653295467114 0.6089643836021423 5
1653295473610 0.6035295724868774 6
1653295473623 0.6035295724868774 6
1653295480937 0.5881866216659546 7
1653295480957 0.5881866216659546 7
1653295487908 0.5923845171928406 8
1653295487922 0.5923845171928406 8
1653295493967 0.5838660001754761 9
1653295493981 0.5838660001754761 9
1653295500941 0.5688985586166382 10
1653295500957 0.5688985586166382 10
1653295508072 0.5707505345344543 11
1653295508087 0.5707505345344543 11
1653295514003 0.5852712988853455 12
1653295514016 0.5852712988853455 12
1653295520059 0.5590916872024536 13
1653295520073 0.5590916872024536 13
1653295527371 0.562012255191803 14
1653295527385 0.562012255191803 14
1653295534342 0.5454711318016052 15
1653295534356 0.5454711318016052 15
1653295541682 0.5402089357376099 16
1653295541695 0.5402089357376099 16
1653295547624 0.5415302515029907 17
1653295547637 0.5415302515029907 17
1653295554529 0.5321821570396423 18
1653295554543 0.5321821570396423 18
1653295561742 0.5448616743087769 19
1653295561757 0.5448616743087769 19
