1653295431467 0.5250111222267151 0
1653295431480 0.5250111222267151 0
1653295438164 0.5411242842674255 1
1653295438177 0.5411242842674255 1
1653295444374 0.5601266622543335 2
1653295444387 0.5601266622543335 2
1653295452776 0.5871007442474365 3
1653295452790 0.5871007442474365 3
1653295459852 0.6341676712036133 4
1653295459867 0.6341676712036133 4
1653295467099 0.6380723714828491 5
1653295467114 0.6380723714828491 5
1653295473610 0.6547728776931763 6
1653295473623 0.6547728776931763 6
1653295480937 0.6744153499603271 7
1653295480957 0.6744153499603271 7
1653295487908 0.6726874113082886 8
1653295487922 0.6726874113082886 8
1653295493967 0.6955469250679016 9
1653295493981 0.6955469250679016 9
1653295500941 0.708554208278656 10
1653295500957 0.708554208278656 10
1653295508072 0.7152847647666931 11
1653295508087 0.7152847647666931 11
1653295514003 0.7058680057525635 12
1653295514016 0.7058680057525635 12
1653295520059 0.7277557253837585 13
1653295520073 0.7277557253837585 13
1653295527371 0.7236062288284302 14
1653295527385 0.7236062288284302 14
1653295534342 0.7482656240463257 15
1653295534356 0.7482656240463257 15
1653295541682 0.7539510726928711 16
1653295541695 0.7539510726928711 16
1653295547624 0.7510006427764893 17
1653295547637 0.7510006427764893 17
1653295554529 0.7647933959960938 18
1653295554543 0.7647933959960938 18
1653295561742 0.7467749714851379 19
1653295561757 0.7467749714851379 19
