1653295431467 0.2515079379081726 0
1653295431480 0.2515079379081726 0
1653295438164 0.24984700977802277 1
1653295438177 0.24984700977802277 1
1653295444374 0.24931295216083527 2
1653295444387 0.24931295216083527 2
1653295452776 0.247327983379364 3
1653295452790 0.247327983379364 3
1653295459852 0.23953182995319366 4
1653295459867 0.23953182995319366 4
1653295467099 0.23656046390533447 5
1653295467114 0.23656046390533447 5
1653295473610 0.22893264889717102 6
1653295473623 0.22893264889717102 6
1653295480937 0.2202640026807785 7
1653295480957 0.2202640026807785 7
1653295487908 0.22471509873867035 8
1653295487922 0.22471509873867035 8
1653295493967 0.21446093916893005 9
1653295493981 0.21446093916893005 9
1653295500941 0.21769872307777405 10
1653295500957 0.21769872307777405 10
1653295508072 0.21034204959869385 11
1653295508087 0.21034204959869385 11
1653295514003 0.21615071594715118 12
1653295514016 0.21615071594715118 12
1653295520059 0.20442619919776917 13
1653295520073 0.20442619919776917 13
1653295527371 0.20477770268917084 14
1653295527385 0.20477770268917084 14
1653295534342 0.20103706419467926 15
1653295534356 0.20103706419467926 15
1653295541682 0.1911935806274414 16
1653295541695 0.1911935806274414 16
1653295547624 0.19585974514484406 17
1653295547637 0.19585974514484406 17
1653295554529 0.18746376037597656 18
1653295554543 0.18746376037597656 18
1653295561742 0.19789837300777435 19
1653295561757 0.19789837300777435 19
