1653295431467 0.10252725332975388 0
1653295431480 0.10252725332975388 0
1653295438164 0.0984618291258812 1
1653295438177 0.0984618291258812 1
1653295444374 0.09323061257600784 2
1653295444387 0.09323061257600784 2
1653295452776 0.09998130053281784 3
1653295452790 0.09998130053281784 3
1653295459852 0.09922811388969421 4
1653295459867 0.09922811388969421 4
1653295467099 0.09084361791610718 5
1653295467114 0.09084361791610718 5
1653295473610 0.08262021094560623 6
1653295473623 0.08262021094560623 6
1653295480937 0.08391018211841583 7
1653295480957 0.08391018211841583 7
1653295487908 0.08561283349990845 8
1653295487922 0.08561283349990845 8
1653295493967 0.08087971061468124 9
1653295493981 0.08087971061468124 9
1653295500941 0.07275371253490448 10
1653295500957 0.07275371253490448 10
1653295508072 0.07852139323949814 11
1653295508087 0.07852139323949814 11
1653295514003 0.07923249900341034 12
1653295514016 0.07923249900341034 12
1653295520059 0.06461683660745621 13
1653295520073 0.06461683660745621 13
1653295527371 0.06742574274539948 14
1653295527385 0.06742574274539948 14
1653295534342 0.07012996077537537 15
1653295534356 0.07012996077537537 15
1653295541682 0.06202901154756546 16
1653295541695 0.06202901154756546 16
1653295547624 0.06231795623898506 17
1653295547637 0.06231795623898506 17
1653295554529 0.05605161190032959 18
1653295554543 0.05605161190032959 18
1653295561742 0.06661878526210785 19
1653295561757 0.06661878526210785 19
