1653295431467 0.6743783354759216 0
1653295431480 0.6743783354759216 0
1653295438164 0.6680742502212524 1
1653295438177 0.6680742502212524 1
1653295444374 0.6736423969268799 2
1653295444387 0.6736423969268799 2
1653295452776 0.6642904877662659 3
1653295452790 0.6642904877662659 3
1653295459852 0.6158143877983093 4
1653295459867 0.6158143877983093 4
1653295467099 0.610709547996521 5
1653295467114 0.610709547996521 5
1653295473610 0.6088287830352783 6
1653295473623 0.6088287830352783 6
1653295480937 0.5535596609115601 7
1653295480957 0.5535596609115601 7
1653295487908 0.5596338510513306 8
1653295487922 0.5596338510513306 8
1653295493967 0.5426887273788452 9
1653295493981 0.5426887273788452 9
1653295500941 0.5531235933303833 10
1653295500957 0.5531235933303833 10
1653295508072 0.521271288394928 11
1653295508087 0.521271288394928 11
1653295514003 0.5706084370613098 12
1653295514016 0.5706084370613098 12
1653295520059 0.5048209428787231 13
1653295520073 0.5048209428787231 13
1653295527371 0.5255422592163086 14
1653295527385 0.5255422592163086 14
1653295534342 0.5064365863800049 15
1653295534356 0.5064365863800049 15
1653295541682 0.4798750877380371 16
1653295541695 0.4798750877380371 16
1653295547624 0.499671995639801 17
1653295547637 0.499671995639801 17
1653295554529 0.45934411883354187 18
1653295554543 0.45934411883354187 18
1653295561742 0.5153807401657104 19
1653295561757 0.5153807401657104 19
