1653295431467 0.027230843901634216 0
1653295431480 0.027230843901634216 0
1653295438164 0.030024416744709015 1
1653295438177 0.030024416744709015 1
1653295444374 0.027451302856206894 2
1653295444387 0.027451302856206894 2
1653295452776 0.027631988748908043 3
1653295452790 0.027631988748908043 3
1653295459852 0.026095561683177948 4
1653295459867 0.026095561683177948 4
1653295467099 0.031164728105068207 5
1653295467114 0.031164728105068207 5
1653295473610 0.025880247354507446 6
1653295473623 0.025880247354507446 6
1653295480937 0.024781793355941772 7
1653295480957 0.024781793355941772 7
1653295487908 0.029311053454875946 8
1653295487922 0.029311053454875946 8
1653295493967 0.023822275921702385 9
1653295493981 0.023822275921702385 9
1653295500941 0.025584561750292778 10
1653295500957 0.025584561750292778 10
1653295508072 0.022877894341945648 11
1653295508087 0.022877894341945648 11
1653295514003 0.02372053451836109 12
1653295514016 0.02372053451836109 12
1653295520059 0.021713901311159134 13
1653295520073 0.021713901311159134 13
1653295527371 0.02352863736450672 14
1653295527385 0.02352863736450672 14
1653295534342 0.021949265152215958 15
1653295534356 0.021949265152215958 15
1653295541682 0.017483320087194443 16
1653295541695 0.017483320087194443 16
1653295547624 0.02280544675886631 17
1653295547637 0.02280544675886631 17
1653295554529 0.01975131221115589 18
1653295554543 0.01975131221115589 18
1653295561742 0.01921602338552475 19
1653295561757 0.01921602338552475 19
