1653295431467 0.24436157941818237 0
1653295431480 0.24436157941818237 0
1653295438164 0.24720051884651184 1
1653295438177 0.24720051884651184 1
1653295444374 0.24965247511863708 2
1653295444387 0.24965247511863708 2
1653295452776 0.24283890426158905 3
1653295452790 0.24283890426158905 3
1653295459852 0.2462334930896759 4
1653295459867 0.2462334930896759 4
1653295467099 0.24230153858661652 5
1653295467114 0.24230153858661652 5
1653295473610 0.22757242619991302 6
1653295473623 0.22757242619991302 6
1653295480937 0.2316344976425171 7
1653295480957 0.2316344976425171 7
1653295487908 0.23827677965164185 8
1653295487922 0.23827677965164185 8
1653295493967 0.21910026669502258 9
1653295493981 0.21910026669502258 9
1653295500941 0.24152378737926483 10
1653295500957 0.24152378737926483 10
1653295508072 0.2246403992176056 11
1653295508087 0.2246403992176056 11
1653295514003 0.20976020395755768 12
1653295514016 0.20976020395755768 12
1653295520059 0.23187138140201569 13
1653295520073 0.23187138140201569 13
1653295527371 0.2127700001001358 14
1653295527385 0.2127700001001358 14
1653295534342 0.2149716466665268 15
1653295534356 0.2149716466665268 15
1653295541682 0.20517337322235107 16
1653295541695 0.20517337322235107 16
1653295547624 0.2057572603225708 17
1653295547637 0.2057572603225708 17
1653295554529 0.20970314741134644 18
1653295554543 0.20970314741134644 18
1653295561742 0.2025575041770935 19
1653295561757 0.2025575041770935 19
