1653293977083 0.5285959839820862 0
1653293977100 0.5285959839820862 0
1653293983947 0.5561884045600891 1
1653293983964 0.5561884045600891 1
1653293991771 0.6036388874053955 2
1653293991787 0.6036388874053955 2
1653293999951 0.6598448753356934 3
1653293999968 0.6598448753356934 3
1653294007893 0.7145031094551086 4
1653294007908 0.7145031094551086 4
1653294015463 0.7620433568954468 5
1653294015479 0.7620433568954468 5
1653294023129 0.7600972056388855 6
1653294023146 0.7600972056388855 6
1653294030992 0.7901401519775391 7
1653294031008 0.7901401519775391 7
1653294037676 0.7993093729019165 8
1653294037690 0.7993093729019165 8
1653294044086 0.7970606684684753 9
1653294044100 0.7970606684684753 9
1653294050939 0.8023266196250916 10
1653294050955 0.8023266196250916 10
1653294057807 0.8079986572265625 11
1653294057823 0.8079986572265625 11
1653294064283 0.8119508028030396 12
1653294064298 0.8119508028030396 12
1653294071635 0.8144943118095398 13
1653294071650 0.8144943118095398 13
1653294078494 0.8247462511062622 14
1653294078508 0.8247462511062622 14
1653294086028 0.8248207569122314 15
1653294086044 0.8248207569122314 15
1653294093038 0.8277416229248047 16
1653294093052 0.8277416229248047 16
1653294099474 0.8378363251686096 17
1653294099489 0.8378363251686096 17
1653294106886 0.8322071433067322 18
1653294106901 0.8322071433067322 18
1653294113364 0.8389565348625183 19
1653294113378 0.8389565348625183 19
