1653293977083 0.6365062594413757 0
1653293977100 0.6365062594413757 0
1653293983947 0.6320955157279968 1
1653293983964 0.6320955157279968 1
1653293991771 0.6246238946914673 2
1653293991787 0.6246238946914673 2
1653293999951 0.5993269085884094 3
1653293999968 0.5993269085884094 3
1653294007893 0.5755003690719604 4
1653294007908 0.5755003690719604 4
1653294015463 0.5297369956970215 5
1653294015479 0.5297369956970215 5
1653294023129 0.537544310092926 6
1653294023146 0.537544310092926 6
1653294030992 0.5017414093017578 7
1653294031008 0.5017414093017578 7
1653294037676 0.4920493960380554 8
1653294037690 0.4920493960380554 8
1653294044086 0.494148850440979 9
1653294044100 0.494148850440979 9
1653294050939 0.4846931993961334 10
1653294050955 0.4846931993961334 10
1653294057807 0.47364136576652527 11
1653294057823 0.47364136576652527 11
1653294064283 0.477364718914032 12
1653294064298 0.477364718914032 12
1653294071635 0.4695459008216858 13
1653294071650 0.4695459008216858 13
1653294078494 0.4638938009738922 14
1653294078508 0.4638938009738922 14
1653294086028 0.4586560130119324 15
1653294086044 0.4586560130119324 15
1653294093038 0.45528319478034973 16
1653294093052 0.45528319478034973 16
1653294099474 0.4447449743747711 17
1653294099489 0.4447449743747711 17
1653294106886 0.45190709829330444 18
1653294106901 0.45190709829330444 18
1653294113364 0.44351887702941895 19
1653294113378 0.44351887702941895 19
