1653293977083 0.2931038737297058 0
1653293977100 0.2931038737297058 0
1653293983947 0.2905656695365906 1
1653293983964 0.2905656695365906 1
1653293991771 0.2860192060470581 2
1653293991787 0.2860192060470581 2
1653293999951 0.2764257490634918 3
1653293999968 0.2764257490634918 3
1653294007893 0.26139557361602783 4
1653294007908 0.26139557361602783 4
1653294015463 0.23749549686908722 5
1653294015479 0.23749549686908722 5
1653294023129 0.24609382450580597 6
1653294023146 0.24609382450580597 6
1653294030992 0.222239688038826 7
1653294031008 0.222239688038826 7
1653294037676 0.21929506957530975 8
1653294037690 0.21929506957530975 8
1653294044086 0.22409477829933167 9
1653294044100 0.22409477829933167 9
1653294050939 0.2142525017261505 10
1653294050955 0.2142525017261505 10
1653294057807 0.21223266422748566 11
1653294057823 0.21223266422748566 11
1653294064283 0.21155370771884918 12
1653294064298 0.21155370771884918 12
1653294071635 0.20456604659557343 13
1653294071650 0.20456604659557343 13
1653294078494 0.20648927986621857 14
1653294078508 0.20648927986621857 14
1653294086028 0.2004329264163971 15
1653294086044 0.2004329264163971 15
1653294093038 0.20051775872707367 16
1653294093052 0.20051775872707367 16
1653294099474 0.1951131373643875 17
1653294099489 0.1951131373643875 17
1653294106886 0.19553492963314056 18
1653294106901 0.19553492963314056 18
1653294113364 0.1944209337234497 19
1653294113378 0.1944209337234497 19
