1653293977083 0.10063139349222183 0
1653293977100 0.10063139349222183 0
1653293983947 0.09937314689159393 1
1653293983964 0.09937314689159393 1
1653293991771 0.10082459449768066 2
1653293991787 0.10082459449768066 2
1653293999951 0.08936978876590729 3
1653293999968 0.08936978876590729 3
1653294007893 0.09370338171720505 4
1653294007908 0.09370338171720505 4
1653294015463 0.07110075652599335 5
1653294015479 0.07110075652599335 5
1653294023129 0.06624756753444672 6
1653294023146 0.06624756753444672 6
1653294030992 0.05481388792395592 7
1653294031008 0.05481388792395592 7
1653294037676 0.055150311440229416 8
1653294037690 0.055150311440229416 8
1653294044086 0.05690818279981613 9
1653294044100 0.05690818279981613 9
1653294050939 0.04859323799610138 10
1653294050955 0.04859323799610138 10
1653294057807 0.04838787391781807 11
1653294057823 0.04838787391781807 11
1653294064283 0.04560374841094017 12
1653294064298 0.04560374841094017 12
1653294071635 0.04200945049524307 13
1653294071650 0.04200945049524307 13
1653294078494 0.04566742852330208 14
1653294078508 0.04566742852330208 14
1653294086028 0.04329627379775047 15
1653294086044 0.04329627379775047 15
1653294093038 0.038537513464689255 16
1653294093052 0.038537513464689255 16
1653294099474 0.04216386377811432 17
1653294099489 0.04216386377811432 17
1653294106886 0.03819221630692482 18
1653294106901 0.03819221630692482 18
1653294113364 0.038860343396663666 19
1653294113378 0.038860343396663666 19
