1653293977083 0.6803029775619507 0
1653293977100 0.6803029775619507 0
1653293983947 0.6679960489273071 1
1653293983964 0.6679960489273071 1
1653293991771 0.6435235142707825 2
1653293991787 0.6435235142707825 2
1653293999951 0.6039323210716248 3
1653293999968 0.6039323210716248 3
1653294007893 0.5343065857887268 4
1653294007908 0.5343065857887268 4
1653294015463 0.45105239748954773 5
1653294015479 0.45105239748954773 5
1653294023129 0.4937857985496521 6
1653294023146 0.4937857985496521 6
1653294030992 0.42661914229393005 7
1653294031008 0.42661914229393005 7
1653294037676 0.41365596652030945 8
1653294037690 0.41365596652030945 8
1653294044086 0.4463001489639282 9
1653294044100 0.4463001489639282 9
1653294050939 0.41891244053840637 10
1653294050955 0.41891244053840637 10
1653294057807 0.40489375591278076 11
1653294057823 0.40489375591278076 11
1653294064283 0.43120720982551575 12
1653294064298 0.43120720982551575 12
1653294071635 0.389412522315979 13
1653294071650 0.389412522315979 13
1653294078494 0.3928670883178711 14
1653294078508 0.3928670883178711 14
1653294086028 0.3995573818683624 15
1653294086044 0.3995573818683624 15
1653294093038 0.38384392857551575 16
1653294093052 0.38384392857551575 16
1653294099474 0.38348862528800964 17
1653294099489 0.38348862528800964 17
1653294106886 0.38254281878471375 18
1653294106901 0.38254281878471375 18
1653294113364 0.38552168011665344 19
1653294113378 0.38552168011665344 19
