1653293977083 0.028962694108486176 0
1653293977100 0.028962694108486176 0
1653293983947 0.029767977073788643 1
1653293983964 0.029767977073788643 1
1653293991771 0.024876758456230164 2
1653293991787 0.024876758456230164 2
1653293999951 0.030446425080299377 3
1653293999968 0.030446425080299377 3
1653294007893 0.024615824222564697 4
1653294007908 0.024615824222564697 4
1653294015463 0.02499653585255146 5
1653294015479 0.02499653585255146 5
1653294023129 0.026248106732964516 6
1653294023146 0.026248106732964516 6
1653294030992 0.024507954716682434 7
1653294031008 0.024507954716682434 7
1653294037676 0.01906409300863743 8
1653294037690 0.01906409300863743 8
1653294044086 0.021440284326672554 9
1653294044100 0.021440284326672554 9
1653294050939 0.016055254265666008 10
1653294050955 0.016055254265666008 10
1653294057807 0.014509642496705055 11
1653294057823 0.014509642496705055 11
1653294064283 0.017797665670514107 12
1653294064298 0.017797665670514107 12
1653294071635 0.012767408974468708 13
1653294071650 0.012767408974468708 13
1653294078494 0.01657046563923359 14
1653294078508 0.01657046563923359 14
1653294086028 0.011195528320968151 15
1653294086044 0.011195528320968151 15
1653294093038 0.011680672876536846 16
1653294093052 0.011680672876536846 16
1653294099474 0.01209803856909275 17
1653294099489 0.01209803856909275 17
1653294106886 0.0109303779900074 18
1653294106901 0.0109303779900074 18
1653294113364 0.009424999356269836 19
1653294113378 0.009424999356269836 19
