1653293977083 0.24222493171691895 0
1653293977100 0.24222493171691895 0
1653293983947 0.2406211644411087 1
1653293983964 0.2406211644411087 1
1653293991771 0.24238330125808716 2
1653293991787 0.24238330125808716 2
1653293999951 0.239511638879776 3
1653293999968 0.239511638879776 3
1653294007893 0.22649841010570526 4
1653294007908 0.22649841010570526 4
1653294015463 0.2114502489566803 5
1653294015479 0.2114502489566803 5
1653294023129 0.2308165729045868 6
1653294023146 0.2308165729045868 6
1653294030992 0.19069097936153412 7
1653294031008 0.19069097936153412 7
1653294037676 0.19674217700958252 8
1653294037690 0.19674217700958252 8
1653294044086 0.19614385068416595 9
1653294044100 0.19614385068416595 9
1653294050939 0.18567055463790894 10
1653294050955 0.18567055463790894 10
1653294057807 0.19354423880577087 11
1653294057823 0.19354423880577087 11
1653294064283 0.1709851175546646 12
1653294064298 0.1709851175546646 12
1653294071635 0.1779251992702484 13
1653294071650 0.1779251992702484 13
1653294078494 0.1792033463716507 14
1653294078508 0.1792033463716507 14
1653294086028 0.1568252146244049 15
1653294086044 0.1568252146244049 15
1653294093038 0.1746543049812317 16
1653294093052 0.1746543049812317 16
1653294099474 0.1473120152950287 17
1653294099489 0.1473120152950287 17
1653294106886 0.15444211661815643 18
1653294106901 0.15444211661815643 18
1653294113364 0.15079881250858307 19
1653294113378 0.15079881250858307 19
