1653293977083 0.6938299536705017 0
1653293977100 0.6938299536705017 0
1653293983947 0.6927568316459656 1
1653293983964 0.6927568316459656 1
1653293991771 0.6916380524635315 2
1653293991787 0.6916380524635315 2
1653293999951 0.6898075938224792 3
1653293999968 0.6898075938224792 3
1653294007893 0.6828840970993042 4
1653294007908 0.6828840970993042 4
1653294015463 0.6772663593292236 5
1653294015479 0.6772663593292236 5
1653294023129 0.6694085597991943 6
1653294023146 0.6694085597991943 6
1653294030992 0.6625293493270874 7
1653294031008 0.6625293493270874 7
1653294037676 0.6598665714263916 8
1653294037690 0.6598665714263916 8
1653294044086 0.6539645791053772 9
1653294044100 0.6539645791053772 9
1653294050939 0.653850793838501 10
1653294050955 0.653850793838501 10
1653294057807 0.6510308980941772 11
1653294057823 0.6510308980941772 11
1653294064283 0.6490728259086609 12
1653294064298 0.6490728259086609 12
1653294071635 0.6484615802764893 13
1653294071650 0.6484615802764893 13
1653294078494 0.6479209065437317 14
1653294078508 0.6479209065437317 14
1653294086028 0.6466493606567383 15
1653294086044 0.6466493606567383 15
1653294093038 0.6458489298820496 16
1653294093052 0.6458489298820496 16
1653294099474 0.6468169093132019 17
1653294099489 0.6468169093132019 17
1653294106886 0.6434090733528137 18
1653294106901 0.6434090733528137 18
1653294113364 0.6458141207695007 19
1653294113378 0.6458141207695007 19
