1653298019692 0.5055631399154663 0
1653298019709 0.5055631399154663 0
1653298027944 0.5246143341064453 1
1653298027964 0.5246143341064453 1
1653298035331 0.5694177746772766 2
1653298035348 0.5694177746772766 2
1653298042281 0.6351004242897034 3
1653298042296 0.6351004242897034 3
1653298049982 0.6809488534927368 4
1653298050000 0.6809488534927368 4
1653298056442 0.7385525703430176 5
1653298056457 0.7385525703430176 5
1653298062899 0.7663012742996216 6
1653298062914 0.7663012742996216 6
1653298069739 0.7766981720924377 7
1653298069755 0.7766981720924377 7
1653298076260 0.7885330319404602 8
1653298076276 0.7885330319404602 8
1653298082731 0.796716570854187 9
1653298082746 0.796716570854187 9
1653298090517 0.7873179912567139 10
1653298090535 0.7873179912567139 10
1653298097816 0.808935284614563 11
1653298097833 0.808935284614563 11
1653298105492 0.8070170879364014 12
1653298105509 0.8070170879364014 12
1653298112746 0.8075288534164429 13
1653298112763 0.8075288534164429 13
1653298120345 0.8069501519203186 14
1653298120362 0.8069501519203186 14
1653298126731 0.8260450959205627 15
1653298126746 0.8260450959205627 15
1653298133221 0.8104782104492188 16
1653298133237 0.8104782104492188 16
1653298141012 0.8175795674324036 17
1653298141029 0.8175795674324036 17
1653298148814 0.8273698091506958 18
1653298148832 0.8273698091506958 18
1653298155717 0.8167581558227539 19
1653298155732 0.8167581558227539 19
