1653298019692 0.6429991126060486 0
1653298019709 0.6429991126060486 0
1653298027944 0.6333489418029785 1
1653298027964 0.6333489418029785 1
1653298035331 0.625017523765564 2
1653298035348 0.625017523765564 2
1653298042281 0.6164719462394714 3
1653298042296 0.6164719462394714 3
1653298049982 0.5943339467048645 4
1653298050000 0.5943339467048645 4
1653298056442 0.5534637570381165 5
1653298056457 0.5534637570381165 5
1653298062899 0.529422402381897 6
1653298062914 0.529422402381897 6
1653298069739 0.5181457996368408 7
1653298069755 0.5181457996368408 7
1653298076260 0.5029932260513306 8
1653298076276 0.5029932260513306 8
1653298082731 0.4933490455150604 9
1653298082746 0.4933490455150604 9
1653298090517 0.4992959201335907 10
1653298090535 0.4992959201335907 10
1653298097816 0.4807048439979553 11
1653298097833 0.4807048439979553 11
1653298105492 0.4715897738933563 12
1653298105509 0.4715897738933563 12
1653298112746 0.4813106656074524 13
1653298112763 0.4813106656074524 13
1653298120345 0.47611942887306213 14
1653298120362 0.47611942887306213 14
1653298126731 0.4581551253795624 15
1653298126746 0.4581551253795624 15
1653298133221 0.47237837314605713 16
1653298133237 0.47237837314605713 16
1653298141012 0.4675186574459076 17
1653298141029 0.4675186574459076 17
1653298148814 0.4546160399913788 18
1653298148832 0.4546160399913788 18
1653298155717 0.4714162051677704 19
1653298155732 0.4714162051677704 19
