1653298019692 0.32757461071014404 0
1653298019709 0.32757461071014404 0
1653298027944 0.34013399481773376 1
1653298027964 0.34013399481773376 1
1653298035331 0.3374658226966858 2
1653298035348 0.3374658226966858 2
1653298042281 0.32979732751846313 3
1653298042296 0.32979732751846313 3
1653298049982 0.3028457760810852 4
1653298050000 0.3028457760810852 4
1653298056442 0.296068012714386 5
1653298056457 0.296068012714386 5
1653298062899 0.26267769932746887 6
1653298062914 0.26267769932746887 6
1653298069739 0.26467165350914 7
1653298069755 0.26467165350914 7
1653298076260 0.2326231598854065 8
1653298076276 0.2326231598854065 8
1653298082731 0.23905713856220245 9
1653298082746 0.23905713856220245 9
1653298090517 0.22241243720054626 10
1653298090535 0.22241243720054626 10
1653298097816 0.21024057269096375 11
1653298097833 0.21024057269096375 11
1653298105492 0.20719006657600403 12
1653298105509 0.20719006657600403 12
1653298112746 0.21866996586322784 13
1653298112763 0.21866996586322784 13
1653298120345 0.19223451614379883 14
1653298120362 0.19223451614379883 14
1653298126731 0.18945232033729553 15
1653298126746 0.18945232033729553 15
1653298133221 0.18894453346729279 16
1653298133237 0.18894453346729279 16
1653298141012 0.17432686686515808 17
1653298141029 0.17432686686515808 17
1653298148814 0.17499606311321259 18
1653298148832 0.17499606311321259 18
1653298155717 0.19257226586341858 19
1653298155732 0.19257226586341858 19
