1653298019692 1.0607775449752808 0
1653298019709 1.0607775449752808 0
1653298027944 1.2293490171432495 1
1653298027964 1.2293490171432495 1
1653298035331 1.2004152536392212 2
1653298035348 1.2004152536392212 2
1653298042281 1.1851123571395874 3
1653298042296 1.1851123571395874 3
1653298049982 1.078895092010498 4
1653298050000 1.078895092010498 4
1653298056442 1.1474971771240234 5
1653298056457 1.1474971771240234 5
1653298062899 0.9197701811790466 6
1653298062914 0.9197701811790466 6
1653298069739 1.040226697921753 7
1653298069755 1.040226697921753 7
1653298076260 0.6871196627616882 8
1653298076276 0.6871196627616882 8
1653298082731 0.8683558106422424 9
1653298082746 0.8683558106422424 9
1653298090517 0.6609115600585938 10
1653298090535 0.6609115600585938 10
1653298097816 0.6038331985473633 11
1653298097833 0.6038331985473633 11
1653298105492 0.6012285351753235 12
1653298105509 0.6012285351753235 12
1653298112746 0.6894822716712952 13
1653298112763 0.6894822716712952 13
1653298120345 0.4697991907596588 14
1653298120362 0.4697991907596588 14
1653298126731 0.46391719579696655 15
1653298126746 0.46391719579696655 15
1653298133221 0.43882182240486145 16
1653298133237 0.43882182240486145 16
1653298141012 0.29878926277160645 17
1653298141029 0.29878926277160645 17
1653298148814 0.36936259269714355 18
1653298148832 0.36936259269714355 18
1653298155717 0.519949734210968 19
1653298155732 0.519949734210968 19
