1653298019692 0.10037732124328613 0
1653298019709 0.10037732124328613 0
1653298027944 0.0934881716966629 1
1653298027964 0.0934881716966629 1
1653298035331 0.0983068197965622 2
1653298035348 0.0983068197965622 2
1653298042281 0.10008106380701065 3
1653298042296 0.10008106380701065 3
1653298049982 0.09423235803842545 4
1653298050000 0.09423235803842545 4
1653298056442 0.0759863331913948 5
1653298056457 0.0759863331913948 5
1653298062899 0.0725933238863945 6
1653298062914 0.0725933238863945 6
1653298069739 0.05632584169507027 7
1653298069755 0.05632584169507027 7
1653298076260 0.059918954968452454 8
1653298076276 0.059918954968452454 8
1653298082731 0.054975491017103195 9
1653298082746 0.054975491017103195 9
1653298090517 0.04478529468178749 10
1653298090535 0.04478529468178749 10
1653298097816 0.048546478152275085 11
1653298097833 0.048546478152275085 11
1653298105492 0.051440078765153885 12
1653298105509 0.051440078765153885 12
1653298112746 0.05055662617087364 13
1653298112763 0.05055662617087364 13
1653298120345 0.043270502239465714 14
1653298120362 0.043270502239465714 14
1653298126731 0.04762788116931915 15
1653298126746 0.04762788116931915 15
1653298133221 0.04621930792927742 16
1653298133237 0.04621930792927742 16
1653298141012 0.04718807339668274 17
1653298141029 0.04718807339668274 17
1653298148814 0.04221557825803757 18
1653298148832 0.04221557825803757 18
1653298155717 0.03913608938455582 19
1653298155732 0.03913608938455582 19
