1653298019692 0.6719717979431152 0
1653298019709 0.6719717979431152 0
1653298027944 0.6632282137870789 1
1653298027964 0.6632282137870789 1
1653298035331 0.6642029285430908 2
1653298035348 0.6642029285430908 2
1653298042281 0.6236313581466675 3
1653298042296 0.6236313581466675 3
1653298049982 0.5494632124900818 4
1653298050000 0.5494632124900818 4
1653298056442 0.5061526298522949 5
1653298056457 0.5061526298522949 5
1653298062899 0.4608139097690582 6
1653298062914 0.4608139097690582 6
1653298069739 0.448013573884964 7
1653298069755 0.448013573884964 7
1653298076260 0.4563279151916504 8
1653298076276 0.4563279151916504 8
1653298082731 0.42119157314300537 9
1653298082746 0.42119157314300537 9
1653298090517 0.4318300485610962 10
1653298090535 0.4318300485610962 10
1653298097816 0.42521432042121887 11
1653298097833 0.42521432042121887 11
1653298105492 0.4159950613975525 12
1653298105509 0.4159950613975525 12
1653298112746 0.42104020714759827 13
1653298112763 0.42104020714759827 13
1653298120345 0.4164910316467285 14
1653298120362 0.4164910316467285 14
1653298126731 0.4129891097545624 15
1653298126746 0.4129891097545624 15
1653298133221 0.41104748845100403 16
1653298133237 0.41104748845100403 16
1653298141012 0.40550696849823 17
1653298141029 0.40550696849823 17
1653298148814 0.40050220489501953 18
1653298148832 0.40050220489501953 18
1653298155717 0.4049451947212219 19
1653298155732 0.4049451947212219 19
