1653298019692 0.0276851337403059 0
1653298019709 0.0276851337403059 0
1653298027944 0.02795773185789585 1
1653298027964 0.02795773185789585 1
1653298035331 0.02664048597216606 2
1653298035348 0.02664048597216606 2
1653298042281 0.03214186802506447 3
1653298042296 0.03214186802506447 3
1653298049982 0.02636391669511795 4
1653298050000 0.02636391669511795 4
1653298056442 0.03177829459309578 5
1653298056457 0.03177829459309578 5
1653298062899 0.027522392570972443 6
1653298062914 0.027522392570972443 6
1653298069739 0.026807326823472977 7
1653298069755 0.026807326823472977 7
1653298076260 0.023283855989575386 8
1653298076276 0.023283855989575386 8
1653298082731 0.024319257587194443 9
1653298082746 0.024319257587194443 9
1653298090517 0.01943989098072052 10
1653298090535 0.01943989098072052 10
1653298097816 0.021862702444195747 11
1653298097833 0.021862702444195747 11
1653298105492 0.01641799509525299 12
1653298105509 0.01641799509525299 12
1653298112746 0.01965763047337532 13
1653298112763 0.01965763047337532 13
1653298120345 0.016402749344706535 14
1653298120362 0.016402749344706535 14
1653298126731 0.018135173246264458 15
1653298126746 0.018135173246264458 15
1653298133221 0.01681802049279213 16
1653298133237 0.01681802049279213 16
1653298141012 0.015542462468147278 17
1653298141029 0.015542462468147278 17
1653298148814 0.015192659571766853 18
1653298148832 0.015192659571766853 18
1653298155717 0.01787768304347992 19
1653298155732 0.01787768304347992 19
