1653298019692 0.2459309846162796 0
1653298019709 0.2459309846162796 0
1653298027944 0.24724651873111725 1
1653298027964 0.24724651873111725 1
1653298035331 0.24684984982013702 2
1653298035348 0.24684984982013702 2
1653298042281 0.23726984858512878 3
1653298042296 0.23726984858512878 3
1653298049982 0.22546513378620148 4
1653298050000 0.22546513378620148 4
1653298056442 0.22134742140769958 5
1653298056457 0.22134742140769958 5
1653298062899 0.21192118525505066 6
1653298062914 0.21192118525505066 6
1653298069739 0.1985258162021637 7
1653298069755 0.1985258162021637 7
1653298076260 0.20673732459545135 8
1653298076276 0.20673732459545135 8
1653298082731 0.18525205552577972 9
1653298082746 0.18525205552577972 9
1653298090517 0.20828667283058167 10
1653298090535 0.20828667283058167 10
1653298097816 0.1797010898590088 11
1653298097833 0.1797010898590088 11
1653298105492 0.17941659688949585 12
1653298105509 0.17941659688949585 12
1653298112746 0.18437382578849792 13
1653298112763 0.18437382578849792 13
1653298120345 0.1736249327659607 14
1653298120362 0.1736249327659607 14
1653298126731 0.1659170389175415 15
1653298126746 0.1659170389175415 15
1653298133221 0.17314091324806213 16
1653298133237 0.17314091324806213 16
1653298141012 0.17243592441082 17
1653298141029 0.17243592441082 17
1653298148814 0.15794801712036133 18
1653298148832 0.15794801712036133 18
1653298155717 0.1643284559249878 19
1653298155732 0.1643284559249878 19
