1653292446111 0.6400827169418335 0
1653292446125 0.6400827169418335 0
1653292454222 0.6299619078636169 1
1653292454236 0.6299619078636169 1
1653292461279 0.6277806758880615 2
1653292461292 0.6277806758880615 2
1653292468204 0.6208570599555969 3
1653292468219 0.6208570599555969 3
1653292474821 0.6124845743179321 4
1653292474835 0.6124845743179321 4
1653292482286 0.6083330512046814 5
1653292482301 0.6083330512046814 5
1653292488786 0.5994884967803955 6
1653292488801 0.5994884967803955 6
1653292495525 0.5896375775337219 7
1653292495539 0.5896375775337219 7
1653292502025 0.6038922667503357 8
1653292502040 0.6038922667503357 8
1653292508513 0.5967950224876404 9
1653292508527 0.5967950224876404 9
1653292516077 0.5711846351623535 10
1653292516092 0.5711846351623535 10
1653292523356 0.5895748138427734 11
1653292523371 0.5895748138427734 11
1653292530798 0.5738850235939026 12
1653292530813 0.5738850235939026 12
1653292538319 0.573814332485199 13
1653292538335 0.573814332485199 13
1653292544854 0.565143883228302 14
1653292544869 0.565143883228302 14
1653292551581 0.5557942986488342 15
1653292551595 0.5557942986488342 15
1653292558117 0.557381272315979 16
1653292558132 0.557381272315979 16
1653292565454 0.564181387424469 17
1653292565471 0.564181387424469 17
1653292573859 0.5415115356445312 18
1653292573875 0.5415115356445312 18
1653292580399 0.5411677360534668 19
1653292580414 0.5411677360534668 19
