1653292446111 0.5252425074577332 0
1653292446125 0.5252425074577332 0
1653292454222 0.5447036027908325 1
1653292454236 0.5447036027908325 1
1653292461279 0.5837559103965759 2
1653292461292 0.5837559103965759 2
1653292468204 0.6023006439208984 3
1653292468219 0.6023006439208984 3
1653292474821 0.6217291951179504 4
1653292474835 0.6217291951179504 4
1653292482286 0.653392493724823 5
1653292482301 0.653392493724823 5
1653292488786 0.6569042205810547 6
1653292488801 0.6569042205810547 6
1653292495525 0.6686816215515137 7
1653292495539 0.6686816215515137 7
1653292502025 0.6624621748924255 8
1653292502040 0.6624621748924255 8
1653292508513 0.6709936857223511 9
1653292508527 0.6709936857223511 9
1653292516077 0.7070232033729553 10
1653292516092 0.7070232033729553 10
1653292523356 0.6835010051727295 11
1653292523371 0.6835010051727295 11
1653292530798 0.7083581686019897 12
1653292530813 0.7083581686019897 12
1653292538319 0.7124301791191101 13
1653292538335 0.7124301791191101 13
1653292544854 0.709750771522522 14
1653292544869 0.709750771522522 14
1653292551581 0.7481527924537659 15
1653292551595 0.7481527924537659 15
1653292558117 0.7312507033348083 16
1653292558132 0.7312507033348083 16
1653292565454 0.721811056137085 17
1653292565471 0.721811056137085 17
1653292573859 0.7532089948654175 18
1653292573875 0.7532089948654175 18
1653292580399 0.7515308856964111 19
1653292580414 0.7515308856964111 19
