1653292446111 0.2264699786901474 0
1653292446125 0.2264699786901474 0
1653292454222 0.22391067445278168 1
1653292454236 0.22391067445278168 1
1653292461279 0.22392700612545013 2
1653292461292 0.22392700612545013 2
1653292468204 0.21806907653808594 3
1653292468219 0.21806907653808594 3
1653292474821 0.21785281598567963 4
1653292474835 0.21785281598567963 4
1653292482286 0.207596555352211 5
1653292482301 0.207596555352211 5
1653292488786 0.20844349265098572 6
1653292488801 0.20844349265098572 6
1653292495525 0.20244045555591583 7
1653292495539 0.20244045555591583 7
1653292502025 0.207740917801857 8
1653292502040 0.207740917801857 8
1653292508513 0.1929587423801422 9
1653292508527 0.1929587423801422 9
1653292516077 0.19453758001327515 10
1653292516092 0.19453758001327515 10
1653292523356 0.19217661023139954 11
1653292523371 0.19217661023139954 11
1653292530798 0.18564721941947937 12
1653292530813 0.18564721941947937 12
1653292538319 0.1792909801006317 13
1653292538335 0.1792909801006317 13
1653292544854 0.17555095255374908 14
1653292544869 0.17555095255374908 14
1653292551581 0.16673898696899414 15
1653292551595 0.16673898696899414 15
1653292558117 0.16882255673408508 16
1653292558132 0.16882255673408508 16
1653292565454 0.17614135146141052 17
1653292565471 0.17614135146141052 17
1653292573859 0.1557270884513855 18
1653292573875 0.1557270884513855 18
1653292580399 0.16047589480876923 19
1653292580414 0.16047589480876923 19
