1653292446111 0.09726910293102264 0
1653292446125 0.09726910293102264 0
1653292454222 0.10302257537841797 1
1653292454236 0.10302257537841797 1
1653292461279 0.0937679186463356 2
1653292461292 0.0937679186463356 2
1653292468204 0.10380501300096512 3
1653292468219 0.10380501300096512 3
1653292474821 0.09073470532894135 4
1653292474835 0.09073470532894135 4
1653292482286 0.09242541342973709 5
1653292482301 0.09242541342973709 5
1653292488786 0.09147859364748001 6
1653292488801 0.09147859364748001 6
1653292495525 0.09081503003835678 7
1653292495539 0.09081503003835678 7
1653292502025 0.08398716896772385 8
1653292502040 0.08398716896772385 8
1653292508513 0.0774889811873436 9
1653292508527 0.0774889811873436 9
1653292516077 0.0811728686094284 10
1653292516092 0.0811728686094284 10
1653292523356 0.08904297649860382 11
1653292523371 0.08904297649860382 11
1653292530798 0.07574643194675446 12
1653292530813 0.07574643194675446 12
1653292538319 0.07947919517755508 13
1653292538335 0.07947919517755508 13
1653292544854 0.064165860414505 14
1653292544869 0.064165860414505 14
1653292551581 0.06954994052648544 15
1653292551595 0.06954994052648544 15
1653292558117 0.0623210072517395 16
1653292558132 0.0623210072517395 16
1653292565454 0.07518333196640015 17
1653292565471 0.07518333196640015 17
1653292573859 0.0695040225982666 18
1653292573875 0.0695040225982666 18
1653292580399 0.06256889551877975 19
1653292580414 0.06256889551877975 19
