1653292446111 0.6762384176254272 0
1653292446125 0.6762384176254272 0
1653292454222 0.6592416167259216 1
1653292454236 0.6592416167259216 1
1653292461279 0.6625233888626099 2
1653292461292 0.6625233888626099 2
1653292468204 0.6528439521789551 3
1653292468219 0.6528439521789551 3
1653292474821 0.6244890093803406 4
1653292474835 0.6244890093803406 4
1653292482286 0.5966004133224487 5
1653292482301 0.5966004133224487 5
1653292488786 0.5904303193092346 6
1653292488801 0.5904303193092346 6
1653292495525 0.5646259784698486 7
1653292495539 0.5646259784698486 7
1653292502025 0.5987409949302673 8
1653292502040 0.5987409949302673 8
1653292508513 0.5734871625900269 9
1653292508527 0.5734871625900269 9
1653292516077 0.5336596965789795 10
1653292516092 0.5336596965789795 10
1653292523356 0.5559327006340027 11
1653292523371 0.5559327006340027 11
1653292530798 0.5341978073120117 12
1653292530813 0.5341978073120117 12
1653292538319 0.5481243133544922 13
1653292538335 0.5481243133544922 13
1653292544854 0.5293681621551514 14
1653292544869 0.5293681621551514 14
1653292551581 0.502791166305542 15
1653292551595 0.502791166305542 15
1653292558117 0.5098986029624939 16
1653292558132 0.5098986029624939 16
1653292565454 0.5421775579452515 17
1653292565471 0.5421775579452515 17
1653292573859 0.4854751527309418 18
1653292573875 0.4854751527309418 18
1653292580399 0.48953190445899963 19
1653292580414 0.48953190445899963 19
