1653292446111 0.029207656159996986 0
1653292446125 0.029207656159996986 0
1653292454222 0.028179410845041275 1
1653292454236 0.028179410845041275 1
1653292461279 0.029640188440680504 2
1653292461292 0.029640188440680504 2
1653292468204 0.027339598163962364 3
1653292468219 0.027339598163962364 3
1653292474821 0.02716655656695366 4
1653292474835 0.02716655656695366 4
1653292482286 0.02507929876446724 5
1653292482301 0.02507929876446724 5
1653292488786 0.029746752232313156 6
1653292488801 0.029746752232313156 6
1653292495525 0.022557614371180534 7
1653292495539 0.022557614371180534 7
1653292502025 0.026340734213590622 8
1653292502040 0.026340734213590622 8
1653292508513 0.024825450032949448 9
1653292508527 0.024825450032949448 9
1653292516077 0.021314719691872597 10
1653292516092 0.021314719691872597 10
1653292523356 0.03171645104885101 11
1653292523371 0.03171645104885101 11
1653292530798 0.017942888662219048 12
1653292530813 0.017942888662219048 12
1653292538319 0.02829935774207115 13
1653292538335 0.02829935774207115 13
1653292544854 0.025229893624782562 14
1653292544869 0.025229893624782562 14
1653292551581 0.020201385021209717 15
1653292551595 0.020201385021209717 15
1653292558117 0.02260531112551689 16
1653292558132 0.02260531112551689 16
1653292565454 0.022364068776369095 17
1653292565471 0.022364068776369095 17
1653292573859 0.0185686182230711 18
1653292573875 0.0185686182230711 18
1653292580399 0.021304495632648468 19
1653292580414 0.021304495632648468 19
