1653292446111 0.24062566459178925 0
1653292446125 0.24062566459178925 0
1653292454222 0.24142631888389587 1
1653292454236 0.24142631888389587 1
1653292461279 0.2476479411125183 2
1653292461292 0.2476479411125183 2
1653292468204 0.21863041818141937 3
1653292468219 0.21863041818141937 3
1653292474821 0.2570748031139374 4
1653292474835 0.2570748031139374 4
1653292482286 0.2224980890750885 5
1653292482301 0.2224980890750885 5
1653292488786 0.2401229292154312 6
1653292488801 0.2401229292154312 6
1653292495525 0.22487060725688934 7
1653292495539 0.22487060725688934 7
1653292502025 0.24934671819210052 8
1653292502040 0.24934671819210052 8
1653292508513 0.2082979530096054 9
1653292508527 0.2082979530096054 9
1653292516077 0.24766695499420166 10
1653292516092 0.24766695499420166 10
1653292523356 0.21459068357944489 11
1653292523371 0.21459068357944489 11
1653292530798 0.2247432917356491 12
1653292530813 0.2247432917356491 12
1653292538319 0.20385733246803284 13
1653292538335 0.20385733246803284 13
1653292544854 0.23124681413173676 14
1653292544869 0.23124681413173676 14
1653292551581 0.2059321403503418 15
1653292551595 0.2059321403503418 15
1653292558117 0.214565709233284 16
1653292558132 0.214565709233284 16
1653292565454 0.2301398664712906 17
1653292565471 0.2301398664712906 17
1653292573859 0.1787029206752777 18
1653292573875 0.1787029206752777 18
1653292580399 0.2076907753944397 19
1653292580414 0.2076907753944397 19
