1653292446111 0.13304130733013153 0
1653292446125 0.13304130733013153 0
1653292454222 0.1288032829761505 1
1653292454236 0.1288032829761505 1
1653292461279 0.13038064539432526 2
1653292461292 0.13038064539432526 2
1653292468204 0.12707580626010895 3
1653292468219 0.12707580626010895 3
1653292474821 0.1259753555059433 4
1653292474835 0.1259753555059433 4
1653292482286 0.12323444336652756 5
1653292482301 0.12323444336652756 5
1653292488786 0.11523854732513428 6
1653292488801 0.11523854732513428 6
1653292495525 0.1260252147912979 7
1653292495539 0.1260252147912979 7
1653292502025 0.10855583101511002 8
1653292502040 0.10855583101511002 8
1653292508513 0.09639204293489456 9
1653292508527 0.09639204293489456 9
1653292516077 0.10362250357866287 10
1653292516092 0.10362250357866287 10
1653292523356 0.08076781034469604 11
1653292523371 0.08076781034469604 11
1653292530798 0.08712353557348251 12
1653292530813 0.08712353557348251 12
1653292538319 0.05055709555745125 13
1653292538335 0.05055709555745125 13
1653292544854 0.04160420596599579 14
1653292544869 0.04160420596599579 14
1653292551581 0.038847118616104126 15
1653292551595 0.038847118616104126 15
1653292558117 0.04175272956490517 16
1653292558132 0.04175272956490517 16
1653292565454 0.03041527420282364 17
1653292565471 0.03041527420282364 17
1653292573859 0.02539047785103321 18
1653292573875 0.02539047785103321 18
1653292580399 0.025791171938180923 19
1653292580414 0.025791171938180923 19
