1653295141032 0.5220422744750977 0
1653295141047 0.5220422744750977 0
1653295148365 0.5487914681434631 1
1653295148379 0.5487914681434631 1
1653295155300 0.5573465824127197 2
1653295155314 0.5573465824127197 2
1653295162206 0.5742429494857788 3
1653295162221 0.5742429494857788 3
1653295169581 0.5953987836837769 4
1653295169595 0.5953987836837769 4
1653295175928 0.6292786598205566 5
1653295175941 0.6292786598205566 5
1653295182946 0.6325166821479797 6
1653295182961 0.6325166821479797 6
1653295189267 0.6656463146209717 7
1653295189280 0.6656463146209717 7
1653295195309 0.6768532991409302 8
1653295195323 0.6768532991409302 8
1653295202231 0.6735029816627502 9
1653295202245 0.6735029816627502 9
1653295208400 0.7147830724716187 10
1653295208413 0.7147830724716187 10
1653295215257 0.6845766305923462 11
1653295215271 0.6845766305923462 11
1653295221083 0.6991816163063049 12
1653295221096 0.6991816163063049 12
1653295227030 0.7001285552978516 13
1653295227044 0.7001285552978516 13
1653295233976 0.7195425033569336 14
1653295233990 0.7195425033569336 14
1653295240897 0.7249920964241028 15
1653295240911 0.7249920964241028 15
1653295247679 0.7443546056747437 16
1653295247693 0.7443546056747437 16
1653295254966 0.7279020547866821 17
1653295254980 0.7279020547866821 17
1653295261962 0.7615208625793457 18
1653295261976 0.7615208625793457 18
1653295268867 0.7533541321754456 19
1653295268881 0.7533541321754456 19
