1653295141032 0.6428657174110413 0
1653295141047 0.6428657174110413 0
1653295148365 0.6293065547943115 1
1653295148379 0.6293065547943115 1
1653295155300 0.6311845779418945 2
1653295155314 0.6311845779418945 2
1653295162206 0.6295856237411499 3
1653295162221 0.6295856237411499 3
1653295169581 0.6223874688148499 4
1653295169595 0.6223874688148499 4
1653295175928 0.6125604510307312 5
1653295175941 0.6125604510307312 5
1653295182946 0.6111889481544495 6
1653295182961 0.6111889481544495 6
1653295189267 0.5949239730834961 7
1653295189280 0.5949239730834961 7
1653295195309 0.5946115851402283 8
1653295195323 0.5946115851402283 8
1653295202231 0.5923336148262024 9
1653295202245 0.5923336148262024 9
1653295208400 0.5726972818374634 10
1653295208413 0.5726972818374634 10
1653295215257 0.5879716873168945 11
1653295215271 0.5879716873168945 11
1653295221083 0.5739843845367432 12
1653295221096 0.5739843845367432 12
1653295227030 0.5769661664962769 13
1653295227044 0.5769661664962769 13
1653295233976 0.5672401189804077 14
1653295233990 0.5672401189804077 14
1653295240897 0.5625603795051575 15
1653295240911 0.5625603795051575 15
1653295247679 0.5410390496253967 16
1653295247693 0.5410390496253967 16
1653295254966 0.5593534111976624 17
1653295254980 0.5593534111976624 17
1653295261962 0.5345442891120911 18
1653295261976 0.5345442891120911 18
1653295268867 0.5400893092155457 19
1653295268881 0.5400893092155457 19
