1653295141032 0.2511649429798126 0
1653295141047 0.2511649429798126 0
1653295148365 0.249447762966156 1
1653295148379 0.249447762966156 1
1653295155300 0.2487892210483551 2
1653295155314 0.2487892210483551 2
1653295162206 0.24830718338489532 3
1653295162221 0.24830718338489532 3
1653295169581 0.23880547285079956 4
1653295169595 0.23880547285079956 4
1653295175928 0.23908106982707977 5
1653295175941 0.23908106982707977 5
1653295182946 0.23180507123470306 6
1653295182961 0.23180507123470306 6
1653295189267 0.23029449582099915 7
1653295189280 0.23029449582099915 7
1653295195309 0.22125038504600525 8
1653295195323 0.22125038504600525 8
1653295202231 0.2272506207227707 9
1653295202245 0.2272506207227707 9
1653295208400 0.2147449254989624 10
1653295208413 0.2147449254989624 10
1653295215257 0.2148798108100891 11
1653295215271 0.2148798108100891 11
1653295221083 0.21373558044433594 12
1653295221096 0.21373558044433594 12
1653295227030 0.21367929875850677 13
1653295227044 0.21367929875850677 13
1653295233976 0.20713859796524048 14
1653295233990 0.20713859796524048 14
1653295240897 0.20418642461299896 15
1653295240911 0.20418642461299896 15
1653295247679 0.19794079661369324 16
1653295247693 0.19794079661369324 16
1653295254966 0.20464885234832764 17
1653295254980 0.20464885234832764 17
1653295261962 0.18895907700061798 18
1653295261976 0.18895907700061798 18
1653295268867 0.19141733646392822 19
1653295268881 0.19141733646392822 19
