1653295141032 0.09789996594190598 0
1653295141047 0.09789996594190598 0
1653295148365 0.096457839012146 1
1653295148379 0.096457839012146 1
1653295155300 0.09915301948785782 2
1653295155314 0.09915301948785782 2
1653295162206 0.10522376745939255 3
1653295162221 0.10522376745939255 3
1653295169581 0.08990724384784698 4
1653295169595 0.08990724384784698 4
1653295175928 0.09294607490301132 5
1653295175941 0.09294607490301132 5
1653295182946 0.0870404839515686 6
1653295182961 0.0870404839515686 6
1653295189267 0.08814803510904312 7
1653295189280 0.08814803510904312 7
1653295195309 0.07817459851503372 8
1653295195323 0.07817459851503372 8
1653295202231 0.08242101222276688 9
1653295202245 0.08242101222276688 9
1653295208400 0.07266020774841309 10
1653295208413 0.07266020774841309 10
1653295215257 0.07762351632118225 11
1653295215271 0.07762351632118225 11
1653295221083 0.06653624773025513 12
1653295221096 0.06653624773025513 12
1653295227030 0.07513151317834854 13
1653295227044 0.07513151317834854 13
1653295233976 0.06713183224201202 14
1653295233990 0.06713183224201202 14
1653295240897 0.06745219975709915 15
1653295240911 0.06745219975709915 15
1653295247679 0.06463633477687836 16
1653295247693 0.06463633477687836 16
1653295254966 0.06717091053724289 17
1653295254980 0.06717091053724289 17
1653295261962 0.05689843371510506 18
1653295261976 0.05689843371510506 18
1653295268867 0.05221860855817795 19
1653295268881 0.05221860855817795 19
