1653295141032 0.678009569644928 0
1653295141047 0.678009569644928 0
1653295148365 0.6648807525634766 1
1653295148379 0.6648807525634766 1
1653295155300 0.6671236157417297 2
1653295155314 0.6671236157417297 2
1653295162206 0.6497440934181213 3
1653295162221 0.6497440934181213 3
1653295169581 0.6361345052719116 4
1653295169595 0.6361345052719116 4
1653295175928 0.5991655588150024 5
1653295175941 0.5991655588150024 5
1653295182946 0.6042811870574951 6
1653295182961 0.6042811870574951 6
1653295189267 0.5987792015075684 7
1653295189280 0.5987792015075684 7
1653295195309 0.5638017058372498 8
1653295195323 0.5638017058372498 8
1653295202231 0.5957578420639038 9
1653295202245 0.5957578420639038 9
1653295208400 0.5339808464050293 10
1653295208413 0.5339808464050293 10
1653295215257 0.5435605645179749 11
1653295215271 0.5435605645179749 11
1653295221083 0.5546066164970398 12
1653295221096 0.5546066164970398 12
1653295227030 0.5369661450386047 13
1653295227044 0.5369661450386047 13
1653295233976 0.5325378179550171 14
1653295233990 0.5325378179550171 14
1653295240897 0.5175399780273438 15
1653295240911 0.5175399780273438 15
1653295247679 0.48790279030799866 16
1653295247693 0.48790279030799866 16
1653295254966 0.5215715765953064 17
1653295254980 0.5215715765953064 17
1653295261962 0.4767880141735077 18
1653295261976 0.4767880141735077 18
1653295268867 0.5035902261734009 19
1653295268881 0.5035902261734009 19
