1653295141032 0.029305553063750267 0
1653295141047 0.029305553063750267 0
1653295148365 0.02868419885635376 1
1653295148379 0.02868419885635376 1
1653295155300 0.028996584936976433 2
1653295155314 0.028996584936976433 2
1653295162206 0.02900785207748413 3
1653295162221 0.02900785207748413 3
1653295169581 0.026333587244153023 4
1653295169595 0.026333587244153023 4
1653295175928 0.029082072898745537 5
1653295175941 0.029082072898745537 5
1653295182946 0.02959500253200531 6
1653295182961 0.02959500253200531 6
1653295189267 0.0260419100522995 7
1653295189280 0.0260419100522995 7
1653295195309 0.023753391578793526 8
1653295195323 0.023753391578793526 8
1653295202231 0.02643416076898575 9
1653295202245 0.02643416076898575 9
1653295208400 0.023694051429629326 10
1653295208413 0.023694051429629326 10
1653295215257 0.02496872842311859 11
1653295215271 0.02496872842311859 11
1653295221083 0.02697964385151863 12
1653295221096 0.02697964385151863 12
1653295227030 0.022760726511478424 13
1653295227044 0.022760726511478424 13
1653295233976 0.023151354864239693 14
1653295233990 0.023151354864239693 14
1653295240897 0.021106375381350517 15
1653295240911 0.021106375381350517 15
1653295247679 0.020750397816300392 16
1653295247693 0.020750397816300392 16
1653295254966 0.024029381573200226 17
1653295254980 0.024029381573200226 17
1653295261962 0.016673557460308075 18
1653295261976 0.016673557460308075 18
1653295268867 0.021601814776659012 19
1653295268881 0.021601814776659012 19
