1653295141032 0.24249199032783508 0
1653295141047 0.24249199032783508 0
1653295148365 0.25226759910583496 1
1653295148379 0.25226759910583496 1
1653295155300 0.2432972490787506 2
1653295155314 0.2432972490787506 2
1653295162206 0.24617797136306763 3
1653295162221 0.24617797136306763 3
1653295169581 0.2365507036447525 4
1653295169595 0.2365507036447525 4
1653295175928 0.25991660356521606 5
1653295175941 0.25991660356521606 5
1653295182946 0.2301853895187378 6
1653295182961 0.2301853895187378 6
1653295189267 0.23783648014068604 7
1653295189280 0.23783648014068604 7
1653295195309 0.23437456786632538 8
1653295195323 0.23437456786632538 8
1653295202231 0.2333952635526657 9
1653295202245 0.2333952635526657 9
1653295208400 0.24135060608386993 10
1653295208413 0.24135060608386993 10
1653295215257 0.22088104486465454 11
1653295215271 0.22088104486465454 11
1653295221083 0.22554610669612885 12
1653295221096 0.22554610669612885 12
1653295227030 0.23071980476379395 13
1653295227044 0.23071980476379395 13
1653295233976 0.21728162467479706 14
1653295233990 0.21728162467479706 14
1653295240897 0.2181205451488495 15
1653295240911 0.2181205451488495 15
1653295247679 0.22316749393939972 16
1653295247693 0.22316749393939972 16
1653295254966 0.21574509143829346 17
1653295254980 0.21574509143829346 17
1653295261962 0.20675988495349884 18
1653295261976 0.20675988495349884 18
1653295268867 0.19694188237190247 19
1653295268881 0.19694188237190247 19
