1653296386336 0.521944522857666 0
1653296386354 0.521944522857666 0
1653296392845 0.5365553498268127 1
1653296392866 0.5365553498268127 1
1653296400661 0.5614596009254456 2
1653296400677 0.5614596009254456 2
1653296407955 0.5877388715744019 3
1653296407972 0.5877388715744019 3
1653296415306 0.6099423766136169 4
1653296415322 0.6099423766136169 4
1653296421878 0.6386802792549133 5
1653296421893 0.6386802792549133 5
1653296429663 0.6475039720535278 6
1653296429680 0.6475039720535278 6
1653296436263 0.6622958779335022 7
1653296436278 0.6622958779335022 7
1653296443889 0.6693398356437683 8
1653296443905 0.6693398356437683 8
1653296450394 0.6948551535606384 9
1653296450409 0.6948551535606384 9
1653296457867 0.6743122935295105 10
1653296457883 0.6743122935295105 10
1653296464387 0.7047336101531982 11
1653296464402 0.7047336101531982 11
1653296471732 0.701350748538971 12
1653296471749 0.701350748538971 12
1653296478816 0.7161079049110413 13
1653296478831 0.7161079049110413 13
1653296486058 0.7118762135505676 14
1653296486074 0.7118762135505676 14
1653296492453 0.7445335388183594 15
1653296492469 0.7445335388183594 15
1653296499022 0.742054283618927 16
1653296499037 0.742054283618927 16
1653296506911 0.7344024777412415 17
1653296506928 0.7344024777412415 17
1653296513329 0.775284469127655 18
1653296513344 0.775284469127655 18
1653296520222 0.7525940537452698 19
1653296520237 0.7525940537452698 19
