1653296386336 0.6379982829093933 0
1653296386354 0.6379982829093933 0
1653296392845 0.6322633028030396 1
1653296392866 0.6322633028030396 1
1653296400661 0.629397451877594 2
1653296400677 0.629397451877594 2
1653296407955 0.627017080783844 3
1653296407972 0.627017080783844 3
1653296415306 0.6194491386413574 4
1653296415322 0.6194491386413574 4
1653296421878 0.6109492778778076 5
1653296421893 0.6109492778778076 5
1653296429663 0.6028652191162109 6
1653296429680 0.6028652191162109 6
1653296436263 0.6019225120544434 7
1653296436278 0.6019225120544434 7
1653296443889 0.5920844674110413 8
1653296443905 0.5920844674110413 8
1653296450394 0.5804445147514343 9
1653296450409 0.5804445147514343 9
1653296457867 0.5970041155815125 10
1653296457883 0.5970041155815125 10
1653296464387 0.5716415643692017 11
1653296464402 0.5716415643692017 11
1653296471732 0.5755689144134521 12
1653296471749 0.5755689144134521 12
1653296478816 0.5694959759712219 13
1653296478831 0.5694959759712219 13
1653296486058 0.563823938369751 14
1653296486074 0.563823938369751 14
1653296492453 0.5446273684501648 15
1653296492469 0.5446273684501648 15
1653296499022 0.5475473999977112 16
1653296499037 0.5475473999977112 16
1653296506911 0.5510114431381226 17
1653296506928 0.5510114431381226 17
1653296513329 0.5296522378921509 18
1653296513344 0.5296522378921509 18
1653296520222 0.5365289449691772 19
1653296520237 0.5365289449691772 19
