1653296386336 0.2208433598279953 0
1653296386354 0.2208433598279953 0
1653296392845 0.21665169298648834 1
1653296392866 0.21665169298648834 1
1653296400661 0.21990786492824554 2
1653296400677 0.21990786492824554 2
1653296407955 0.2156306654214859 3
1653296407972 0.2156306654214859 3
1653296415306 0.21532025933265686 4
1653296415322 0.21532025933265686 4
1653296421878 0.20848597586154938 5
1653296421893 0.20848597586154938 5
1653296429663 0.20127278566360474 6
1653296429680 0.20127278566360474 6
1653296436263 0.20149631798267365 7
1653296436278 0.20149631798267365 7
1653296443889 0.1960899531841278 8
1653296443905 0.1960899531841278 8
1653296450394 0.19456124305725098 9
1653296450409 0.19456124305725098 9
1653296457867 0.19359424710273743 10
1653296457883 0.19359424710273743 10
1653296464387 0.19440941512584686 11
1653296464402 0.19440941512584686 11
1653296471732 0.1846926063299179 12
1653296471749 0.1846926063299179 12
1653296478816 0.18553754687309265 13
1653296478831 0.18553754687309265 13
1653296486058 0.17884738743305206 14
1653296486074 0.17884738743305206 14
1653296492453 0.1785540133714676 15
1653296492469 0.1785540133714676 15
1653296499022 0.1740109920501709 16
1653296499037 0.1740109920501709 16
1653296506911 0.1718660593032837 17
1653296506928 0.1718660593032837 17
1653296513329 0.16767312586307526 18
1653296513344 0.16767312586307526 18
1653296520222 0.16986049711704254 19
1653296520237 0.16986049711704254 19
