1653296386336 0.09593351930379868 0
1653296386354 0.09593351930379868 0
1653296392845 0.09900826215744019 1
1653296392866 0.09900826215744019 1
1653296400661 0.09886487573385239 2
1653296400677 0.09886487573385239 2
1653296407955 0.09601803869009018 3
1653296407972 0.09601803869009018 3
1653296415306 0.09560312330722809 4
1653296415322 0.09560312330722809 4
1653296421878 0.09160573035478592 5
1653296421893 0.09160573035478592 5
1653296429663 0.08072479814291 6
1653296429680 0.08072479814291 6
1653296436263 0.08550070226192474 7
1653296436278 0.08550070226192474 7
1653296443889 0.08792590349912643 8
1653296443905 0.08792590349912643 8
1653296450394 0.07221978157758713 9
1653296450409 0.07221978157758713 9
1653296457867 0.08642172813415527 10
1653296457883 0.08642172813415527 10
1653296464387 0.06942025572061539 11
1653296464402 0.06942025572061539 11
1653296471732 0.06943826377391815 12
1653296471749 0.06943826377391815 12
1653296478816 0.07285750657320023 13
1653296478831 0.07285750657320023 13
1653296486058 0.06314510852098465 14
1653296486074 0.06314510852098465 14
1653296492453 0.06369306147098541 15
1653296492469 0.06369306147098541 15
1653296499022 0.06775039434432983 16
1653296499037 0.06775039434432983 16
1653296506911 0.06530750542879105 17
1653296506928 0.06530750542879105 17
1653296513329 0.05832647904753685 18
1653296513344 0.05832647904753685 18
1653296520222 0.06014076992869377 19
1653296520237 0.06014076992869377 19
