1653296386336 0.6740407347679138 0
1653296386354 0.6740407347679138 0
1653296392845 0.6643915772438049 1
1653296392866 0.6643915772438049 1
1653296400661 0.6663636565208435 2
1653296400677 0.6663636565208435 2
1653296407955 0.6466227769851685 3
1653296407972 0.6466227769851685 3
1653296415306 0.655211865901947 4
1653296415322 0.655211865901947 4
1653296421878 0.6001347303390503 5
1653296421893 0.6001347303390503 5
1653296429663 0.6007837653160095 6
1653296429680 0.6007837653160095 6
1653296436263 0.5798693299293518 7
1653296436278 0.5798693299293518 7
1653296443889 0.5693178176879883 8
1653296443905 0.5693178176879883 8
1653296450394 0.5579010248184204 9
1653296450409 0.5579010248184204 9
1653296457867 0.5531201958656311 10
1653296457883 0.5531201958656311 10
1653296464387 0.554250180721283 11
1653296464402 0.554250180721283 11
1653296471732 0.5277021527290344 12
1653296471749 0.5277021527290344 12
1653296478816 0.5473940968513489 13
1653296478831 0.5473940968513489 13
1653296486058 0.5037959814071655 14
1653296486074 0.5037959814071655 14
1653296492453 0.5037428140640259 15
1653296492469 0.5037428140640259 15
1653296499022 0.501665472984314 16
1653296499037 0.501665472984314 16
1653296506911 0.4966414272785187 17
1653296506928 0.4966414272785187 17
1653296513329 0.4736674427986145 18
1653296513344 0.4736674427986145 18
1653296520222 0.48431071639060974 19
1653296520237 0.48431071639060974 19
