1653296386336 0.029062820598483086 0
1653296386354 0.029062820598483086 0
1653296392845 0.028215138241648674 1
1653296392866 0.028215138241648674 1
1653296400661 0.02683093398809433 2
1653296400677 0.02683093398809433 2
1653296407955 0.031414758414030075 3
1653296407972 0.031414758414030075 3
1653296415306 0.024747442454099655 4
1653296415322 0.024747442454099655 4
1653296421878 0.03431926667690277 5
1653296421893 0.03431926667690277 5
1653296429663 0.025065874680876732 6
1653296429680 0.025065874680876732 6
1653296436263 0.02545187622308731 7
1653296436278 0.02545187622308731 7
1653296443889 0.023676112294197083 8
1653296443905 0.023676112294197083 8
1653296450394 0.0309696514159441 9
1653296450409 0.0309696514159441 9
1653296457867 0.017955094575881958 10
1653296457883 0.017955094575881958 10
1653296464387 0.029000546783208847 11
1653296464402 0.029000546783208847 11
1653296471732 0.024762757122516632 12
1653296471749 0.024762757122516632 12
1653296478816 0.02050408534705639 13
1653296478831 0.02050408534705639 13
1653296486058 0.025914719328284264 14
1653296486074 0.025914719328284264 14
1653296492453 0.02110433392226696 15
1653296492469 0.02110433392226696 15
1653296499022 0.02214944362640381 16
1653296499037 0.02214944362640381 16
1653296506911 0.020990079268813133 17
1653296506928 0.020990079268813133 17
1653296513329 0.022977881133556366 18
1653296513344 0.022977881133556366 18
1653296520222 0.020376693457365036 19
1653296520237 0.020376693457365036 19
