1653296386336 0.2501614987850189 0
1653296386354 0.2501614987850189 0
1653296392845 0.23852600157260895 1
1653296392866 0.23852600157260895 1
1653296400661 0.24694252014160156 2
1653296400677 0.24694252014160156 2
1653296407955 0.2482929676771164 3
1653296407972 0.2482929676771164 3
1653296415306 0.2444494366645813 4
1653296415322 0.2444494366645813 4
1653296421878 0.24070581793785095 5
1653296421893 0.24070581793785095 5
1653296429663 0.22409532964229584 6
1653296429680 0.22409532964229584 6
1653296436263 0.23921096324920654 7
1653296436278 0.23921096324920654 7
1653296443889 0.22717145085334778 8
1653296443905 0.22717145085334778 8
1653296450394 0.2321951985359192 9
1653296450409 0.2321951985359192 9
1653296457867 0.22295229136943817 10
1653296457883 0.22295229136943817 10
1653296464387 0.2311551868915558 11
1653296464402 0.2311551868915558 11
1653296471732 0.2134624421596527 12
1653296471749 0.2134624421596527 12
1653296478816 0.2077648937702179 13
1653296478831 0.2077648937702179 13
1653296486058 0.23281674087047577 14
1653296486074 0.23281674087047577 14
1653296492453 0.20608043670654297 15
1653296492469 0.20608043670654297 15
1653296499022 0.20079344511032104 16
1653296499037 0.20079344511032104 16
1653296506911 0.19831480085849762 17
1653296506928 0.19831480085849762 17
1653296513329 0.19007383286952972 18
1653296513344 0.19007383286952972 18
1653296520222 0.20930661261081696 19
1653296520237 0.20930661261081696 19
