1653296386336 0.10256218910217285 0
1653296386354 0.10256218910217285 0
1653296392845 0.09751985222101212 1
1653296392866 0.09751985222101212 1
1653296400661 0.10798652470111847 2
1653296400677 0.10798652470111847 2
1653296407955 0.09591526538133621 3
1653296407972 0.09591526538133621 3
1653296415306 0.10347065329551697 4
1653296415322 0.10347065329551697 4
1653296421878 0.10140559077262878 5
1653296421893 0.10140559077262878 5
1653296429663 0.10398896783590317 6
1653296429680 0.10398896783590317 6
1653296436263 0.09917189180850983 7
1653296436278 0.09917189180850983 7
1653296443889 0.09234566241502762 8
1653296443905 0.09234566241502762 8
1653296450394 0.09968665987253189 9
1653296450409 0.09968665987253189 9
1653296457867 0.09849361330270767 10
1653296457883 0.09849361330270767 10
1653296464387 0.1103830561041832 11
1653296464402 0.1103830561041832 11
1653296471732 0.0957428514957428 12
1653296471749 0.0957428514957428 12
1653296478816 0.09723649173974991 13
1653296478831 0.09723649173974991 13
1653296486058 0.07395798712968826 14
1653296486074 0.07395798712968826 14
1653296492453 0.10771139711141586 15
1653296492469 0.10771139711141586 15
1653296499022 0.08474726229906082 16
1653296499037 0.08474726229906082 16
1653296506911 0.08147398382425308 17
1653296506928 0.08147398382425308 17
1653296513329 0.09444192796945572 18
1653296513344 0.09444192796945572 18
1653296520222 0.08096706122159958 19
1653296520237 0.08096706122159958 19
