1653291803379 0.6415363550186157 0
1653291803392 0.6415363550186157 0
1653291810290 0.6291447877883911 1
1653291810304 0.6291447877883911 1
1653291816728 0.6317216157913208 2
1653291816741 0.6317216157913208 2
1653291823157 0.626865565776825 3
1653291823169 0.626865565776825 3
1653291830191 0.6161292791366577 4
1653291830204 0.6161292791366577 4
1653291836743 0.6100983023643494 5
1653291836755 0.6100983023643494 5
1653291842885 0.6025316119194031 6
1653291842897 0.6025316119194031 6
1653291849325 0.5879577398300171 7
1653291849338 0.5879577398300171 7
1653291856604 0.6025750041007996 8
1653291856618 0.6025750041007996 8
1653291863760 0.5799435973167419 9
1653291863773 0.5799435973167419 9
1653291870139 0.5878409743309021 10
1653291870151 0.5878409743309021 10
1653291876315 0.5707008242607117 11
1653291876327 0.5707008242607117 11
1653291882710 0.577507495880127 12
1653291882722 0.577507495880127 12
1653291889700 0.549429178237915 13
1653291889713 0.549429178237915 13
1653291897214 0.5622856616973877 14
1653291897228 0.5622856616973877 14
1653291903444 0.5452519059181213 15
1653291903456 0.5452519059181213 15
1653291909485 0.5515087246894836 16
1653291909497 0.5515087246894836 16
1653291916682 0.5511060357093811 17
1653291916694 0.5511060357093811 17
1653291924027 0.520738422870636 18
1653291924040 0.520738422870636 18
1653291930061 0.5278605222702026 19
1653291930074 0.5278605222702026 19
