1653291803379 0.5120231509208679 0
1653291803392 0.5120231509208679 0
1653291810290 0.5527843236923218 1
1653291810304 0.5527843236923218 1
1653291816728 0.558157742023468 2
1653291816741 0.558157742023468 2
1653291823157 0.6047960519790649 3
1653291823169 0.6047960519790649 3
1653291830191 0.603020191192627 4
1653291830204 0.603020191192627 4
1653291836743 0.6400904059410095 5
1653291836755 0.6400904059410095 5
1653291842885 0.6512531638145447 6
1653291842897 0.6512531638145447 6
1653291849325 0.671286940574646 7
1653291849338 0.671286940574646 7
1653291856604 0.6678059101104736 8
1653291856618 0.6678059101104736 8
1653291863760 0.6947484612464905 9
1653291863773 0.6947484612464905 9
1653291870139 0.6817128658294678 10
1653291870151 0.6817128658294678 10
1653291876315 0.7108317613601685 11
1653291876327 0.7108317613601685 11
1653291882710 0.7000234723091125 12
1653291882722 0.7000234723091125 12
1653291889700 0.7421560883522034 13
1653291889713 0.7421560883522034 13
1653291897214 0.7320658564567566 14
1653291897228 0.7320658564567566 14
1653291903444 0.7465769648551941 15
1653291903456 0.7465769648551941 15
1653291909485 0.7345279455184937 16
1653291909497 0.7345279455184937 16
1653291916682 0.7464820742607117 17
1653291916694 0.7464820742607117 17
1653291924027 0.7749251127243042 18
1653291924040 0.7749251127243042 18
1653291930061 0.7681012153625488 19
1653291930074 0.7681012153625488 19
