1653291803379 0.25165310502052307 0
1653291803392 0.25165310502052307 0
1653291810290 0.2482793629169464 1
1653291810304 0.2482793629169464 1
1653291816728 0.24395520985126495 2
1653291816741 0.24395520985126495 2
1653291823157 0.25031182169914246 3
1653291823169 0.25031182169914246 3
1653291830191 0.23825839161872864 4
1653291830204 0.23825839161872864 4
1653291836743 0.2359994500875473 5
1653291836755 0.2359994500875473 5
1653291842885 0.22521072626113892 6
1653291842897 0.22521072626113892 6
1653291849325 0.2296571284532547 7
1653291849338 0.2296571284532547 7
1653291856604 0.2207297533750534 8
1653291856618 0.2207297533750534 8
1653291863760 0.21994777023792267 9
1653291863773 0.21994777023792267 9
1653291870139 0.21664971113204956 10
1653291870151 0.21664971113204956 10
1653291876315 0.21447522938251495 11
1653291876327 0.21447522938251495 11
1653291882710 0.20983320474624634 12
1653291882722 0.20983320474624634 12
1653291889700 0.19692304730415344 13
1653291889713 0.19692304730415344 13
1653291897214 0.20595000684261322 14
1653291897228 0.20595000684261322 14
1653291903444 0.1947770118713379 15
1653291903456 0.1947770118713379 15
1653291909485 0.20166602730751038 16
1653291909497 0.20166602730751038 16
1653291916682 0.19885674118995667 17
1653291916694 0.19885674118995667 17
1653291924027 0.188325896859169 18
1653291924040 0.188325896859169 18
1653291930061 0.17986156046390533 19
1653291930074 0.17986156046390533 19
