1653291803379 0.10058985650539398 0
1653291803392 0.10058985650539398 0
1653291810290 0.09891296178102493 1
1653291810304 0.09891296178102493 1
1653291816728 0.09999988228082657 2
1653291816741 0.09999988228082657 2
1653291823157 0.0976606160402298 3
1653291823169 0.0976606160402298 3
1653291830191 0.09423904120922089 4
1653291830204 0.09423904120922089 4
1653291836743 0.09429598599672318 5
1653291836755 0.09429598599672318 5
1653291842885 0.08483033627271652 6
1653291842897 0.08483033627271652 6
1653291849325 0.09346028417348862 7
1653291849338 0.09346028417348862 7
1653291856604 0.07391948997974396 8
1653291856618 0.07391948997974396 8
1653291863760 0.08276809006929398 9
1653291863773 0.08276809006929398 9
1653291870139 0.07515007257461548 10
1653291870151 0.07515007257461548 10
1653291876315 0.08064503967761993 11
1653291876327 0.08064503967761993 11
1653291882710 0.07740230858325958 12
1653291882722 0.07740230858325958 12
1653291889700 0.05782672390341759 13
1653291889713 0.05782672390341759 13
1653291897214 0.07895098626613617 14
1653291897228 0.07895098626613617 14
1653291903444 0.058791350573301315 15
1653291903456 0.058791350573301315 15
1653291909485 0.0740639716386795 16
1653291909497 0.0740639716386795 16
1653291916682 0.06432653963565826 17
1653291916694 0.06432653963565826 17
1653291924027 0.05504237487912178 18
1653291924040 0.05504237487912178 18
1653291930061 0.054170772433280945 19
1653291930074 0.054170772433280945 19
