1653291803379 0.6781156659126282 0
1653291803392 0.6781156659126282 0
1653291810290 0.670686662197113 1
1653291810304 0.670686662197113 1
1653291816728 0.6680072546005249 2
1653291816741 0.6680072546005249 2
1653291823157 0.6446604132652283 3
1653291823169 0.6446604132652283 3
1653291830191 0.6315247416496277 4
1653291830204 0.6315247416496277 4
1653291836743 0.6139156818389893 5
1653291836755 0.6139156818389893 5
1653291842885 0.5979636311531067 6
1653291842897 0.5979636311531067 6
1653291849325 0.5712877511978149 7
1653291849338 0.5712877511978149 7
1653291856604 0.5643173456192017 8
1653291856618 0.5643173456192017 8
1653291863760 0.5588080883026123 9
1653291863773 0.5588080883026123 9
1653291870139 0.5591043829917908 10
1653291870151 0.5591043829917908 10
1653291876315 0.5520534515380859 11
1653291876327 0.5520534515380859 11
1653291882710 0.5353381633758545 12
1653291882722 0.5353381633758545 12
1653291889700 0.4995137155056 13
1653291889713 0.4995137155056 13
1653291897214 0.5129080414772034 14
1653291897228 0.5129080414772034 14
1653291903444 0.4883824586868286 15
1653291903456 0.4883824586868286 15
1653291909485 0.5115430951118469 16
1653291909497 0.5115430951118469 16
1653291916682 0.4983729124069214 17
1653291916694 0.4983729124069214 17
1653291924027 0.47396036982536316 18
1653291924040 0.47396036982536316 18
1653291930061 0.4628758728504181 19
1653291930074 0.4628758728504181 19
