1653291803379 0.028530066832900047 0
1653291803392 0.028530066832900047 0
1653291810290 0.02813717909157276 1
1653291810304 0.02813717909157276 1
1653291816728 0.026759261265397072 2
1653291816741 0.026759261265397072 2
1653291823157 0.030756091699004173 3
1653291823169 0.030756091699004173 3
1653291830191 0.025424061343073845 4
1653291830204 0.025424061343073845 4
1653291836743 0.029754823073744774 5
1653291836755 0.029754823073744774 5
1653291842885 0.025751689448952675 6
1653291842897 0.025751689448952675 6
1653291849325 0.028559764847159386 7
1653291849338 0.028559764847159386 7
1653291856604 0.02545345388352871 8
1653291856618 0.02545345388352871 8
1653291863760 0.025616999715566635 9
1653291863773 0.025616999715566635 9
1653291870139 0.023143652826547623 10
1653291870151 0.023143652826547623 10
1653291876315 0.02646889165043831 11
1653291876327 0.02646889165043831 11
1653291882710 0.01993788406252861 12
1653291882722 0.01993788406252861 12
1653291889700 0.028788398951292038 13
1653291889713 0.028788398951292038 13
1653291897214 0.021545160561800003 14
1653291897228 0.021545160561800003 14
1653291903444 0.023133039474487305 15
1653291903456 0.023133039474487305 15
1653291909485 0.01913689263164997 16
1653291909497 0.01913689263164997 16
1653291916682 0.02077868953347206 17
1653291916694 0.02077868953347206 17
1653291924027 0.02035270445048809 18
1653291924040 0.02035270445048809 18
1653291930061 0.01883706822991371 19
1653291930074 0.01883706822991371 19
