1653291803379 0.24309180676937103 0
1653291803392 0.24309180676937103 0
1653291810290 0.2409411370754242 1
1653291810304 0.2409411370754242 1
1653291816728 0.22213338315486908 2
1653291816741 0.22213338315486908 2
1653291823157 0.26674601435661316 3
1653291823169 0.26674601435661316 3
1653291830191 0.2361140251159668 4
1653291830204 0.2361140251159668 4
1653291836743 0.23477259278297424 5
1653291836755 0.23477259278297424 5
1653291842885 0.21574603021144867 6
1653291842897 0.21574603021144867 6
1653291849325 0.2469974309206009 7
1653291849338 0.2469974309206009 7
1653291856604 0.230733260512352 8
1653291856618 0.230733260512352 8
1653291863760 0.23093973100185394 9
1653291863773 0.23093973100185394 9
1653291870139 0.2239823341369629 10
1653291870151 0.2239823341369629 10
1653291876315 0.2161836475133896 11
1653291876327 0.2161836475133896 11
1653291882710 0.21480664610862732 12
1653291882722 0.21480664610862732 12
1653291889700 0.20472462475299835 13
1653291889713 0.20472462475299835 13
1653291897214 0.21527397632598877 14
1653291897228 0.21527397632598877 14
1653291903444 0.21025069057941437 15
1653291903456 0.21025069057941437 15
1653291909485 0.2104996293783188 16
1653291909497 0.2104996293783188 16
1653291916682 0.21596747636795044 17
1653291916694 0.21596747636795044 17
1653291924027 0.20987127721309662 18
1653291924040 0.20987127721309662 18
1653291930061 0.1779821813106537 19
1653291930074 0.1779821813106537 19
