1653296742796 0.639143705368042 0
1653296742813 0.639143705368042 0
1653296750153 0.6300350427627563 1
1653296750170 0.6300350427627563 1
1653296757813 0.6316519975662231 2
1653296757830 0.6316519975662231 2
1653296764083 0.6273370385169983 3
1653296764098 0.6273370385169983 3
1653296770780 0.6160998940467834 4
1653296770795 0.6160998940467834 4
1653296778056 0.6120994091033936 5
1653296778074 0.6120994091033936 5
1653296784619 0.6038210391998291 6
1653296784634 0.6038210391998291 6
1653296791353 0.5989514589309692 7
1653296791369 0.5989514589309692 7
1653296797662 0.590418815612793 8
1653296797677 0.590418815612793 8
1653296804088 0.5883194208145142 9
1653296804104 0.5883194208145142 9
1653296811166 0.5823733806610107 10
1653296811182 0.5823733806610107 10
1653296817735 0.5852305889129639 11
1653296817751 0.5852305889129639 11
1653296824156 0.5734192728996277 12
1653296824172 0.5734192728996277 12
1653296830482 0.563199520111084 13
1653296830499 0.563199520111084 13
1653296837735 0.5720354914665222 14
1653296837752 0.5720354914665222 14
1653296844567 0.5506960153579712 15
1653296844582 0.5506960153579712 15
1653296850954 0.5510703921318054 16
1653296850971 0.5510703921318054 16
1653296858202 0.5560808181762695 17
1653296858218 0.5560808181762695 17
1653296864856 0.5359522700309753 18
1653296864871 0.5359522700309753 18
1653296871263 0.5345064997673035 19
1653296871278 0.5345064997673035 19
