1653296742796 0.5224490165710449 0
1653296742813 0.5224490165710449 0
1653296750153 0.5289421677589417 1
1653296750170 0.5289421677589417 1
1653296757813 0.5643969178199768 2
1653296757830 0.5643969178199768 2
1653296764083 0.5883264541625977 3
1653296764098 0.5883264541625977 3
1653296770780 0.6305888891220093 4
1653296770795 0.6305888891220093 4
1653296778056 0.6371333599090576 5
1653296778074 0.6371333599090576 5
1653296784619 0.647611677646637 6
1653296784634 0.647611677646637 6
1653296791353 0.669163703918457 7
1653296791369 0.669163703918457 7
1653296797662 0.6689367890357971 8
1653296797677 0.6689367890357971 8
1653296804088 0.6789342761039734 9
1653296804104 0.6789342761039734 9
1653296811166 0.705141007900238 10
1653296811182 0.705141007900238 10
1653296817735 0.6877389550209045 11
1653296817751 0.6877389550209045 11
1653296824156 0.709151029586792 12
1653296824172 0.709151029586792 12
1653296830482 0.718140721321106 13
1653296830499 0.718140721321106 13
1653296837735 0.7150082588195801 14
1653296837752 0.7150082588195801 14
1653296844567 0.7399960160255432 15
1653296844582 0.7399960160255432 15
1653296850954 0.7344781756401062 16
1653296850971 0.7344781756401062 16
1653296858202 0.7319390773773193 17
1653296858218 0.7319390773773193 17
1653296864856 0.7546067833900452 18
1653296864871 0.7546067833900452 18
1653296871263 0.7564045190811157 19
1653296871278 0.7564045190811157 19
