1653296742796 0.22152048349380493 0
1653296742813 0.22152048349380493 0
1653296750153 0.21925026178359985 1
1653296750170 0.21925026178359985 1
1653296757813 0.21784253418445587 2
1653296757830 0.21784253418445587 2
1653296764083 0.22000542283058167 3
1653296764098 0.22000542283058167 3
1653296770780 0.21047011017799377 4
1653296770795 0.21047011017799377 4
1653296778056 0.20741452276706696 5
1653296778074 0.20741452276706696 5
1653296784619 0.20987243950366974 6
1653296784634 0.20987243950366974 6
1653296791353 0.19800782203674316 7
1653296791369 0.19800782203674316 7
1653296797662 0.20057202875614166 8
1653296797677 0.20057202875614166 8
1653296804088 0.19622811675071716 9
1653296804104 0.19622811675071716 9
1653296811166 0.19895045459270477 10
1653296811182 0.19895045459270477 10
1653296817735 0.1904268115758896 11
1653296817751 0.1904268115758896 11
1653296824156 0.1902092546224594 12
1653296824172 0.1902092546224594 12
1653296830482 0.18131235241889954 13
1653296830499 0.18131235241889954 13
1653296837735 0.18504662811756134 14
1653296837752 0.18504662811756134 14
1653296844567 0.17871436476707458 15
1653296844582 0.17871436476707458 15
1653296850954 0.1753753125667572 16
1653296850971 0.1753753125667572 16
1653296858202 0.1811216175556183 17
1653296858218 0.1811216175556183 17
1653296864856 0.17053164541721344 18
1653296864871 0.17053164541721344 18
1653296871263 0.17155911028385162 19
1653296871278 0.17155911028385162 19
