1653296742796 0.09738394618034363 0
1653296742813 0.09738394618034363 0
1653296750153 0.09905353933572769 1
1653296750170 0.09905353933572769 1
1653296757813 0.1032954677939415 2
1653296757830 0.1032954677939415 2
1653296764083 0.09202773123979568 3
1653296764098 0.09202773123979568 3
1653296770780 0.10099124908447266 4
1653296770795 0.10099124908447266 4
1653296778056 0.0910528153181076 5
1653296778074 0.0910528153181076 5
1653296784619 0.09622026979923248 6
1653296784634 0.09622026979923248 6
1653296791353 0.08632238209247589 7
1653296791369 0.08632238209247589 7
1653296797662 0.08819504827260971 8
1653296797677 0.08819504827260971 8
1653296804088 0.07241830229759216 9
1653296804104 0.07241830229759216 9
1653296811166 0.08038163185119629 10
1653296811182 0.08038163185119629 10
1653296817735 0.07672246545553207 11
1653296817751 0.07672246545553207 11
1653296824156 0.08000543713569641 12
1653296824172 0.08000543713569641 12
1653296830482 0.06840073317289352 13
1653296830499 0.06840073317289352 13
1653296837735 0.07319068163633347 14
1653296837752 0.07319068163633347 14
1653296844567 0.06558433175086975 15
1653296844582 0.06558433175086975 15
1653296850954 0.063424251973629 16
1653296850971 0.063424251973629 16
1653296858202 0.07066557556390762 17
1653296858218 0.07066557556390762 17
1653296864856 0.0638154000043869 18
1653296864871 0.0638154000043869 18
1653296871263 0.0685034841299057 19
1653296871278 0.0685034841299057 19
