1653296742796 0.6740351319313049 0
1653296742813 0.6740351319313049 0
1653296750153 0.6759719252586365 1
1653296750170 0.6759719252586365 1
1653296757813 0.6535673141479492 2
1653296757830 0.6535673141479492 2
1653296764083 0.6704484820365906 3
1653296764098 0.6704484820365906 3
1653296770780 0.631329357624054 4
1653296770795 0.631329357624054 4
1653296778056 0.6195191144943237 5
1653296778074 0.6195191144943237 5
1653296784619 0.5919514298439026 6
1653296784634 0.5919514298439026 6
1653296791353 0.5836278796195984 7
1653296791369 0.5836278796195984 7
1653296797662 0.5715222954750061 8
1653296797677 0.5715222954750061 8
1653296804088 0.5767064094543457 9
1653296804104 0.5767064094543457 9
1653296811166 0.5702635049819946 10
1653296811182 0.5702635049819946 10
1653296817735 0.550398588180542 11
1653296817751 0.550398588180542 11
1653296824156 0.5511330962181091 12
1653296824172 0.5511330962181091 12
1653296830482 0.521029531955719 13
1653296830499 0.521029531955719 13
1653296837735 0.5030838251113892 14
1653296837752 0.5030838251113892 14
1653296844567 0.508018434047699 15
1653296844582 0.508018434047699 15
1653296850954 0.5126341581344604 16
1653296850971 0.5126341581344604 16
1653296858202 0.5118389129638672 17
1653296858218 0.5118389129638672 17
1653296864856 0.48912352323532104 18
1653296864871 0.48912352323532104 18
1653296871263 0.4999240040779114 19
1653296871278 0.4999240040779114 19
