1653296742796 0.028326628729701042 0
1653296742813 0.028326628729701042 0
1653296750153 0.029063630849123 1
1653296750170 0.029063630849123 1
1653296757813 0.02513067238032818 2
1653296757830 0.02513067238032818 2
1653296764083 0.03131845220923424 3
1653296764098 0.03131845220923424 3
1653296770780 0.030263401567935944 4
1653296770795 0.030263401567935944 4
1653296778056 0.02519049681723118 5
1653296778074 0.02519049681723118 5
1653296784619 0.030198942869901657 6
1653296784634 0.030198942869901657 6
1653296791353 0.023469092324376106 7
1653296791369 0.023469092324376106 7
1653296797662 0.02744051069021225 8
1653296797677 0.02744051069021225 8
1653296804088 0.026975024491548538 9
1653296804104 0.026975024491548538 9
1653296811166 0.026277834549546242 10
1653296811182 0.026277834549546242 10
1653296817735 0.026298632845282555 11
1653296817751 0.026298632845282555 11
1653296824156 0.02007773332297802 12
1653296824172 0.02007773332297802 12
1653296830482 0.020266490057110786 13
1653296830499 0.020266490057110786 13
1653296837735 0.027760740369558334 14
1653296837752 0.027760740369558334 14
1653296844567 0.019438596442341805 15
1653296844582 0.019438596442341805 15
1653296850954 0.0205698199570179 16
1653296850971 0.0205698199570179 16
1653296858202 0.021773094311356544 17
1653296858218 0.021773094311356544 17
1653296864856 0.021299075335264206 18
1653296864871 0.021299075335264206 18
1653296871263 0.019191551953554153 19
1653296871278 0.019191551953554153 19
