1653296742796 0.24831227958202362 0
1653296742813 0.24831227958202362 0
1653296750153 0.24379198253154755 1
1653296750170 0.24379198253154755 1
1653296757813 0.2456839680671692 2
1653296757830 0.2456839680671692 2
1653296764083 0.25083717703819275 3
1653296764098 0.25083717703819275 3
1653296770780 0.23347285389900208 4
1653296770795 0.23347285389900208 4
1653296778056 0.23690669238567352 5
1653296778074 0.23690669238567352 5
1653296784619 0.25242915749549866 6
1653296784634 0.25242915749549866 6
1653296791353 0.2206299602985382 7
1653296791369 0.2206299602985382 7
1653296797662 0.23694434762001038 8
1653296797677 0.23694434762001038 8
1653296804088 0.2341051548719406 9
1653296804104 0.2341051548719406 9
1653296811166 0.2423429638147354 10
1653296811182 0.2423429638147354 10
1653296817735 0.207664355635643 11
1653296817751 0.207664355635643 11
1653296824156 0.22102488577365875 12
1653296824172 0.22102488577365875 12
1653296830482 0.2093300074338913 13
1653296830499 0.2093300074338913 13
1653296837735 0.22035932540893555 14
1653296837752 0.22035932540893555 14
1653296844567 0.20978040993213654 15
1653296844582 0.20978040993213654 15
1653296850954 0.20396684110164642 16
1653296850971 0.20396684110164642 16
1653296858202 0.20321141183376312 17
1653296858218 0.20321141183376312 17
1653296864856 0.20087431371212006 18
1653296864871 0.20087431371212006 18
1653296871263 0.19251321256160736 19
1653296871278 0.19251321256160736 19
