1653296742796 0.10632457584142685 0
1653296742813 0.10632457584142685 0
1653296750153 0.09918896108865738 1
1653296750170 0.09918896108865738 1
1653296757813 0.10261083394289017 2
1653296757830 0.10261083394289017 2
1653296764083 0.10573554039001465 3
1653296764098 0.10573554039001465 3
1653296770780 0.09253980964422226 4
1653296770795 0.09253980964422226 4
1653296778056 0.09835556149482727 5
1653296778074 0.09835556149482727 5
1653296784619 0.10550787299871445 6
1653296784634 0.10550787299871445 6
1653296791353 0.0982915610074997 7
1653296791369 0.0982915610074997 7
1653296797662 0.10110430419445038 8
1653296797677 0.10110430419445038 8
1653296804088 0.09652218222618103 9
1653296804104 0.09652218222618103 9
1653296811166 0.10163673758506775 10
1653296811182 0.10163673758506775 10
1653296817735 0.10309144854545593 11
1653296817751 0.10309144854545593 11
1653296824156 0.09841133654117584 12
1653296824172 0.09841133654117584 12
1653296830482 0.0973501056432724 13
1653296830499 0.0973501056432724 13
1653296837735 0.09992404282093048 14
1653296837752 0.09992404282093048 14
1653296844567 0.1003638431429863 15
1653296844582 0.1003638431429863 15
1653296850954 0.08716007322072983 16
1653296850971 0.08716007322072983 16
1653296858202 0.1057991236448288 17
1653296858218 0.1057991236448288 17
1653296864856 0.08427320420742035 18
1653296864871 0.08427320420742035 18
1653296871263 0.0884770080447197 19
1653296871278 0.0884770080447197 19
